-i 10000 -algo ga 
Iterations: 10000

Error results for GA
Target: Iris-versicolor
---------------------------
24.868
17.527
25.460
20.470
18.004
17.375
16.734
15.779
16.138
16.204
20.202
18.643
20.297
17.323
17.268
17.933
21.419
17.703
16.899
21.805
16.783
17.027
18.545
15.897
21.063
16.659
17.312
18.119
19.371
17.930
28.038
16.071
17.674
18.314
16.410
22.363
17.452
16.244
20.769
16.847
15.511
16.993
18.115
20.870
17.378
19.595
17.271
17.338
16.577
17.153
22.417
16.158
17.408
15.587
16.370
17.679
19.565
16.240
17.785
18.982
16.598
17.528
16.931
17.327
17.338
17.276
16.298
19.502
16.732
17.331
16.591
19.595
16.105
19.268
16.748
17.638
18.088
18.014
16.776
16.513
16.090
17.169
15.993
17.776
18.777
16.535
16.962
17.398
17.122
16.577
17.103
17.078
16.148
17.797
17.312
15.016
17.771
18.949
18.656
16.689
15.627
18.951
18.301
17.745
18.011
16.865
16.161
19.026
21.096
16.707
16.389
19.025
17.315
17.896
16.643
16.419
16.508
16.784
16.849
16.038
16.373
16.707
17.453
16.725
16.553
17.429
16.306
16.640
18.390
16.185
15.843
18.274
16.538
16.366
17.861
15.729
16.506
15.991
16.426
15.790
15.966
16.688
17.986
17.170
16.877
16.162
17.664
16.468
16.365
16.150
16.058
15.654
16.023
16.169
16.458
16.842
18.000
15.999
18.227
16.752
17.571
16.406
16.414
16.698
14.834
15.779
15.900
16.696
17.754
16.897
16.095
19.082
17.555
17.151
16.543
17.435
17.751
15.983
16.645
16.031
16.018
15.897
16.650
17.191
16.297
16.380
16.717
15.940
15.881
18.188
16.179
16.635
15.898
15.508
16.556
16.868
16.291
15.472
15.307
16.153
18.364
15.848
17.684
15.838
15.606
16.078
16.582
15.731
15.773
17.090
18.025
16.805
15.481
15.757
15.388
15.299
15.841
16.001
15.800
15.590
16.989
15.291
16.419
15.953
15.315
15.208
16.918
16.156
15.594
16.643
16.201
15.749
16.551
16.721
16.458
17.344
16.460
15.907
15.636
16.126
16.272
15.034
15.485
15.670
16.556
16.374
15.924
15.631
15.687
16.720
15.844
16.138
16.047
16.118
15.607
17.172
15.510
16.158
16.171
16.706
16.612
16.386
15.570
15.556
15.871
15.944
15.546
15.097
16.828
16.535
15.726
15.405
15.082
15.430
16.466
15.848
15.422
15.428
16.134
15.520
16.593
16.287
16.462
16.239
15.862
15.785
14.865
15.462
15.996
15.827
15.852
15.513
15.214
16.424
15.163
16.695
15.737
15.618
17.230
15.515
15.576
16.140
15.731
15.355
15.104
15.522
16.138
15.878
15.116
15.324
15.976
15.727
14.814
15.902
15.423
15.713
15.121
14.797
15.186
15.652
15.513
15.697
15.640
15.219
15.924
15.162
15.142
15.312
16.496
15.290
15.981
14.808
16.011
15.404
16.219
15.583
15.358
15.759
15.004
15.741
16.565
15.755
16.114
16.170
16.660
15.201
15.909
15.814
15.777
15.708
15.196
15.840
16.130
16.442
15.913
15.301
15.706
14.912
15.068
15.276
14.956
15.237
15.430
16.163
16.216
15.970
15.712
15.432
15.153
15.697
15.338
16.133
15.185
16.080
14.695
15.880
15.441
15.360
15.301
15.167
16.013
15.461
15.627
15.580
15.251
14.215
15.215
15.141
15.425
15.890
15.730
15.423
15.124
16.846
14.866
15.069
17.242
15.366
15.471
15.336
15.101
15.053
16.137
15.542
15.302
16.307
15.689
15.281
15.269
16.641
15.054
15.338
15.297
15.282
15.623
18.592
14.780
15.939
15.313
14.819
16.525
14.996
16.341
15.946
15.266
16.167
15.780
15.079
15.482
15.109
16.060
15.534
15.542
15.147
15.285
14.938
15.232
16.357
15.792
15.276
15.165
14.887
15.170
16.182
16.939
15.600
14.945
16.741
17.202
15.226
14.999
14.789
15.146
15.352
15.039
16.677
15.050
15.134
14.942
15.268
15.686
15.973
15.305
14.378
15.292
15.514
14.887
16.491
15.256
14.710
14.772
14.898
14.950
14.886
14.749
18.328
15.183
15.280
15.380
15.048
15.187
15.630
14.614
15.101
14.998
15.038
15.124
15.471
14.455
14.412
15.395
15.092
14.338
15.127
14.798
14.946
15.592
15.895
14.864
15.414
14.544
14.780
15.440
16.283
14.798
14.916
16.857
15.769
14.906
15.606
15.437
15.226
14.420
14.622
14.437
17.435
14.788
14.658
15.486
14.460
14.688
14.843
13.853
14.817
15.260
14.555
15.909
14.660
15.151
14.987
14.867
14.637
15.103
14.571
14.983
14.562
15.025
14.256
14.986
18.116
14.957
14.979
15.238
14.391
13.963
14.563
14.342
14.432
14.843
14.730
14.641
14.470
14.254
16.359
14.765
14.484
14.590
14.802
14.552
14.492
15.833
14.605
14.672
14.563
13.999
14.636
14.797
14.666
15.443
15.237
14.616
14.598
14.121
14.760
14.717
13.936
14.522
14.507
14.734
14.857
14.975
14.676
14.683
14.403
14.624
14.759
14.679
14.421
14.506
14.573
15.032
14.804
14.772
14.540
14.604
14.472
14.866
14.708
13.848
15.585
14.644
13.993
14.504
14.575
14.524
14.470
14.486
14.832
14.912
14.859
14.826
14.775
14.688
14.605
14.757
14.699
14.523
14.847
14.524
14.600
15.023
14.912
14.626
14.688
14.621
14.510
14.759
15.015
14.639
14.765
14.555
14.731
13.988
14.747
14.553
14.457
14.554
13.937
14.472
14.841
14.139
13.950
14.448
13.983
14.541
14.690
15.582
15.533
14.693
14.698
15.937
15.022
14.530
14.568
14.422
14.285
14.801
15.119
14.647
14.668
14.569
13.983
14.097
14.413
14.061
16.541
13.936
14.209
14.751
14.422
14.324
14.798
14.068
14.893
14.787
14.000
14.649
13.646
14.651
14.866
13.872
14.431
13.971
14.083
15.723
14.505
14.221
14.611
14.416
13.979
13.986
14.779
14.315
13.971
15.627
13.671
14.044
14.879
14.000
13.633
13.962
13.958
14.027
14.763
14.577
13.995
14.587
13.987
14.233
13.998
14.500
14.646
14.771
14.004
14.636
13.868
13.904
13.956
13.551
14.480
13.842
14.057
14.072
13.978
14.066
14.006
14.137
14.489
14.275
13.938
13.798
14.347
14.446
13.854
14.192
14.110
13.879
14.081
14.464
13.638
14.785
14.068
13.843
14.629
14.198
14.869
14.363
14.410
15.898
14.282
14.202
14.083
14.696
13.953
14.403
14.287
13.989
14.495
13.613
13.773
13.853
14.265
14.053
13.429
14.026
13.710
13.906
14.026
14.903
14.357
13.802
14.150
14.020
13.948
13.694
13.635
15.056
13.962
13.924
14.121
14.023
14.076
13.790
13.968
13.588
13.890
13.970
14.202
13.947
14.167
13.804
13.626
13.561
13.823
13.467
14.255
13.731
13.826
13.527
13.846
14.001
13.735
13.880
13.938
13.701
13.857
13.850
13.831
13.664
15.556
14.654
13.860
13.965
13.882
14.183
14.113
13.826
13.657
13.790
14.030
14.505
13.744
14.270
13.672
13.628
13.631
13.845
13.822
13.625
13.481
14.636
13.700
14.143
13.941
14.554
13.624
13.877
13.381
13.762
13.501
13.847
13.646
14.110
13.878
14.235
13.697
13.327
13.382
13.883
15.357
13.387
13.472
13.846
13.652
13.685
13.994
13.475
13.605
13.591
13.365
13.443
13.886
13.681
13.656
13.498
13.664
13.440
13.651
14.282
13.890
14.514
13.613
13.505
13.383
14.567
13.516
13.881
13.441
13.890
13.531
13.531
13.541
13.629
14.145
13.659
13.824
13.508
13.942
13.482
13.344
13.448
13.679
13.937
13.467
13.934
13.701
13.849
13.862
13.381
13.866
13.596
14.066
13.722
13.393
13.482
13.864
13.705
13.895
13.921
13.616
13.299
13.529
13.802
13.715
13.524
13.781
13.506
13.750
13.530
13.517
13.391
14.323
13.830
13.880
13.361
13.433
13.830
13.386
13.534
13.360
15.293
13.703
13.517
13.866
13.485
14.441
13.527
13.369
13.493
13.873
14.578
13.913
14.134
13.742
13.378
13.431
13.437
13.384
13.379
13.552
13.949
13.741
14.444
14.444
13.669
13.723
13.516
14.345
13.522
14.141
13.417
15.612
13.354
15.205
13.642
13.358
13.985
14.697
13.529
14.104
14.045
13.671
13.555
13.680
13.569
14.124
13.649
13.506
13.981
13.432
13.973
14.368
13.343
13.748
13.236
14.874
13.384
13.549
13.992
13.709
13.594
17.214
13.348
13.544
13.294
13.516
13.643
13.991
15.087
13.999
13.511
13.742
13.558
13.516
13.344
13.487
13.489
15.734
13.532
13.674
13.530
13.685
15.262
13.460
13.429
13.388
13.356
13.937
13.457
13.323
13.825
13.972
13.407
13.267
13.551
13.310
13.412
13.388
13.501
13.542
13.471
13.756
13.546
14.179
13.619
13.509
14.074
13.431
13.630
13.355
14.349
13.697
13.333
13.451
13.532
14.014
13.504
14.023
13.463
13.333
13.408
13.289
13.408
13.278
13.499
15.709
13.626
13.744
13.402
13.525
13.294
13.719
13.896
13.446
13.505
13.498
13.481
13.609
14.182
13.779
13.352
13.724
13.359
13.614
13.907
13.690
13.516
13.463
13.639
13.383
13.478
14.150
13.366
13.624
14.395
13.506
13.494
13.324
13.579
13.986
13.670
13.489
13.499
13.468
13.683
13.380
15.115
13.455
13.505
15.745
15.091
13.290
13.393
13.484
13.900
13.410
13.493
13.390
13.541
13.871
13.592
13.474
13.307
13.404
13.815
13.552
13.499
13.269
13.391
13.244
13.351
13.810
13.741
14.958
13.678
13.356
13.220
13.773
13.844
13.458
14.125
13.677
13.365
13.374
13.612
13.297
14.564
13.253
13.559
13.188
13.265
15.382
13.655
13.410
14.235
13.776
13.848
13.432
14.150
13.165
13.368
13.301
13.566
13.757
13.343
13.268
13.843
13.372
14.456
13.743
13.380
13.611
13.651
13.624
13.459
13.583
13.597
13.503
13.547
13.394
13.688
13.651
13.665
14.057
13.429
13.133
15.281
13.538
13.505
13.646
13.542
13.691
14.216
13.534
13.252
13.443
13.690
13.742
13.635
14.607
13.930
13.653
13.533
14.053
13.717
13.476
13.673
13.766
13.613
13.441
13.491
15.051
13.437
13.302
13.414
13.800
13.562
13.688
13.858
14.016
13.592
13.340
13.628
13.724
13.712
14.130
13.585
14.224
13.284
13.423
13.697
13.610
13.721
13.961
13.573
13.313
13.289
13.544
13.533
13.525
13.373
13.557
13.173
13.554
13.322
14.506
13.129
14.161
13.318
13.578
13.307
14.360
13.085
13.416
13.643
13.618
13.339
13.232
13.339
13.671
13.218
14.543
13.509
14.489
13.958
13.814
13.295
13.272
13.670
13.509
13.739
13.548
13.246
14.167
13.545
13.721
13.347
13.278
13.490
13.529
13.498
13.778
13.310
14.614
13.170
13.453
13.746
14.457
13.334
13.978
13.384
13.578
13.476
14.258
14.375
13.461
13.432
13.545
13.419
13.451
13.535
13.453
13.462
13.348
13.994
13.735
13.348
13.469
13.858
13.301
13.357
13.711
13.726
13.486
13.465
13.335
13.758
13.416
13.709
13.509
13.354
13.635
13.656
14.314
13.403
13.923
13.567
13.945
13.353
13.584
13.984
13.576
13.375
14.001
13.604
13.485
13.834
13.975
13.846
13.949
13.496
14.081
13.279
13.481
14.035
13.795
14.149
13.474
13.418
13.811
14.090
13.536
13.882
13.868
13.906
13.222
13.424
14.145
13.610
15.662
13.688
13.885
13.440
13.615
13.819
14.065
13.843
13.503
13.943
13.804
13.711
14.642
13.587
13.450
13.887
13.466
13.819
14.011
14.388
13.848
13.812
13.731
13.309
13.787
16.834
13.447
13.850
13.870
13.390
13.838
13.890
13.530
15.446
13.533
13.908
13.968
13.573
13.420
13.579
13.436
13.474
13.943
13.964
13.482
13.882
13.719
14.909
13.428
14.946
13.392
13.626
13.254
14.165
14.015
13.358
13.595
13.338
13.690
15.576
15.906
13.472
13.559
14.030
14.826
13.537
13.815
14.078
13.406
14.077
13.882
13.842
14.009
13.274
13.351
14.062
13.955
13.201
13.371
13.343
13.888
13.696
14.200
13.337
13.407
13.253
13.873
13.273
13.863
14.228
13.329
13.941
13.751
13.695
13.874
13.848
13.935
13.793
13.708
13.486
13.837
13.975
14.114
13.461
13.774
13.246
13.559
13.903
14.275
14.483
13.487
13.260
13.287
13.476
14.368
13.312
13.704
13.474
13.331
14.229
13.340
13.484
14.305
13.970
13.290
14.209
13.770
14.125
13.220
13.420
13.641
13.282
14.146
13.371
13.206
13.696
13.354
14.902
13.458
13.506
13.221
13.273
13.837
13.331
13.178
13.215
13.237
14.544
13.387
13.334
14.517
13.257
13.416
13.267
14.850
13.412
13.229
13.235
13.992
13.263
13.287
13.257
13.433
14.089
13.305
13.214
13.384
13.243
13.245
13.318
13.245
13.466
13.463
13.473
13.259
13.403
13.245
13.380
13.758
13.250
13.517
13.309
13.324
13.223
13.499
13.493
13.508
13.287
13.290
13.347
13.246
13.538
13.477
13.255
13.674
13.561
13.248
13.367
14.772
13.345
13.602
13.292
13.242
13.469
14.058
13.568
13.415
14.195
13.465
13.249
14.217
13.631
13.526
13.445
13.253
13.285
13.451
13.390
13.361
13.321
13.245
13.378
13.381
13.636
13.348
13.375
13.718
13.246
13.541
13.340
13.236
13.083
13.712
13.533
14.665
14.296
14.269
13.244
13.883
13.876
13.747
13.843
13.458
13.921
13.387
13.205
13.241
13.938
13.247
15.265
13.483
13.691
13.456
14.498
13.244
13.524
13.236
14.376
13.927
13.442
13.546
14.176
15.070
13.193
13.236
13.354
13.233
13.200
13.250
13.240
13.217
13.437
13.242
13.636
14.011
13.242
13.231
13.871
13.226
13.200
13.247
13.222
13.928
13.243
13.189
13.225
13.225
13.220
13.232
13.504
13.171
13.202
13.239
13.295
13.656
13.366
13.241
13.219
13.675
14.545
13.232
13.465
15.441
13.172
13.875
13.156
14.603
14.133
13.472
13.644
13.217
13.139
13.138
14.351
13.755
13.177
14.637
13.239
13.127
14.809
13.583
13.176
13.272
13.327
13.389
15.101
13.194
13.470
14.125
13.130
13.153
14.817
13.134
13.275
13.569
13.570
13.264
13.332
13.468
14.294
13.760
13.153
13.142
13.293
13.284
13.288
13.150
13.264
13.224
13.225
13.300
13.603
13.502
13.158
13.151
13.507
13.664
13.944
13.146
13.158
13.169
13.260
13.177
13.353
14.062
13.465
13.492
13.101
13.262
13.964
13.069
13.335
13.437
13.233
13.704
13.148
13.065
13.274
13.320
13.708
13.147
13.140
13.514
14.443
13.471
14.057
14.055
12.886
13.594
12.982
13.279
13.248
12.933
13.164
13.283
13.263
13.291
13.346
12.867
13.456
13.157
15.756
13.220
13.398
13.132
13.377
13.371
13.152
13.145
13.625
13.466
13.153
13.404
13.264
13.537
13.156
13.367
13.216
13.159
13.683
13.198
13.360
13.772
13.892
13.526
13.154
13.212
13.302
14.272
13.215
13.321
13.139
12.863
13.304
13.310
12.858
13.461
13.099
13.903
13.387
12.952
13.071
13.631
13.427
13.314
13.623
13.127
13.919
14.419
13.308
13.377
12.715
13.205
13.098
13.337
13.620
13.376
13.259
12.800
12.945
15.098
14.803
13.031
13.385
12.924
13.127
13.273
13.408
12.920
13.430
12.817
13.161
13.225
13.235
13.278
13.299
13.285
12.801
12.944
14.390
13.134
13.712
13.400
13.251
13.113
13.240
13.744
13.237
13.285
13.588
13.510
13.409
13.352
12.829
13.359
12.972
13.204
12.945
12.778
13.184
13.326
13.306
13.650
13.617
13.497
12.906
13.248
12.854
13.904
13.169
13.392
13.635
13.493
13.216
13.273
13.497
13.197
13.610
14.093
14.153
12.798
13.226
13.140
13.040
13.396
13.461
13.199
13.171
13.223
13.186
13.120
13.323
13.213
13.361
13.255
13.398
13.123
13.070
13.777
13.257
13.664
13.278
13.401
13.289
13.195
13.232
13.252
14.165
13.002
12.877
13.066
13.356
13.362
13.074
13.171
13.347
13.277
13.122
13.523
14.034
13.311
13.320
13.171
13.278
13.354
13.322
13.364
13.394
13.310
13.321
13.294
12.805
13.172
12.996
13.279
13.335
13.056
13.327
13.194
12.931
13.357
12.922
13.668
13.215
13.068
13.613
14.333
13.725
13.087
13.002
14.145
14.177
13.576
12.961
13.320
12.899
12.833
14.226
13.308
12.954
12.963
12.920
13.016
12.815
13.129
12.946
13.073
12.972
13.104
13.313
12.894
13.781
13.197
12.925
13.041
13.312
13.209
12.980
13.027
13.107
13.085
13.115
13.256
13.781
13.408
14.055
12.844
12.867
12.886
13.261
12.931
12.830
12.918
13.013
12.874
14.212
16.495
13.047
13.593
12.963
13.127
13.293
13.163
12.829
12.844
13.238
13.254
12.853
13.746
12.880
12.796
13.118
12.831
12.966
13.657
13.147
13.738
12.825
13.687
12.862
13.706
12.902
13.035
13.398
13.143
12.930
13.578
12.854
13.726
12.957
12.930
13.421
12.835
12.839
12.904
12.825
12.878
13.699
13.478
12.846
12.983
12.826
12.876
12.887
12.782
12.868
12.806
12.776
13.595
12.753
13.842
13.640
12.911
13.487
13.056
12.884
12.806
12.821
12.815
12.824
12.816
12.751
12.843
13.425
12.660
12.811
12.779
13.107
14.066
13.759
12.610
12.782
13.356
12.989
14.889
13.417
13.692
12.821
12.649
13.121
12.810
13.838
13.059
13.422
14.802
13.015
12.831
13.914
12.920
14.089
13.201
13.056
14.168
13.299
15.219
12.788
13.133
13.740
12.818
13.487
14.350
12.604
12.707
13.874
12.932
13.356
13.002
12.990
13.506
12.803
12.812
12.796
12.988
12.905
14.830
13.230
13.650
12.884
13.416
13.340
13.680
12.993
12.866
13.976
12.998
13.029
12.642
12.764
12.966
12.730
12.786
13.045
12.577
13.013
12.898
14.270
12.839
12.842
13.275
13.124
12.938
12.922
13.251
13.658
13.297
12.773
12.987
12.819
13.378
12.977
12.686
12.472
12.325
13.477
12.909
12.758
13.613
13.114
13.271
13.405
14.017
13.103
12.840
12.880
12.439
12.985
11.949
12.925
14.688
12.741
12.440
13.462
13.259
12.764
13.141
14.882
12.802
13.788
12.075
13.931
14.396
14.306
13.118
12.827
13.016
12.864
11.611
14.314
14.315
13.241
12.756
13.667
13.118
12.400
12.822
13.091
12.066
12.615
12.760
12.351
12.307
12.911
12.724
12.807
12.068
11.782
11.932
13.601
12.972
13.744
12.442
13.162
12.731
11.968
11.821
12.069
12.312
13.063
11.774
11.924
13.014
11.817
12.591
11.897
15.737
12.127
11.971
14.327
12.452
11.867
11.902
13.082
12.594
12.560
12.646
12.286
11.788
12.703
11.866
12.146
11.584
12.755
12.192
12.392
11.998
12.877
12.910
12.860
11.932
11.951
12.072
11.714
11.893
11.869
12.706
12.112
12.516
12.252
11.891
11.962
12.407
12.151
11.810
11.702
11.908
11.973
12.108
11.999
11.989
11.881
11.620
17.584
11.940
12.144
12.507
11.819
11.870
11.681
11.915
12.024
12.088
12.009
11.831
11.851
11.872
11.881
11.729
11.926
12.755
11.814
12.552
12.238
11.923
11.886
12.430
12.866
12.164
12.075
11.927
11.876
11.476
12.772
12.320
11.927
12.076
12.235
11.799
12.074
12.002
11.913
11.706
12.320
11.769
12.078
13.182
12.032
11.875
12.157
12.401
11.751
11.621
13.153
12.159
11.917
12.073
11.651
13.099
12.857
12.021
13.361
13.613
11.535
11.797
12.193
12.616
12.462
11.834
12.930
12.015
11.869
11.514
11.487
11.931
11.852
12.259
12.327
12.559
11.353
11.644
12.155
11.932
12.105
11.501
12.090
11.802
11.909
14.368
11.748
12.300
11.542
11.872
11.856
11.379
13.421
11.597
11.934
11.425
12.602
11.596
11.517
12.677
16.264
11.200
11.568
11.509
11.723
11.728
11.670
11.536
11.752
11.179
11.229
11.593
11.513
11.330
12.185
11.408
11.315
11.876
11.317
11.418
11.697
12.272
11.419
11.269
11.511
12.015
11.348
11.323
11.568
12.242
11.337
11.433
11.673
11.553
11.289
11.378
11.957
11.390
11.857
11.706
11.649
11.709
11.482
12.327
11.352
11.765
11.751
11.635
11.448
11.767
11.622
17.082
12.211
12.653
11.244
11.787
12.247
12.572
12.162
11.391
11.538
11.430
12.181
11.780
11.551
11.702
12.040
11.391
11.518
11.780
11.242
11.601
11.377
11.556
11.570
11.267
11.474
11.580
11.378
11.565
11.404
11.631
11.562
11.870
11.487
11.867
11.354
11.347
11.507
11.585
11.537
11.647
11.399
11.453
11.574
11.248
11.567
11.408
11.493
11.596
11.739
12.523
11.533
11.274
11.458
11.913
11.533
11.439
11.483
11.619
11.500
11.526
11.308
11.374
11.420
12.293
11.524
11.366
11.419
12.791
11.393
11.577
11.418
11.567
12.210
11.542
11.159
11.173
11.436
11.132
11.140
11.560
11.061
11.512
11.697
11.560
11.274
11.912
11.689
11.630
11.697
11.494
11.827
11.501
11.972
11.456
11.092
11.636
11.456
11.436
12.658
11.674
11.575
11.277
11.349
11.282
10.970
11.697
11.661
11.398
11.504
12.129
11.132
12.060
11.421
11.344
11.006
11.626
11.950
11.654
11.468
10.499
12.384
11.503
11.409
11.074
14.409
11.170
11.629
11.301
10.993
11.225
11.422
11.304
11.365
12.241
10.545
10.549
11.330
10.923
10.609
10.797
11.364
11.021
11.167
11.997
11.654
11.445
10.869
11.068
10.473
11.408
10.626
11.222
11.732
10.073
11.330
11.334
10.506
11.244
10.062
11.132
10.810
10.703
11.103
10.608
10.862
10.273
11.402
10.795
10.530
10.725
11.018
10.441
10.427
10.094
10.335
10.527
10.949
13.193
10.521
10.594
10.166
10.404
10.426
10.620
11.629
10.081
10.111
10.995
10.469
13.477
10.105
10.285
10.348
10.094
10.488
10.049
10.156
11.830
10.046
9.893
11.261
9.920
9.974
10.019
10.361
10.151
10.060
10.069
10.431
10.603
10.273
12.323
10.285
11.417
10.632
9.933
10.506
10.357
9.852
10.094
10.047
10.884
10.146
10.284
10.212
10.237
11.601
10.001
10.924
10.268
10.171
10.094
11.199
10.098
12.772
10.983
9.934
10.325
10.118
10.433
10.031
10.707
10.058
10.784
10.594
10.127
10.884
11.721
10.330
11.110
9.959
10.082
10.607
10.378
10.202
10.173
10.179
10.038
10.082
9.999
9.942
10.046
10.021
10.000
10.251
10.240
10.143
10.097
9.943
10.110
10.010
11.306
10.045
10.233
10.435
10.323
10.238
10.040
10.384
10.028
10.230
9.997
10.097
10.060
10.134
10.013
10.226
10.045
9.989
10.272
10.267
9.965
10.157
10.079
9.945
9.952
9.945
10.300
10.204
10.140
10.147
10.046
10.032
9.676
10.097
9.898
10.157
10.535
9.881
10.535
10.015
9.969
10.276
10.083
10.147
10.091
10.037
10.008
10.184
13.554
10.153
9.920
10.040
10.039
10.102
9.944
10.029
11.261
11.126
11.169
9.937
10.187
10.007
10.592
10.768
9.917
10.722
11.722
10.044
10.142
10.085
10.261
10.815
11.374
9.916
9.853
10.463
10.100
9.959
9.916
10.100
9.897
10.405
10.076
9.834
10.186
9.927
9.888
9.883
10.032
10.143
9.966
10.467
9.888
10.561
9.976
10.182
9.840
10.276
9.814
10.846
9.844
9.866
9.698
9.779
10.192
10.052
9.725
10.263
9.799
10.399
10.287
10.006
10.224
10.744
9.902
9.872
10.382
10.364
10.212
10.403
10.264
10.070
9.833
10.627
9.959
9.674
10.041
9.879
10.344
9.883
10.881
10.187
9.788
9.646
10.332
10.199
9.842
9.999
10.052
9.816
9.904
9.951
10.172
9.874
9.955
9.871
10.319
9.776
9.886
9.827
9.818
10.190
9.862
10.594
9.925
9.944
10.519
9.945
9.960
10.121
9.999
10.178
10.210
10.088
10.527
9.898
10.035
10.061
10.764
9.912
10.086
10.266
9.746
9.912
12.625
9.999
9.874
10.130
10.627
10.092
10.253
9.816
10.387
9.851
10.138
10.905
9.819
12.557
9.872
10.198
11.121
9.997
10.441
9.879
9.903
10.029
9.945
10.560
10.421
10.552
9.949
10.293
9.951
10.277
10.201
10.057
10.105
10.219
11.052
9.907
10.108
10.486
9.953
9.867
9.887
9.996
10.360
10.020
10.287
10.083
12.177
10.774
9.987
9.910
9.917
9.647
10.226
9.937
9.847
10.260
9.991
10.654
9.883
10.184
10.151
9.905
10.144
10.073
10.071
10.114
10.258
10.112
9.930
10.780
10.343
9.977
10.351
10.111
10.457
10.493
10.352
10.199
9.940
9.994
10.848
10.454
10.397
10.073
10.284
10.068
10.021
10.168
10.639
10.178
10.043
10.071
10.508
10.071
10.011
9.918
9.940
9.830
10.025
9.954
9.925
10.107
10.245
10.158
11.018
9.980
10.128
10.302
9.981
9.926
10.281
9.787
11.236
10.151
10.292
9.736
10.436
10.395
9.936
9.797
10.014
10.674
10.025
10.318
9.963
9.964
11.268
9.836
9.890
9.844
11.164
10.040
9.890
10.283
9.815
10.771
12.100
9.912
9.880
10.111
9.698
10.183
9.889
10.362
10.959
9.877
10.968
9.893
11.138
9.811
10.262
9.788
9.873
9.877
9.829
10.923
9.847
9.915
10.740
9.896
9.898
9.849
9.929
9.922
10.018
10.407
11.530
10.367
9.873
10.216
10.040
9.968
10.053
9.824
9.898
10.073
10.416
9.968
10.120
9.915
10.048
10.373
10.275
9.840
10.668
9.830
9.949
9.928
10.204
11.187
10.209
9.774
9.762
9.813
10.066
9.966
10.193
10.070
9.765
9.806
9.841
10.217
10.382
9.867
9.846
10.288
10.019
10.411
10.261
9.839
10.726
10.156
10.127
9.894
9.877
9.893
9.961
10.079
10.067
9.928
9.964
9.893
9.892
9.898
9.909
9.852
9.907
9.855
9.962
10.180
11.042
10.060
9.828
10.157
9.774
10.689
9.931
10.080
9.945
9.929
10.443
10.044
9.873
9.909
9.955
9.865
10.178
10.527
9.854
10.606
11.160
11.385
9.826
9.996
10.008
9.806
10.873
10.094
9.941
9.961
9.969
9.879
10.450
9.859
9.939
9.969
9.894
9.860
9.876
9.922
9.930
9.864
9.883
9.864
9.888
10.277
9.934
9.934
9.835
10.268
9.817
10.295
9.978
9.889
9.927
9.945
10.122
9.986
9.998
9.918
9.909
10.374
9.898
9.613
9.922
9.895
9.890
9.901
9.983
9.995
9.884
9.879
9.898
10.112
10.171
9.889
9.868
9.868
10.047
9.939
9.925
9.868
9.920
9.903
9.839
9.839
10.014
10.302
9.917
11.393
9.881
9.834
9.875
9.946
10.958
9.989
10.029
9.902
10.741
9.950
10.069
9.768
12.595
10.012
10.855
9.795
9.871
9.865
10.704
9.794
9.844
9.874
9.912
9.590
9.868
9.761
10.532
9.731
9.899
10.054
9.806
11.196
10.675
9.739
9.906
9.921
11.357
10.523
9.889
9.761
9.903
9.633
9.934
10.057
9.889
9.912
10.285
9.912
10.182
12.851
9.665
9.879
10.471
9.904
9.588
9.904
9.863
9.881
9.861
9.771
9.906
9.823
9.680
9.928
9.920
10.301
9.789
9.944
9.835
9.669
9.777
9.262
9.733
9.693
9.769
9.782
9.982
9.859
9.925
9.694
9.723
9.891
10.314
9.313
9.267
9.431
9.377
10.794
9.699
9.744
9.289
9.679
9.615
9.711
10.468
9.599
9.329
9.281
9.291
9.325
9.613
9.855
9.650
9.626
9.559
9.731
9.754
9.711
9.363
9.652
9.525
10.016
9.373
9.811
9.343
9.783
9.268
9.662
9.386
9.365
9.767
9.313
9.301
9.278
9.325
9.272
9.751
8.670
9.301
9.325
9.640
9.329
9.289
9.307
9.237
11.224
9.285
9.310
9.295
9.225
9.368
9.323
9.595
9.292
8.659
9.330
9.327
9.491
9.313
9.308
9.486
9.289
9.337
9.348
9.315
9.915
10.286
9.360
9.623
9.293
9.786
12.103
9.215
9.847
9.705
9.607
9.542
9.456
10.068
9.389
9.525
9.876
9.287
9.671
10.550
9.364
9.626
9.443
9.311
9.889
9.630
9.557
9.400
9.301
9.506
9.316
9.311
9.566
9.363
9.326
9.412
9.307
9.191
9.511
9.392
9.210
9.307
9.412
9.526
9.777
9.772
9.530
9.846
9.433
9.355
17.444
9.321
9.357
9.386
9.433
9.921
9.485
9.270
9.255
9.377
9.254
9.499
9.297
9.577
9.551
9.402
9.656
10.568
9.524
10.249
9.405
9.365
9.228
9.715
9.907
9.244
9.401
9.444
9.482
9.097
9.336
9.332
9.416
10.326
8.391
9.406
9.195
9.513
9.429
9.387
10.121
8.972
9.863
9.429
8.986
9.668
9.070
10.119
10.536
8.731
8.119
8.890
8.613
8.532
9.477
9.122
9.407
9.452
9.104
8.742
8.682
9.288
8.472
9.376
8.476
8.569
8.723
8.661
9.191
8.052
8.610
8.960
9.216
8.728
8.590
8.464
8.356
8.727
8.478
9.202
9.049
8.399
8.493
7.981
8.289
8.908
9.121
8.693
8.163
8.806
8.356
9.661
8.662
8.291
8.109
9.147
9.166
8.611
8.810
8.258
8.162
8.152
8.274
8.195
9.210
8.180
8.376
8.170
8.159
8.029
8.678
8.091
8.279
9.317
8.177
8.448
8.268
8.676
8.873
8.202
8.268
8.219
8.136
8.206
8.587
8.199
8.205
8.416
8.173
8.882
9.577
8.536
8.590
8.391
8.372
8.197
8.175
8.159
8.688
8.125
8.167
8.475
8.377
8.552
8.403
8.179
8.162
8.744
8.570
8.575
8.279
8.530
8.544
8.252
9.267
8.230
7.829
8.141
8.122
9.101
8.220
8.552
7.946
7.661
8.100
8.494
8.160
8.268
8.504
8.230
8.585
8.119
8.673
8.172
8.233
8.189
8.270
8.386
8.191
8.527
8.097
8.113
8.093
9.986
8.048
8.430
8.125
8.157
8.620
8.637
8.169
8.404
8.097
7.931
8.396
8.201
8.335
19.516
10.092
8.279
8.648
8.144
8.195
8.085
8.181
7.621
7.759
7.693
7.617
7.853
8.439
8.190
8.127
7.934
8.075
8.144
7.545
7.847
8.163
8.615
8.338
8.477
8.725
7.907
8.610
8.156
8.042
7.646
8.015
9.491
8.213
8.517
7.722
7.878
8.377
7.656
8.722
7.854
7.962
9.246
7.509
8.406
8.055
8.287
7.744
8.116
7.620
7.609
8.158
8.048
7.942
7.754
7.953
7.953
8.038
8.072
7.458
7.954
7.504
8.016
8.078
7.960
13.737
8.139
7.957
8.281
7.422
7.630
7.789
8.715
8.095
8.106
8.051
7.627
7.581
9.041
8.511
9.698
7.446
7.513
7.595
7.878
9.268
7.744
8.007
7.841
7.657
7.850
7.452
7.944
8.533
10.040
7.750
8.714
8.055
7.725
7.904
7.602
7.764
8.103
7.838
8.962
7.905
7.497
8.597
7.672
7.802
8.735
7.510
9.014
7.432
7.424
7.487
7.364
7.662
8.009
7.463
7.485
7.577
7.784
7.475
7.651
9.031
7.779
9.297
7.473
7.696
7.362
7.747
8.509
7.643
7.424
7.330
7.579
7.379
7.485
7.382
8.426
7.874
7.859
7.355
7.481
7.328
7.648
7.536
7.415
7.333
7.362
8.191
7.391
7.669
7.731
7.473
8.613
7.304
7.343
7.799
7.948
7.466
8.394
7.381
14.572
7.414
7.491
8.233
13.797
7.490
7.471
7.879
7.431
8.191
7.366
7.628
10.118
7.467
9.450
8.544
9.353
7.280
7.475
7.460
7.502
7.532
7.927
7.361
8.041
7.874
7.462
7.467
7.566
8.702
7.286
7.368
7.700
7.687
7.389
9.636
7.599
7.837
7.683
7.605
7.641
7.546
7.978
8.370
7.573
7.312
7.545
7.699
7.382
10.872
7.352
7.414
7.633
7.519
7.828
7.405
7.348
8.182
7.471
8.008
7.282
7.297
7.739
7.312
7.930
8.246
7.492
7.356
7.430
7.441
7.341
7.648
9.507
7.624
7.583
7.356
7.218
7.427
7.298
7.273
7.608
7.703
7.870
8.540
7.526
7.398
13.353
8.141
7.441
13.391
7.594
7.698
13.371
7.737
7.319
7.361
7.346
7.367
7.435
7.339
7.516
7.449
7.540
7.336
7.324
8.007
7.370
7.434
7.448
7.294
7.651
12.938
7.533
7.343
7.452
7.418
7.863
7.299
7.617
7.507
7.961
7.379
7.340
7.840
7.426
7.428
7.332
7.358
7.434
8.272
7.395
7.339
7.451
7.426
7.336
8.434
7.270
7.497
7.531
7.917
7.351
7.337
7.514
7.439
8.063
7.719
7.313
7.668
7.330
7.656
7.426
7.459
8.133
7.912
7.422
7.045
7.568
7.463
7.352
7.353
7.393
6.972
7.382
7.422
7.015
7.328
6.960
10.164
7.344
9.704
7.455
6.999
7.612
7.366
7.390
8.452
7.644
10.152
8.432
8.299
7.297
8.313
7.634
7.422
8.242
11.473
7.290
8.370
7.997
7.243
7.346
9.365
7.239
7.346
7.146
7.672
7.345
8.619
7.531
7.163
8.780
7.594
8.001
7.097
7.345
7.343
7.376
7.358
7.020
7.035
7.757
7.063
7.392
7.980
7.222
7.208
6.967
7.473
7.640
6.981
7.108
7.562
7.234
7.295
7.396
7.666
7.238
7.469
6.964
7.819
6.936
9.354
7.388
8.149
7.385
8.271
7.268
7.068
7.591
8.136
6.863
6.993
7.007
6.987
7.542
7.383
7.220
7.238
7.318
7.023
7.459
7.392
7.050
6.924
7.000
6.832
7.218
7.067
6.783
6.983
7.175
8.261
7.145
8.391
7.189
6.910
7.080
7.886
6.989
7.540
7.018
7.352
6.968
7.966
7.623
8.459
6.995
6.984
7.485
8.882
7.162
7.007
6.752
7.067
7.184
7.252
7.024
7.023
6.986
7.083
7.056
7.026
7.010
7.236
11.139
7.099
7.161
7.167
7.010
7.025
7.019
7.669
6.995
7.198
6.999
6.867
7.161
7.305
6.973
7.950
7.048
7.090
6.962
7.221
7.108
8.983
6.982
7.536
7.397
7.056
6.983
7.835
7.402
6.992
6.817
8.237
7.038
7.028
7.048
8.418
6.958
7.084
7.062
6.733
6.616
7.467
6.727
7.053
6.768
6.659
6.718
6.930
7.026
7.094
6.443
6.616
7.044
6.792
7.351
6.737
7.122
6.879
6.898
6.736
6.816
7.253
6.667
6.710
6.580
7.352
6.982
7.333
7.400
7.011
7.275
6.719
6.595
6.330
7.170
6.376
6.722
7.115
6.886
6.568
6.653
6.649
6.808
6.949
7.229
6.802
6.675
6.530
7.113
6.435
6.321
6.649
6.848
6.716
6.367
7.960
6.442
6.860
7.828
7.288
6.583
6.426
7.451
6.445
6.412
6.176
6.524
7.188
6.294
6.520
6.406
6.675
6.310
6.706
6.780
6.263
6.406
6.445
6.328
6.528
7.190
6.373
7.858
6.303
6.596
6.290
6.989
7.831
6.333
6.789
7.022
7.702
6.525
6.291
6.267
6.291
6.263
6.447
6.382
6.509
8.456
6.635
6.882
6.371
6.267
7.300
6.463
6.412
6.306
6.465
6.458
6.424
6.586
6.819
6.464
6.104
6.419
6.397
6.332
6.449
6.219
6.333
8.482
6.374
6.579
6.425
6.562
6.296
6.317
6.291
6.445
6.399
7.746
6.426
6.397
6.291
6.256
6.221
6.465
6.619
6.374
6.369
7.508
7.291
6.963
6.420
6.427
6.279
6.268
5.963
6.472
6.395
6.291
6.407
6.463
6.311
6.310
6.545
6.542
6.310
6.268
6.287
6.039
6.291
6.172
6.445
6.481
6.290
6.439
6.260
6.293
7.123
6.110
6.683
6.414
6.423
6.558
6.490
6.470
7.290
6.612
6.521
6.552
7.222
6.635
6.376
6.210
6.183
6.668
6.493
6.326
6.338
6.280
6.306
6.033
6.814
6.565
6.425
6.255
6.663
6.408
33.146
6.563
6.893
7.024
6.284
6.225
6.529
6.502
6.371
6.594
6.424
17.105
6.892
6.285
5.997
6.240
6.686
6.792
6.270
11.740
6.478
6.135
6.420
6.290
6.476
6.128
6.252
6.481
6.722
6.348
6.097
6.451
6.271
6.028
6.117
6.016
6.326
6.145
6.461
6.026
6.312
6.475
6.415
5.951
6.325
7.171
6.109
6.004
6.136
6.310
6.301
6.389
6.313
6.187
6.262
6.734
7.907
6.770
6.488
6.448
6.189
6.475
6.133
6.097
6.410
6.451
6.120
6.115
5.994
5.998
6.105
6.338
6.121
6.057
6.147
6.197
6.557
6.136
5.996
6.171
6.063
6.100
6.124
5.863
5.991
5.965
5.936
6.104
5.965
6.181
6.206
7.777
6.028
5.881
6.327
6.016
5.967
6.038
7.309
6.016
6.179
6.054
6.027
5.957
6.318
6.075
6.007
6.016
6.047
6.116
6.458
6.092
5.998
6.380
6.423
6.388
10.893
6.074
6.697
9.061
6.260
8.982
6.253
6.252
6.047
6.149
6.126
5.906
5.878
5.979
6.314
5.824
5.807
6.104
6.001
6.130
6.016
5.913
6.014
12.525
5.968
5.818
5.880
6.148
5.896
5.978
5.883
5.960
6.165
5.916
5.890
5.868
5.815
5.905
6.181
6.288
5.829
6.855
6.084
6.158
5.959
5.816
5.973
5.953
6.351
6.135
5.631
5.982
5.935
6.131
5.810
5.869
6.700
6.220
5.920
6.154
5.910
5.872
5.892
6.021
6.867
5.759
6.334
5.775
5.933
6.131
5.848
5.838
6.140
5.933
5.963
5.918
6.038
6.216
5.810
5.906
5.929
6.451
5.786
5.834
6.004
6.047
6.055
6.130
5.811
6.019
6.100
5.944
6.093
5.948
5.964
5.882
5.930
5.945
5.940
8.094
6.665
6.001
26.371
6.006
6.087
5.920
6.034
5.880
6.316
5.789
5.849
6.364
5.920
5.943
6.000
5.890
5.938
5.876
6.552
6.170
5.877
5.819
6.050
5.728
5.982
5.825
6.297
5.947
6.030
5.980
5.901
5.989
6.134
5.915
5.952
11.215
6.059
5.997
5.955
6.021
5.915
5.857
6.006
5.873
9.442
9.394
5.942
6.059
5.898
5.719
5.819
5.884
5.924
6.234
5.724
5.705
6.063
5.665
5.898
6.485
6.027
5.865
6.006
5.982
5.813
5.709
6.685
5.720
5.750
5.737
5.984
5.705
6.040
5.732
6.047
5.934
6.109
6.278
6.108
6.000
5.771
5.735
5.951
6.233
5.676
5.901
5.767
5.957
5.934
5.920
5.731
5.736
5.783
6.478
6.625
5.747
5.703
5.894
5.753
6.012
6.151
5.750
5.692
5.766
5.724
5.712
5.999
6.146
5.632
6.783
5.742
5.834
5.946
5.712
5.747
5.579
5.727
5.775
5.767
5.423
5.736
5.521
5.742
5.730
5.494
5.692
5.550
5.463
5.486
5.926
5.826
6.386
6.046
5.849
5.883
6.734
5.721
5.618
5.859
5.689
7.104
5.698
5.976
5.945
5.578
11.576
5.588
5.660
7.003
5.877
5.823
5.465
5.837
5.476
5.705
5.635
5.916
5.545
5.519
5.639
5.530
5.502
5.570
5.472
5.727
5.681
5.849
5.931
5.749
5.529
5.542
5.794
5.687
5.767
5.462
5.850
5.395
5.782
5.763
6.113
5.622
5.638
5.570
6.300
5.715
5.704
5.651
5.699
5.902
5.696
5.833
5.692
6.222
5.777
5.844
5.590
5.727
7.104
5.758
5.631
5.326
6.209
5.485
6.265
5.759
5.407
9.700
5.896
5.673
5.789
5.613
5.554
5.786
6.188
6.566
5.643
28.688
5.546
5.522
10.730
6.811
5.817
5.526
5.638
5.707
5.478
5.469
5.548
6.278
5.783
5.972
5.944
5.603
5.384
5.623
5.458
6.014
5.587
5.837
5.503
5.813
5.838
6.785
11.162
5.612
5.436
5.554
5.657
5.595
5.495
5.547
5.581
5.817
5.583
5.787
6.430
6.048
5.488
6.004
5.387
5.457
5.475
5.501
5.476
5.919
5.934
6.111
6.378
5.529
5.598
6.494
5.765
5.655
5.690
5.537
5.741
5.546
6.334
5.327
5.534
6.378
8.242
5.648
5.330
13.204
5.253
5.690
5.547
5.334
6.005
5.249
5.688
5.541
5.444
5.320
5.473
5.585
6.013
5.262
5.510
7.600
5.559
5.516
5.656
5.484
6.850
5.674
5.376
5.360
5.588
5.367
6.283
5.431
5.574
5.560
6.168
5.613
5.346
5.503
5.358
7.863
5.343
5.867
5.333
5.359
5.930
5.526
5.914
5.307
5.294
5.641
5.482
5.339
5.270
5.588
5.444
5.333
5.709
5.393
5.408
5.419
6.073
5.359
5.421
6.897
5.653
5.299
5.470
5.244
5.532
5.639
5.283
5.530
5.285
5.477
5.385
5.364
5.362
6.052
5.274
5.285
5.302
5.332
5.302
5.304
5.314
5.396
5.266
5.639
5.311
5.145
5.270
5.327
5.393
5.440
5.274
5.510
5.406
5.545
5.250
5.106
5.728
5.728
6.022
5.445
5.291
25.128
5.378
5.123
5.428
5.529
5.551
5.270
5.360
5.477
5.434
5.551
5.414
5.348
5.289
5.356
5.378
5.557
5.244
5.287
5.306
5.428
5.288
5.364
5.582
5.066
5.074
5.349
6.120
5.307
5.096
5.433
5.251
5.204
5.239
5.322
5.403
5.221
5.254
5.379
6.298
5.705
5.255
5.665
5.094
5.286
5.267
5.305
5.157
5.287
5.091
5.545
7.280
5.415
5.252
5.205
5.456
5.296
5.105
5.366
5.252
5.195
5.183
5.156
5.216
5.099
5.687
5.305
5.253
5.332
5.307
5.102
5.318
5.297
5.835
5.246
5.304
5.231
5.138
9.837
5.240
5.625
6.261
5.142
8.114
5.149
5.439
5.542
5.154
5.445
5.325
5.170
5.460
8.699
6.122
5.688
5.272
9.851
5.248
5.070
5.331
5.244
5.391
5.294
5.085
5.400
5.231
5.086
5.180
5.292
5.155
5.134
5.280
9.408
5.318
5.559
5.183
5.167
5.282
5.157
5.155
5.274
5.210
5.202
5.133
5.201
5.121
5.084
5.211
5.114
5.062
5.067
5.185
5.412
5.140
5.167
5.321
12.698
5.079
5.095
5.193
5.397
5.076
5.175
5.299
5.132
5.087
5.209
5.172
5.188
5.313
5.194
5.187
5.096
5.161
5.067
5.172
5.118
5.163
5.084
5.221
5.123
5.103
5.285
5.302
6.652
5.227
5.069
5.156
5.196
5.114
5.080
5.150
5.220
5.107
5.195
5.344
5.040
5.192
5.081
5.128
5.376
5.190
5.016
5.112
5.254
5.192
5.131
5.076
5.189
5.187
5.370
5.162
5.177
5.083
5.351
5.109
6.193
5.164
5.076
6.302
5.118
7.053
5.106
5.136
5.097
5.627
5.064
5.107
5.140
5.172
5.064
5.263
5.047
5.079
5.207
5.091
5.041
5.075
5.044
5.072
5.166
5.138
5.088
5.184
5.174
5.040
5.107
5.214
5.248
5.122
5.126
5.035
5.082
5.154
6.419
5.075
5.130
5.060
5.141
5.064
5.029
5.144
5.097
5.079
5.377
4.970
5.117
5.103
5.246
7.103
5.289
5.368
4.964
7.222
5.066
5.263
5.096
5.041
4.982
5.278
5.200
5.094
5.114
5.047
5.039
5.034
5.116
5.822
5.063
5.007
14.101
5.040
5.056
5.090
5.041
4.913
4.898
9.194
5.122
5.373
5.014
4.883
5.139
5.039
5.491
5.353
5.018
5.172
10.676
5.016
4.917
5.112
13.322
5.576
5.129
5.164
5.024
5.024
5.069
5.077
5.816
5.026
5.084
4.947
5.131
4.934
5.179
5.000
5.090
5.096
5.167
5.606
5.166
5.617
5.250
5.033
5.194
5.084
5.446
9.534
5.281
6.003
5.012
4.935
5.057
5.787
5.073
5.396
5.254
5.069
5.101
5.126
5.039
6.459
4.896
5.126
5.247
4.872
4.905
6.158
5.041
5.050
8.842
5.022
5.284
5.184
5.106
5.221
5.553
5.074
5.151
5.722
5.018
6.158
5.276
4.993
5.821
5.174
5.655
5.285
6.255
9.733
10.036
4.930
4.984
5.146
4.955
5.091
5.058
5.573
5.058
5.067
4.871
4.994
4.895
4.942
4.895
4.961
4.952
5.460
4.876
6.414
5.040
4.959
5.016
5.495
4.901
4.947
4.915
5.039
4.969
5.143
5.142
4.943
4.908
4.872
6.053
5.020
4.945
5.089
5.074
6.142
4.885
5.108
5.263
5.038
4.935
5.254
5.010
4.988
5.012
5.408
5.116
4.886
4.880
5.189
4.938
4.926
4.907
5.077
4.888
4.895
4.973
5.082
5.021
5.014
5.210
5.070
5.017
4.901
4.833
4.913
4.888
5.059
4.985
4.932
7.239
4.951
5.107
5.004
4.943
5.081
4.908
4.871
5.019
5.094
5.410
4.905
4.935
4.911
4.943
5.266
6.698
4.872
5.022
6.993
5.097
4.908
5.568
14.788
4.854
4.800
4.924
4.854
4.891
4.867
4.924
5.036
4.941
4.885
5.074
5.082
4.955
4.921
6.209
4.903
4.924
4.935
4.946
4.956
4.874
4.895
4.979
4.938
5.073
4.876
4.918
4.859
5.000
4.927
4.915
4.888
5.029
15.830
4.886
4.883
4.930
4.907
4.889
5.250
5.011
4.892
4.962
4.917
4.933
4.894
4.851
4.893
5.138
4.898
4.860
4.975
4.873
4.926
5.216
4.985
5.276
5.196
4.931
5.233
4.891
4.885
4.908
5.131
5.858
5.201
5.709
4.887
5.407
5.475
5.513
4.870
5.808
4.967
5.515
5.249
4.913
5.452
4.859
4.896
5.361
5.052
4.921
4.935
4.911
5.416
6.346
4.980
5.085
4.994
4.840
4.917
5.447
5.084
4.976
5.094
12.567
4.870
4.980
4.865
16.390
4.953
5.176
4.890
8.993
4.899
4.949
5.133
5.030
4.910
5.185
4.975
5.354
4.880
5.058
4.979
4.937
4.887
4.910
4.832
4.934
4.897
4.925
4.856
4.955
4.876
4.890
5.398
4.886
4.965
4.939
4.904
5.231
4.896
4.919
4.954
4.890
5.002
4.967
4.897
4.945
4.891
4.802
4.912
4.883
4.953
4.889
4.905
4.852
5.139
5.221
4.914
6.111
4.904
5.096
4.824
4.899
4.932
4.862
5.210
5.042
5.821
4.849
4.871
5.151
4.923
4.872
5.334
4.818
4.915
6.264
5.632
4.915
4.932
4.925
4.811
4.902
4.906
4.912
4.870
5.153
4.869
4.832
4.887
4.834
5.381
4.986
4.929
4.866
4.872
5.251
5.121
4.850
5.251
4.835
4.888
4.960
4.887
5.314
5.473
4.808
5.127
4.834
4.948
4.878
5.332
4.720
4.848
5.107
4.712
4.835
4.870
5.068
4.899
5.001
5.075
4.905
4.638
4.864
4.801
4.809
4.899
4.855
7.306
5.011
4.863
4.860
5.034
4.793
18.044
4.878
4.983
4.724
5.063
4.819
4.900
4.720
4.947
4.925
5.318
4.820
4.963
4.857
4.831
4.777
4.850
4.875
4.755
5.008
4.893
6.049
9.362
5.293
5.465
4.840
4.856
4.624
4.847
4.882
4.776
4.686
4.795
4.914
4.706
5.124
4.853
7.109
4.886
6.313
4.631
4.702
5.202
4.876
4.567
4.734
4.706
4.789
4.721
4.987
12.432
4.734
5.021
4.638
7.935
4.871
4.713
4.608
4.671
4.797
4.646
4.878
4.462
4.588
4.641
4.527
4.611
4.563
4.616
4.689
4.638
5.019
4.485
5.071
5.867
4.487
8.339
4.674
4.647
4.609
4.498
4.585
4.660
4.571
4.801
4.435
4.805
4.475
4.474
4.852
14.079
4.530
4.750
4.674
5.833
4.480
4.604
5.849
4.501
4.504
5.093
4.797
4.579
4.549
4.652
4.455
5.603
4.690
4.676
4.462
4.914
10.594
4.692
4.619
4.517
4.460
5.093
4.487
4.507
4.457
4.507
4.796
4.463
5.164
4.663
4.609
4.571
4.703
4.622
4.561
4.894
4.506
4.458
4.621
4.495
4.654
4.430
6.520
14.471
12.918
4.555
4.795
4.697
4.524
4.616
4.692
4.496
4.785
4.669
4.560
4.457
4.421
4.473
4.544
4.490
4.784
6.377
4.625
5.749
4.861
4.653
4.801
4.567
4.499
4.442
4.637
4.351
4.459
4.749
4.775
4.747
4.797
4.507
4.718
4.438
4.682
4.663
4.512
4.862
4.481
4.469
4.535
4.462
4.399
4.674
4.483
4.543
4.446
4.485
4.460
4.443
4.513
4.515
4.477
4.514
4.567
4.634
4.491
4.493
4.477
4.526
4.786
4.557
4.497
4.405
4.469
5.087
6.283
4.643
4.426
4.457
4.450
4.691
12.401
4.474
4.488
4.513
12.922
4.500
4.398
4.538
4.390
4.470
4.396
5.292
4.402
4.666
4.473
4.490
5.137
4.409
5.042
4.589
4.588
4.400
4.428
4.518
4.703
4.368
6.605
4.448
4.434
4.351
4.428
4.461
5.095
4.474
4.471
4.474
4.392
5.088
4.336
4.519
4.491
4.863
4.533
4.513
4.401
4.393
6.496
4.397
4.407
4.477
4.369
4.597
4.468
5.905
4.504
4.885
4.524
4.450
4.459
4.433
4.632
4.394
4.521
4.435
4.505
4.422
4.509
4.612
4.384
4.506
4.406
4.478
4.462
4.441
7.780
5.882
4.424
5.515
4.450
4.651
4.382
4.396
16.577
4.698
4.482
7.847
5.150
17.496
4.782
4.478
4.719
4.551
4.485
4.407
4.398
5.026
4.353
4.444
4.521
4.374
4.422
4.634
4.377
4.415
4.717
5.082
4.385
6.929
5.466
4.382
4.949
4.516
4.452
4.985
4.560
6.021
4.838
8.439
5.071
4.330
4.293
4.398
4.397
4.519
5.723
4.384
4.408
4.470
17.668
4.562
4.589
4.380
4.399
4.450
4.359
4.703
4.451
4.435
4.547
4.403
4.345
4.566
4.471
4.761
4.609
4.533
4.451
4.723
4.428
4.708
4.471
4.508
4.657
4.462
4.627
4.396
4.568
4.593
4.443
4.436
4.590
4.622
4.478
4.435
8.772
4.636
5.363
4.541
4.563
4.437
4.400
4.424
4.424
4.531
4.500
6.697
4.484
4.486
4.328
5.176
4.466
4.494
4.372
4.769
4.452
4.475
4.405
4.530
4.322
4.427
4.419
6.540
4.353
4.436
4.348
4.341
4.935
4.385
4.385
4.547
5.060
4.444
4.312
6.572
4.375
4.711
4.288
14.363
4.371
4.548
4.333
4.353
4.253
4.338
4.340
4.293
4.452
4.375
4.654
4.450
4.382
4.396
4.386
4.584
4.852
4.386
5.239
4.340
4.386
4.404
4.456
4.747
4.384
4.383
4.594
4.383
4.396
4.843
4.971
4.382
4.359
4.441
4.343
4.505
4.385
4.371
4.680
4.379
4.363
4.423
4.365
4.392
4.525
4.370
4.345
4.325
4.412
4.344
4.433
4.153
4.378
4.380
4.353
4.349
4.280
4.385
4.353
4.380
4.322
4.341
4.376
4.375
4.393
4.597
4.443
4.496
4.350
4.321
4.407
4.392
4.343
4.350
4.490
4.345
4.346
4.367
4.325
4.301
4.354
4.335
4.321
4.492
4.358
4.371
4.677
4.316
4.523
4.331
4.343
4.356
4.378
4.368
4.405
4.369
4.378
4.554
4.281
4.378
5.062
4.208
4.341
4.360
4.424
4.360
4.381
4.266
4.327
4.327
4.481
4.388
4.369
4.250
4.396
4.485
4.339
4.329
5.344
4.508
4.346
6.784
5.487
4.304
4.330
4.462
4.390
4.327
4.388
4.500
4.388
4.410
4.374
4.355
4.320
4.407
4.319
4.355
4.403
4.327
4.905
4.528
4.523
4.289
4.367
4.385
4.306
4.258
4.320
4.243
4.503
4.437
4.294
4.357
4.327
4.527
4.320
4.357
4.263
4.309
4.254
4.294
4.373
4.277
4.317
4.289
4.336
4.527
4.430
4.330
4.543
4.282
4.363
4.330
4.265
4.384
4.346
4.309
4.293
4.267
4.301
4.547
4.371
4.672
4.319
4.377
4.374
4.500
4.385
4.362
4.283
4.562
4.280
4.619
4.368
4.265
4.605
4.270
4.285
4.498
4.517
4.309
4.262
4.269
4.266
4.619
4.399
4.647
4.237
4.267
4.268
4.392
4.266
4.266
4.261
4.302
4.349
4.267
4.278
5.302
4.331
4.338
4.408
4.267
4.310
4.247
4.734
4.833
4.312
4.263
4.394
4.279
4.242
4.668
4.309
4.344
4.354
4.285
4.274
4.428
4.212
4.211
4.340
4.326
4.241
4.478
4.225
4.249
4.238
4.276
4.341
4.236
4.252
4.496
4.245
4.323
4.209
4.238
4.243
4.273
4.105
4.227
4.348
4.313
4.627
4.224
4.697
4.331
4.529
4.222
4.478
4.280
4.211
4.281
4.371
4.402
15.049
4.220
4.327
4.214
4.367
4.231
4.283
4.284
4.294
4.276
4.200
4.233
4.378
4.268
4.318
4.494
4.347
4.219
4.682
4.730
4.214
4.390
4.270
4.195
4.350
4.523
4.225
4.125
4.712
4.224
4.305
4.217
4.332
4.232
4.265
4.288
6.054
4.156
9.468
4.228
4.535
4.100
4.093
4.220
4.546
4.245
4.634
4.217
4.277
4.112
4.024
4.347
4.123
4.264
4.303
8.173
4.360
4.305
17.323
4.118
4.080
4.179
4.587
4.057
4.247
4.277
4.471
4.445
10.612
15.048
4.249
4.311
4.291
20.159
4.236
4.454
4.123
4.269
4.257
5.082
4.699
4.037
4.090
4.324
4.294
4.379
4.034
4.505
4.125
4.304
4.156
4.115
4.275
4.281
4.095
4.313
5.359
4.274
4.614
4.192
4.357
5.088
4.508
4.134
4.094
4.429
4.269
4.179
5.443
4.385
12.319
4.214
4.217
4.114
4.097
4.188
3.987
11.651
4.148
4.000
4.495
4.087
4.129
4.591
4.188
4.169
4.166
4.323
4.182
4.040
4.073
4.223
3.944
4.155
5.074
4.874
4.060
13.474
21.004
4.243
4.295
4.395
4.111
9.953
4.394
11.532
4.130
4.125
4.277
4.197
4.029
4.230
4.689
5.411
4.428
4.131
4.095
3.953
3.900
3.940
4.301
4.115
4.989
4.088
4.144
4.082
12.826
4.117
4.315
4.086
3.942
4.162
4.041
4.229
4.256
5.532
4.491
3.999
4.063
3.924
4.185
4.242
13.261
4.346
3.895
4.042
4.142
4.136
4.035
4.079
4.221
4.502
4.287
4.355
4.428
15.982
4.131
4.073
4.267
4.214
4.541
4.240
4.112
4.089
4.658
8.596
4.191
3.952
4.401
4.204
4.107
4.095
4.112
8.222
3.948
4.133
4.135
4.128
4.158
4.108
4.036
4.097
4.043
4.082
4.137
3.928
40.454
3.954
4.226
4.063
3.956
4.572
4.038
5.543
4.989
3.979
3.970
4.210
4.028
4.028
5.726
4.041
3.981
4.045
4.291
4.189
4.258
4.305
3.934
4.134
12.497
4.125
4.072
4.023
5.003
4.056
4.059
4.150
4.052
4.087
4.005
4.094
4.138
4.303
4.024
4.224
4.012
4.235
4.011
3.994
4.163
3.951
4.070
4.042
4.055
3.974
4.139
3.991
3.930
4.065
4.332
3.967
4.070
3.995
4.155
4.050
3.996
4.020
3.988
4.006
4.118
4.117
4.132
3.962
4.077
4.037
4.000
4.015
6.345
4.043
4.030
3.891
3.927
3.989
4.311
3.990
4.017
3.966
4.103
4.016
4.675
3.963
4.189
3.893
3.954
3.947
4.009
3.955
4.241
4.064
3.940
3.956
3.966
4.020
4.141
3.904
3.986
3.993
4.297
4.052
3.928
4.073
4.307
4.491
4.502
4.002
3.957
3.979
4.057
4.384
3.863
4.418
4.037
29.792
3.983
3.872
4.271
3.919
3.999
4.058
3.860
3.887
4.059
4.083
3.908
4.211
3.939
3.874
3.913
3.933
3.941
3.929
3.907
3.753
3.870
3.770
3.909
3.946
3.939
3.894
9.563
3.972
3.940
3.885
3.960
3.960
3.970
4.155
4.205
4.121
3.864
4.042
3.932
3.952
3.891
4.018
3.887
3.886
4.223
3.875
3.946
3.918
3.901
3.897
4.057
3.901
15.619
3.966
3.929
4.285
3.910
3.979
3.951
3.922
3.910
3.912
3.997
3.974
4.071
3.946
3.932
3.922
3.983
4.053
4.176
3.947
3.972
3.949
3.898
3.875
3.921
3.929
3.978
3.883
3.925
4.090
3.946
4.007
4.428
4.546
3.960
3.991
4.455
3.955
3.992
3.938
4.081
3.926
3.963
3.897
3.956
3.934
3.906
3.917
3.984
3.961
3.920
3.944
3.929
7.032
3.920
4.364
4.118
4.012
3.957
4.115
3.900
3.964
3.919
3.921
4.130
3.910
3.938
3.916
3.922
3.927
3.910
4.023
3.942
3.876
3.946
3.981
3.850
4.057
3.924
3.916
4.250
3.920
3.938
3.916
3.922
3.920
3.918
3.898
3.896
3.916
3.977
3.974
3.964
3.865
3.982
4.119
3.988
3.892
3.923
13.920
3.927
7.946
3.920
3.901
3.901
4.012
5.502
4.053
3.871
3.884
4.395
3.892
3.859
3.847
3.939
3.900
3.911
3.920
3.887
3.927
3.876
4.022
3.966
4.267
3.899
4.005
3.980
4.221
3.897
4.173
3.866
4.024
3.863
4.235
4.141
3.888
3.933
3.981
4.067
4.210
3.910
3.840
3.939
3.942
4.052
4.116
3.943
3.998
3.935
3.897
4.827
3.902
6.623
3.910
4.057
4.040
3.921
4.297
4.016
4.756
3.941
4.084
7.238
4.065
4.315
4.053
5.089
3.872
4.183
4.098
5.290
3.960
3.946
3.994
4.155
4.121
5.034
4.109
4.871
3.958
19.729
4.553
3.993
3.857
4.251
3.950
4.096
3.923
4.016
3.976
3.975
3.955
3.850
4.008
3.950
3.938
3.997
3.900
3.942
3.927
4.302
3.966
3.999
4.580
3.775
3.865
3.968
3.962
11.563
4.161
4.490
3.766
3.863
4.032
3.883
3.771
3.893
3.842
3.958
3.985
3.946
3.995
3.865
3.802
4.134
4.222
3.836
5.378
4.289
4.024
3.915
3.877
3.863
3.869
3.888
3.911
3.903
3.763
3.916
3.896
3.960
3.875
3.848
3.947
3.944
3.942
3.871
3.891
3.974
3.951
14.679
3.861
3.906
3.951
3.869
3.931
3.938
3.880
3.783
5.277
4.191
3.890
3.823
5.813
3.878
3.875
31.806
3.947
3.808
3.894
3.847
3.703
3.840
3.908
3.896
3.944
3.870
3.809
3.961
3.825
3.844
4.174
3.741
3.753
10.444
4.014
4.709
4.150
3.923
3.835
12.441
3.865
3.894
3.822
3.846
4.166
3.832
3.859
3.884
3.794
3.821
4.501
3.700
3.939
4.374
4.201
3.957
4.355
4.515
3.814
4.207
3.894
4.039
3.848
4.494
3.883
3.904
3.855
3.811
3.778
4.141
3.793
3.755
4.618
3.856
3.720
3.824
3.992
3.810
3.788
3.894
3.840
3.904
3.766
3.794
3.847
3.946
4.113
3.951
4.421
3.742
3.769
3.731
3.746
3.712
3.763
3.782
3.813
4.434
3.712
4.631
4.362
3.850
3.712
3.884
3.799
3.755
3.813
3.962
3.769
3.783
3.766
3.817
3.881
3.790
3.664
3.817
3.924
3.975
9.779
3.753
3.852
3.746
3.843
3.731
3.919
3.820
3.731
3.753
3.635
3.847
4.262
3.777
3.966
3.847
3.840
3.746
4.036
3.732
3.593
3.735
3.736
3.804
21.063
3.799
3.720
3.618
4.561
3.755
3.732
3.570
3.735
3.720
3.713
3.716
3.714
3.734
3.696
3.724
3.751
3.691
3.732
3.888
3.691
3.835
3.738
3.583
3.719
3.674
3.815
3.608
3.664
3.720
3.782
3.750
3.761
3.693
3.697
6.028
3.795
3.771
3.735
3.831
3.592
3.656
3.820
13.380
3.631
3.585
3.560
8.831
3.663
4.121
3.659
3.569
3.653
3.858
3.978
3.514
3.672
3.698
3.711
3.560
3.571
37.863
4.058
3.646
3.794
3.747
3.557
3.603
3.587
3.716
3.581
3.670
3.737
3.723
3.695
3.631
3.637
3.590
3.602
3.602
3.747
3.615
3.607
4.207
3.707
3.647
3.812
4.390
3.596
3.663
3.589
3.770
3.570
4.462
3.625
3.592
4.247
3.543
3.849
20.496
3.551
3.663
4.581
3.654
3.638
3.567
4.634
3.660
4.227
3.894
3.548
3.741
4.236
3.726
3.669
3.595
3.656
3.680
3.519
3.592
3.627
4.620
3.543
3.700
3.752
4.002
3.778
3.612
4.239
3.731
3.639
3.778
3.645
3.945
3.537
3.498
3.659
3.713
3.517
3.759
4.774
3.558
3.613
3.634
3.578
3.488
3.486
3.568
3.546
4.211
3.608
3.543
3.877
3.541
3.589
3.529
3.636
3.542
3.735
3.874
3.620
3.541
3.498
3.651
6.624
3.570
3.552
3.575
3.986
3.634
3.724
3.703
3.574
3.671
3.517
3.678
3.677
3.551
14.982
3.559
3.645
3.582
3.602
3.631
3.490
4.151
5.792
3.557
4.031
3.695
3.610
3.456
3.533
3.985
3.531
3.559
3.711
3.522
4.035
3.566
4.013
3.526
3.616
3.602
3.545
3.553
3.580
3.718
3.493
3.530
4.006
4.138
4.109
3.596
3.724
3.658
3.531
3.514
12.907
3.481
3.631
3.540
3.574
3.558
3.639
3.559
3.556
3.503
3.752
3.524
3.650
3.502
3.624
3.546
3.479
3.513
3.646
3.713
3.578
3.477
3.389
5.646
3.651
3.552
3.580
3.539
3.429
4.065
3.464
3.499
3.542
3.873
3.539
3.684
3.673
3.730
3.468
3.533
3.611
3.584
3.824
3.487
3.497
3.708
3.558
3.566
3.506
3.619
3.504
3.925
3.508
3.496
3.532
3.579
3.559
3.537
3.539
3.549
4.640
3.617
3.738
3.594
3.602
3.515
5.046
3.524
3.522
3.506
3.799
3.536
3.531
3.639
3.511
3.504
3.523
3.570
3.553
3.534
3.498
3.468
3.565
3.601
3.528
3.740
3.545
3.600
3.456
3.508
3.699
3.658
3.493
4.025
3.643
3.486
3.530
4.392
3.539
3.625
3.629
3.555
3.628
3.515
3.584
3.522
3.509
3.818
3.475
3.620
3.511
3.527
3.532
3.603
4.294
3.655
5.735
3.617
3.562
3.486
4.068
3.631
3.718
3.450
3.619
3.633
3.667
3.679
3.771
3.569
3.623
3.525
3.456
3.877
3.562
3.564
3.562
3.515
3.520
3.497
3.659
3.440
3.480
3.395
3.584
3.460
3.515
3.639
3.518
3.527
3.527
3.631
3.462
3.420
3.393
3.610
3.513
3.565
3.428
3.526
3.397
3.462
3.459
3.680
3.407
3.438
3.470
3.398
3.396
3.451
3.456
3.397
3.528
3.458
3.391
3.533
3.548
3.394
3.520
5.156
3.481
3.391
3.392
3.511
3.432
3.517
3.543
3.374
3.466
3.403
3.395
3.487
7.525
3.397
3.505
3.533
3.410
3.425
3.403
3.389
3.392
4.958
3.436
3.377
3.357
3.401
3.385
3.353
3.401
3.400
3.447
3.401
3.397
3.395
3.436
3.433
3.394
3.339
3.366
3.436
3.396
3.342
3.391
3.504
3.454
3.474
3.429
3.506
3.558
4.009
3.406
3.501
3.381
3.398
3.391
3.463
3.453
3.537
3.438
3.416
3.740
3.477
3.433
3.403
3.613
3.467
11.327
3.470
3.878
3.633
3.605
3.401
3.385
3.341
3.624
3.491
3.408
3.512
3.333
3.637
3.402
3.683
3.380
39.405
3.470
3.422
3.429
3.443
3.345
3.462
3.584
3.393
3.639
3.397
3.804
3.431
3.387
3.386
3.387
3.397
3.375
3.400
3.341
3.431
3.440
3.433
3.415
3.391
3.441
3.391
3.731
3.401
3.636
3.346
3.398
3.455
7.060
5.050
3.393
3.581
3.444
3.391
3.338
3.427
3.347
3.425
3.376
3.377
3.346
3.345
3.349
3.470
3.393
3.433
3.427
3.389
3.665
3.390
3.451
3.442
3.428
3.437
3.430
3.797
3.607
3.349
3.392
3.346
3.595
3.404
3.560
3.393
3.748
3.375
3.393
3.589
3.344
3.500
3.416
3.656
3.381
3.393
4.732
3.346
3.344
3.752
3.375
3.622
3.380
3.480
3.392
3.392
3.344
22.193
3.344
3.378
3.375
3.488
13.516
3.475
3.354
3.344
3.602
3.375
3.344
3.790
3.342
3.398
3.373
3.345
3.345
3.499
3.481
3.342
3.434
3.486
3.343
3.351
3.346
3.354
3.346
3.351
3.351
3.355
3.345
3.358
3.375
3.616
3.342
3.536
3.375
3.372
3.402
3.350
3.374
3.347
3.379
3.535
3.352
3.344
3.377
3.324
3.332
3.334
3.346
6.244
3.554
3.375
3.401
3.479
3.382
3.373
3.328
3.437
3.490
3.348
3.316
3.838
3.481
3.377
3.444
3.375
3.387
3.493
3.375
3.437
3.475
3.426
3.373
3.344
3.401
3.378
3.353
3.373
3.444
3.408
3.389
3.384
3.378
3.373
3.408
3.408
3.345
3.414
3.350
3.376
3.387
3.449
3.381
3.374
4.610
3.378
3.383
4.424
3.457
3.440
3.341
4.768
3.425
3.348
3.471
3.375
3.390
15.498
17.373
3.877
3.445
3.487
3.350
3.490
3.376
3.591
3.477
3.429
3.412
3.384
12.139
3.373
4.689
3.389
7.029
3.459
3.387
3.445
3.779
3.386
3.375
3.371
3.437
3.372
3.377
3.400
3.426
3.374
3.394
3.437
3.447
3.434
3.384
3.361
3.382
3.383
3.372
3.371
3.414
3.344
3.382
3.432
3.425
3.355
3.356
3.400
3.336
3.631
3.507
3.598
3.566
3.576
3.434
3.381
3.894
3.379
3.329
3.361
3.346
3.384
3.366
3.380
3.322
3.422
3.483
3.455
3.550
3.358
3.354
3.564
3.346
3.605
3.351
3.374
4.000
3.540
3.417
3.593
3.356
3.525
3.349
3.312
3.375
3.762
3.643
3.734
3.351
3.303
3.359
3.570
3.349
3.640
3.358
3.348
3.495
3.738
3.382
3.398
3.358
3.337
3.661
3.346
3.380
3.806
3.340
3.336
3.332
3.348
4.486
3.359
3.395
3.348
3.331
3.354
3.794
3.409
3.387
3.348
3.388
3.434
3.388
3.544
3.383
3.539
3.377
3.356
3.433
3.592
3.322
3.373
3.354
3.598
4.899
3.352
3.385
3.582
5.785
3.375
3.373
8.824
3.349
3.433
3.452
3.464
3.396
3.359
3.349
3.786
3.569
3.616
3.370
4.512
3.364
3.426
3.394
3.553
4.560
3.564
3.448
3.485
3.376
3.646
3.375
3.585
3.348
3.311
3.469
3.350
3.395
3.363
3.356
3.397
3.500
3.375
3.367
3.446
3.351
3.359
3.384
3.443
3.364
3.375
3.379
3.367
3.387
3.375
3.371
3.385
3.370
3.364
3.476
3.380
3.467
3.399
3.483
3.440
3.422
3.383
3.341
3.359
3.370
3.355
3.400
4.512
3.432
3.457
3.354
3.837
6.048
3.361
3.491
3.362
3.399
3.365
3.863
3.535
5.997
3.459
3.419
3.456
3.343
3.535
3.395
3.423
3.418
3.423
3.560
3.404
3.359
3.449
3.423
3.391
3.392
3.431
3.418
3.690
3.748
3.394
3.390
3.416
3.378
3.349
3.376
3.409
3.416
3.344
3.373
3.349
3.539
3.549
4.746
3.642
3.387
3.446
3.413
3.440
3.456
3.362
3.354
3.469
3.342
3.368
3.366
3.459
3.579
3.445
3.360
3.447
3.398
3.516
3.476
3.365
4.074
3.477
3.423
3.600
3.447
3.479
3.389
3.348
3.532
3.394
3.333
3.391
3.519
3.440
3.354
3.466
3.540
3.488
3.404
3.472
3.496
3.374
11.314
3.460
3.801
3.313
3.343
3.311
3.394
3.348
3.358
3.439
3.455
3.441
3.394
3.343
3.325
3.365
3.502
3.524
3.341
3.515
3.354
3.350
3.454
3.459
3.320
3.389
3.375
3.398
3.348
6.414
3.394
3.618
6.701
6.605
18.834
3.348
17.620
3.387
3.283
3.499
3.388
3.764
3.747
3.421
3.445
3.913
3.266
4.030
3.298
3.326
3.363
3.307
7.789
5.194
3.285
3.463
3.287
3.295
3.309
3.426
3.322
3.342
3.351
3.322
3.780
3.373
3.295
3.780
3.297
3.346
3.333
3.355
3.334
3.741
3.410
3.325
3.373
3.309
3.249
3.285
3.465
3.276
3.357
3.469
3.363
3.314
3.318
3.266
3.722
3.909
3.560
3.456
3.386
3.247
3.572
3.912
3.361
3.295
3.265
3.318
3.266
3.390
3.463
3.286
3.306
3.281
3.337
11.439
3.789
3.703
3.304
3.274
3.274
3.401
3.374
3.293
3.333
3.363
3.274
3.322
3.315
3.375
3.274
3.308
3.402
3.257
3.290
3.302
3.369
3.422
5.518
3.375
3.459
3.255
3.348
3.359
3.326
3.362
3.406
3.285
3.242
3.350
3.266
3.401
3.291
3.324
3.407
3.346
3.321
3.275
3.420
3.278
3.326
3.339
3.328
3.378
3.661
3.999
3.267
3.215
3.515
3.305
3.392
3.349
5.428
3.309
3.240
3.381
3.331
3.311
3.327
3.422
3.270
3.265
3.283
3.305
3.248
3.317
3.477
3.383
3.649
3.387
3.407
3.233
3.273
3.295
3.267
3.255
3.229
3.312
3.244
3.236
3.286
3.274
3.364
3.295
3.350
3.280
3.717
4.016
3.332
3.275
3.764
3.250
3.304
3.513
3.408
3.250
3.309
3.279
3.274
3.259
3.252
3.272
3.271
3.255
3.268
3.272
3.276
3.314
3.218
3.234
3.671
3.284
3.234
3.268
3.251
3.309
3.250
3.253
3.899
3.197
3.324
3.302
3.240
3.322
3.279
3.379
3.334
5.424
3.257
4.370
3.305
3.264
3.319
3.298
3.571
3.255
3.275
3.315
3.299
3.309
3.336
3.283
3.238
3.274
3.332
3.233
4.308
3.494
3.255
3.314
3.287
3.694
3.392
3.252
3.435
3.305
3.336
3.425
3.961
3.713
3.314
4.210
3.254
3.318
4.332
3.277
3.409
4.208
3.822
3.252
3.312
3.296
3.282
3.717
3.275
3.279
3.337
3.256
3.341
3.269
3.334
3.275
3.312
3.292
3.312
3.256
3.386
3.610
3.253
3.264
3.255
3.277
3.393
3.243
3.291
3.408
3.233
3.338
3.274
3.352
5.160
3.422
3.392
4.521
3.385
3.533
3.564
3.504
3.316
3.601
3.294
3.420
3.284
3.483
3.278
3.299
3.352
3.352
11.940
3.315
3.320
3.266
3.525
9.423
3.306
3.397
3.273
3.339
3.315
3.330
3.515
3.438
3.357
3.316
3.370
3.491
3.321
12.298
3.312
3.246
3.522
3.343
3.369
3.283
3.089
3.351
3.294
3.360
3.217
3.329
3.318
3.267
3.212
3.263
3.404
3.539
3.514
3.319
3.492
3.299
3.230
3.288
3.260
3.204
3.119
3.173
3.527
3.247
5.049
3.340
5.581
3.423
3.350
3.338
3.384
3.337
3.339
3.109
3.261
3.094
3.175
3.071
3.167
3.148
3.203
3.253
3.249
3.204
3.141
3.304
3.214
4.100
3.274
3.214
3.170
3.360
3.111
3.114
3.190
3.176
3.142
3.275
3.191
3.197
3.280
3.138
19.956
3.260
3.838
3.668
3.130
3.263
3.222
3.173
3.724
3.282
3.184
21.417
3.438
3.380
3.168
3.118
3.678
3.199
3.491
3.198
3.184
3.169
3.175
3.484
3.209
3.315
3.142
3.981
3.121
3.588
3.340
3.112
3.138
3.244
3.114
3.191
3.176
3.179
3.207
3.190
3.235
3.135
3.262
3.562
3.119
3.219
3.780
3.185
3.117
3.186
3.111
3.165
4.284
3.560
15.831
3.482
3.124
3.331
3.223
3.764
3.456
3.269
3.204
3.233
3.117
3.104
3.176
3.239
3.168
3.159
3.171
3.166
3.139
3.224
3.256
3.176
3.149
3.459
3.221
3.287
3.970
3.439
3.211
3.462
3.207
3.114
3.144
3.115
3.172
3.230
3.129
3.119
3.110
3.199
3.238
3.306
5.015
3.111
3.292
3.231
4.098
3.112
3.115
3.305
3.531
3.219
3.104
3.114
3.149
3.096
3.133
3.148
3.106
3.121
3.103
3.156
3.137
3.263
3.107
3.102
3.623
3.130
3.122
3.110
3.104
3.125
3.278
3.093
3.094
3.105
3.104
3.277
3.142
3.240
3.114
3.118
3.389
4.041
3.118
3.116
3.081
3.134
3.178
3.116
3.109
3.106
3.145
3.125
3.119
3.114
3.180
3.118
4.153
3.170
3.117
3.147
3.166
3.193
7.632
3.131
3.151
3.709
35.620
3.150
3.142
3.102
3.105
3.105
3.842
3.107
3.534
3.115
3.119
3.123
3.141
5.927
3.124
3.114
3.107
3.158
3.131
3.579
3.130
3.121
3.655
3.123
5.654
3.139
3.123
3.118
3.127
3.122
3.152
3.191
3.141
6.665
3.104
3.699
3.112
3.113
3.306
3.111
3.151
3.141
3.116
3.138
4.461
3.113
3.149
3.133
3.577
3.148
9.494
3.115
3.101
3.107
3.110
3.114
3.118
3.119
3.094
3.114
3.286
3.111
3.110
3.196
3.227
3.150
3.107
3.118
3.117
3.145
3.110
3.120
3.104
13.989
3.092
3.118
3.212
41.751
3.118
3.116
3.409
3.123
3.195
3.152
3.160
3.119
4.952
3.107
3.071
3.071
3.235
3.467
3.076
3.373
3.118
3.301
3.112
3.115
4.436
3.558
3.160
3.116
3.118
3.118
3.116
3.117
3.115
3.106
3.115
3.106
3.113
3.088
7.633
3.120
3.532
3.223
3.187
3.117
3.087
39.681
3.181
3.092
3.090
44.590
3.940
3.116
3.088
3.016
3.175
3.043
3.107
3.015
3.588
3.117
3.088
3.261
3.265
3.036
3.123
3.088
3.251
3.111
3.141
3.079
3.127
3.176
3.201
3.119
3.147
3.090
3.252
3.091
3.235
3.082
3.137
3.134
3.112
3.118
3.092
3.119
3.164
13.367
3.104
3.115
3.128
3.046
3.205
3.091
3.132
3.107
3.082
3.713
3.235
3.049
3.177
3.080
3.083
3.075
3.112
3.098
3.110
4.806
3.130
3.096
3.079
3.086
3.153
3.144
3.129
3.239
3.431
3.327
3.074
3.119
3.306
3.071
3.107
3.095
3.095
3.235
3.230
3.206
3.148
3.163
3.583
3.545
3.128
3.098
3.105
3.106
3.260
3.148
3.136
3.068
3.224
3.099
3.076
3.091
3.087
3.252
3.050
3.093
3.165
3.150
3.087
3.120
3.214
3.092
3.124
3.305
3.178
3.138
3.301
3.203
3.019
3.217
3.317
3.215
3.214
3.210
3.123
3.088
3.176
3.277
3.222
3.174
3.113
3.197
3.099
3.167
3.250
3.145
3.184
3.173
3.831
3.217
3.082
3.059
3.337
3.206
3.102
3.094
3.225
3.053
3.191
3.186
3.194
3.269
3.123
3.144
3.154
3.197
3.123
3.250
3.125
3.247
3.157
3.070
3.120
3.091
3.172
3.178
3.155
3.111
3.202
3.175
4.765
3.088
3.060
3.100
3.120
3.180
3.090
3.122
3.187
3.088
3.097
3.071
3.098
3.243
3.087
3.103
3.119
3.169
3.101
4.418
4.491
3.105
3.120
3.079
10.729
3.075
3.092
3.088
3.255
3.149
3.115
3.089
3.126
3.066
3.096
7.094
3.145
3.088
3.080
3.095
3.126
3.067
3.088
3.112
3.590
3.130
4.078
3.295
3.033
3.675
3.170
3.464
3.087
3.294
3.103
3.201
3.147
3.080
3.091
3.073
3.083
18.382
3.070
3.099
3.072
3.090
3.096
19.458
3.135
3.324
3.115
3.116
3.099
3.004
3.179
3.240
13.009
3.643
3.117
3.029
26.138
3.122
3.009
3.437
3.018
3.155
3.097
3.124
3.347
3.449
3.069
2.995
3.079
3.089
3.148
3.121
3.127
3.076
3.110
3.012
3.012
3.078
3.067
3.332
3.067
3.135
3.020
3.091
3.226
3.045
3.457
2.997
3.240
3.147
3.582
3.086
3.133
3.088
14.112
5.503
3.057
3.096
4.282
12.913
3.070
3.106
3.131
3.243
3.062
3.071
3.510
3.200
3.089
3.341
3.045
3.193
3.125
3.199
3.040
3.041
3.195
3.087
2.951
3.116
3.047
3.071
3.002
3.097
3.046
3.594
3.103
3.092
3.116
3.092
3.086
3.144
3.205
3.026
3.155
3.589
3.068
3.457
3.607
3.061
3.059
3.083
3.088
3.043
2.998
3.042
3.005
5.543
3.009
3.084
3.556
3.117
3.040
3.049
3.008
3.080
3.475
3.027
3.011
3.006
3.390
3.344
4.026
3.094
3.405
3.008
14.757
3.049
3.054
3.039
3.100
3.167
3.307
3.093
3.324
3.093
3.104
4.112
3.013
3.197
3.098
3.036
3.028
3.013
3.092
3.089
3.008
3.005
3.857
3.065
3.008
3.119
3.006
3.071
3.007
3.015
3.029
3.037
3.010
3.056
3.014
3.147
3.203
3.008
3.094
3.091
3.006
3.003
3.008
3.007
3.071
3.012
3.229
3.003
3.080
13.900
3.048
3.036
3.089
3.008
3.038
3.107
3.145
3.074
3.095
2.998
3.009
42.322
3.233
3.294
3.002
3.001
5.380
3.125
3.039
5.706
3.029
6.280
2.994
2.986
3.232
8.474
3.008
3.000
3.249
3.174
3.027
4.518
3.014
3.013
3.139
3.040
3.001
3.018
3.007
3.196
19.248
3.012
2.987
3.003
3.048
17.252
2.992
3.016
19.154
2.999
12.717
3.128
3.018
3.010
3.022
3.005
3.079
3.017
3.020
3.176
3.133
3.082
2.998
3.029
3.329
3.198
3.903
3.082
3.011
3.039
3.015
3.031
3.149
3.755
3.068
3.043
3.065
3.027
2.991
3.036
3.405
3.036
3.214
3.028
3.153
3.007
3.180
3.009
3.023
2.999
3.054
3.005
3.264
3.344
2.987
3.310
3.028
2.986
3.014
3.025
2.999
3.067
2.998
3.057
3.040
2.962
3.029
3.060
3.227
3.265
2.998
3.025
3.096
3.407
3.358
3.052
2.981
2.997
3.023
3.009
3.000
3.015
6.585
3.004
2.992
2.955
2.926
3.066
3.019
3.053
3.182
2.987
2.999
3.035
3.096
3.007
3.021
3.000
3.134
3.042
3.016
3.141
2.922
3.385
3.073
2.984
3.034
3.039
3.024
3.097
3.002
2.946
2.987
11.524
4.957
2.959
3.012
3.094
3.235
3.011
11.635
2.950
3.003
3.223
3.009
3.032
3.205
2.931
2.973
3.157
2.991
3.057
3.670
12.239
2.945
3.038
3.090
3.200
2.966
3.039
3.053
2.962
2.965
3.103
3.004
3.060
2.984
3.056
3.030
3.009
2.954
2.983
3.098
3.033
2.989
2.996
2.996
3.044
2.949
3.246
3.271
3.664
2.956
3.264
2.995
2.971
2.958
3.195
3.039
3.044
3.010
3.028
3.094
2.989
3.017
2.994
2.952
2.954
3.013
2.992
2.960
10.278
3.026
3.006
3.017
3.096
2.992
2.966
2.990
3.039
2.974
2.966
2.964
2.995
2.964
21.111
2.957
2.949
2.951
2.970
2.972
3.027
2.964
3.051
2.959
3.048
2.934
3.681
2.980
2.978
3.058
2.973
2.995
2.958
2.989
2.996
2.977
2.934
2.985
3.001
2.983
2.947
2.993
2.996
2.978
3.010
3.050
2.942
2.928
3.010
2.979
2.953
2.927
2.961
2.932
3.829
3.022
2.963
2.993
3.529
2.955
3.007
3.069
2.989
4.886
2.957
3.088
4.375
2.940
2.980
2.969
2.990
3.007
2.981
2.978
3.018
3.083
2.983
2.969
2.981
2.970
3.043
2.992
3.030
2.934
14.999
2.968
2.993
2.973
14.274
2.984
2.955
39.742
3.001
2.938
2.975
2.922
2.949
2.928
2.988
2.935
2.930
2.914
2.992
3.237
2.962
2.928
2.946
2.979
2.955
2.971
6.596
2.936
2.986
2.988
2.988
2.964
2.965
2.951
2.967
3.012
3.010
2.959
2.938
2.946
3.927
3.012
3.020
2.997
3.028
2.954
2.952
2.951
3.009
2.947
3.009
2.927
2.988
3.019
2.964
3.034
2.982
2.950
3.564
2.985
2.955
3.046
2.933
2.968
2.954
2.971
2.942
2.954
6.303
2.942
2.962
2.952
3.109
2.964
2.998
2.970
2.990
2.971
3.388
6.332
2.972
2.935
2.976
2.923
3.005
3.022
2.956
2.956
2.935
2.963
2.950
8.599
2.950
9.498
28.270
2.933
2.968
4.911
2.961
2.926
2.950
2.932
2.964
2.988
2.958
2.946
2.951
2.944
2.927
2.960
18.901
2.941
3.003
3.031
2.920
3.030
2.958
3.001
2.928
2.949
2.942
2.967
3.121
3.047
2.960
2.960
2.976
2.965
2.947
2.949
2.961
3.142
2.926
2.999
2.958
2.988
2.974
2.967
21.050
2.941
2.916
3.022
2.967
2.967
3.000
2.959
2.952
2.969
2.947
3.242
3.192
2.988
2.945
2.942
2.944
2.986
3.254
3.059
2.972
2.986
2.957
2.948
3.100
2.944
2.935
2.944
3.056
2.940
3.688
3.016
3.291
3.003
3.034
2.960
2.953
3.352
3.218
3.009
2.959
3.069
2.832
2.946
2.923
2.943
3.454
2.940
2.925
3.712
3.442
2.950
2.974
2.951
3.012
2.921
2.876
2.973
2.931
3.169
3.009
2.907
3.062
2.999
2.980
3.335
3.017
2.989
2.922
2.860
7.226
2.949
2.914
3.055
3.949
3.044
2.958
2.906
2.973
2.963
3.032
3.329
3.024
2.946
3.003
2.947
2.911
2.960
2.936
2.916
2.900
2.962
2.932
2.997
2.972
2.908
8.222
2.929
2.916
4.934
2.967
3.155
3.316
2.936
2.945
2.924
2.908
2.900
2.973
2.999
2.877
2.904
3.393
2.894
2.957
2.941
3.042
2.933
3.000
2.918
2.920
3.038
2.896
3.093
2.937
2.926
3.075
2.892
2.887
2.911
2.870
2.914
2.912
2.976
2.923
2.952
2.910
3.090
3.267
2.973
2.881
2.884
3.155
2.935
3.392
2.949
3.042
2.863
3.268
2.870
2.919
3.401
3.050
2.938
2.927
2.942
2.984
2.892
2.939
2.908
2.935
2.915
2.904
3.012
2.956
3.232
2.920
2.885
2.926
2.886
2.941
2.949
3.239
2.877
3.148
2.949
2.899
7.845
2.887
2.967
2.889
2.961
2.971
2.975
2.978
3.014
2.956
2.951
2.911
2.901
2.888
2.822
2.832
3.843
2.895
2.960
2.955
2.945
2.841
2.980
2.963
3.300
3.039
2.950
2.903
2.928
3.102
2.893
2.892
2.919
2.961
2.932
2.921
3.085
16.314
2.934
2.890
2.888
2.920
3.051
2.909
2.935
2.889
2.890
2.946
2.892
2.949
3.162
2.962
2.961
2.933
3.272
2.974
2.996
3.010
3.626
2.963
2.889
2.872
2.993
3.454
3.119
2.864
2.849
3.176
2.923
2.965
2.903
2.989
3.122
2.888
2.880
2.885
2.865
2.854
2.956
2.879
2.883
2.906
2.880
2.878
2.837
2.935
2.870
2.907
2.947
2.897
2.968
2.837
3.584
2.872
2.879
2.848
2.891
3.007
2.868
2.903
3.016
2.931
3.026
2.994
2.970
3.009
2.856
2.945
2.931
2.911
2.941
2.984
2.999
2.942
2.926
3.749
2.966
2.931
2.947
2.950
21.178
2.991
3.012
2.937
2.864
2.964
2.850
2.980
3.007
2.889
2.971
3.167
2.941
2.971
2.866
2.953
2.961
2.973
3.118
2.835
3.002
2.962
3.215
3.450
2.942
3.080
2.988
2.902
2.981
2.891
2.866
2.879
2.939
2.945
2.972
2.853
2.975
2.977
2.847
3.503
2.937
2.918
2.913
2.928
3.028
2.881
2.939
3.001
2.934
3.147
2.949
2.970
2.881
2.885
3.357
2.860
3.016
3.082
3.188
2.856
3.066
2.881
2.974
2.872
2.930
2.858
2.929
2.912
2.859
2.884
2.856
2.910
2.932
2.884
14.013
3.031
2.849
2.872
18.481
2.856
2.950
2.907
2.847
2.897
2.910
2.998
2.886
3.053
2.879
14.519
2.898
2.872
3.004
2.880
2.882
2.908
2.855
2.872
2.854
2.921
3.052
3.470
2.871
2.865
2.859
2.851
2.870
2.978
3.098
2.873
2.887
2.861
2.891
2.851
2.879
2.900
2.945
2.896
2.860
2.867
2.884

Results for GA
Target: Iris-versicolor: 
Correctly classified 145.0 instances.
Incorrectly classified 5.0 instances.
Percent correctly classified: 96.667%
Training time: 852.809 seconds
Testing time: 0.004 seconds

