-i 10000 -algo sa 
Iterations: 10000

Error results for SA
Target: Iris-versicolor
---------------------------
30.246
29.907
32.488
32.469
27.894
32.559
31.648
31.637
29.826
28.904
27.950
28.373
27.476
32.185
32.264
31.612
31.617
31.620
31.990
32.067
31.522
31.522
31.519
32.082
32.299
32.298
32.284
32.284
32.094
28.898
28.898
28.898
28.898
29.207
32.871
32.822
32.764
33.061
33.058
33.062
36.504
36.669
34.952
39.904
39.740
39.685
39.552
39.558
36.870
36.869
37.236
37.236
37.043
36.758
36.989
36.993
37.079
37.079
37.125
37.146
37.153
36.125
36.439
36.439
36.151
36.149
33.274
30.297
33.188
33.192
33.038
33.029
32.133
32.224
32.233
32.233
32.248
32.390
29.508
30.216
28.497
28.497
28.497
27.669
27.630
27.630
28.002
28.004
27.998
21.111
14.005
14.003
13.855
13.855
14.987
18.198
19.527
19.528
19.575
19.575
20.602
20.600
20.600
20.201
20.173
19.472
23.804
23.804
23.804
23.804
23.804
22.667
22.740
22.765
22.818
22.818
23.508
23.508
23.935
25.588
25.588
25.855
25.839
26.641
27.829
27.824
26.069
26.069
26.120
26.120
26.120
26.120
25.014
24.713
24.713
24.713
26.476
26.563
26.562
26.562
28.214
22.631
22.632
22.422
22.780
22.598
22.598
27.672
27.659
27.964
21.798
21.164
16.493
16.493
17.019
17.088
17.087
14.675
14.637
14.671
14.715
14.655
14.428
14.428
14.428
14.405
14.388
14.426
14.921
14.921
14.414
14.361
14.361
14.355
14.735
15.031
15.040
14.984
14.721
14.721
14.310
14.256
14.822
14.736
14.679
16.197
20.309
20.596
20.608
19.233
18.710
18.709
18.492
18.469
19.214
19.273
26.374
26.342
26.387
26.388
26.379
26.379
26.437
26.437
26.353
26.133
25.991
25.991
27.043
27.031
27.015
26.701
26.676
29.448
31.355
29.723
29.671
29.669
29.657
29.657
29.671
27.014
27.261
25.578
25.578
25.733
25.726
25.755
25.755
25.755
25.759
24.994
24.994
24.988
24.526
24.540
22.234
22.234
22.558
22.554
22.553
22.559
22.559
22.558
22.635
22.636
22.473
22.473
23.685
23.727
26.074
26.070
29.305
30.383
29.480
29.480
29.480
29.483
29.616
29.615
29.610
29.350
31.679
31.671
30.553
30.550
30.467
28.712
28.719
28.048
28.213
28.865
28.865
28.904
28.770
28.770
28.760
28.760
28.760
28.759
28.759
28.756
28.743
28.751
29.898
29.898
29.883
30.133
30.133
30.133
30.249
29.904
28.462
28.462
26.911
26.913
25.745
25.745
25.745
25.745
30.072
30.069
30.128
30.128
30.130
30.130
30.128
30.126
30.125
30.476
30.394
29.744
29.679
29.679
29.679
27.730
25.325
22.671
22.564
22.630
22.641
22.641
22.615
22.478
22.398
22.397
22.400
21.377
21.376
21.375
21.383
21.381
20.545
20.630
20.524
20.524
22.659
22.659
23.346
23.518
23.430
23.430
22.214
22.082
22.082
22.096
20.394
20.397
19.807
20.015
20.015
19.866
19.436
17.138
17.396
18.344
19.414
18.488
18.488
18.488
18.511
18.511
17.933
17.933
17.472
17.474
16.916
16.247
17.165
17.164
22.964
25.533
26.150
26.151
25.924
25.886
25.867
25.864
25.864
25.864
28.473
28.473
28.020
28.025
27.282
27.282
27.418
27.418
27.418
27.421
27.421
27.873
27.873
27.873
24.950
24.944
24.944
24.947
24.947
24.947
24.948
24.948
24.948
24.956
25.036
25.040
33.282
33.282
33.282
33.282
33.275
33.267
32.837
32.837
32.837
31.278
29.945
30.451
30.453
30.518
30.518
30.523
30.524
30.524
30.528
30.528
31.908
31.914
31.914
29.663
29.340
29.340
29.340
29.338
29.338
28.790
28.790
28.790
28.783
28.582
28.594
28.591
28.592
28.598
28.598
28.598
26.117
25.977
25.984
21.439
21.440
21.440
21.434
21.519
21.395
23.471
23.470
23.470
23.476
23.472
23.471
23.471
23.526
23.528
21.752
21.753
21.753
21.561
21.563
21.570
21.568
22.080
21.822
21.822
21.822
20.709
20.290
20.229
20.337
20.318
20.400
19.863
19.120
20.769
20.195
20.194
20.199
20.249
20.257
20.989
20.997
20.174
20.205
20.159
20.159
19.664
19.663
20.872
20.775
20.775
20.765
20.790
20.793
20.793
20.793
20.793
20.791
20.806
20.806
20.545
20.160
20.160
20.103
20.105
20.103
20.102
20.101
20.101
19.629
19.793
19.794
19.794
18.484
18.251
18.251
18.627
19.917
19.126
19.137
18.329
18.436
17.520
17.520
17.519
17.875
17.816
17.816
17.907
18.788
18.535
19.463
19.417
19.417
19.417
19.417
19.417
19.417
19.418
19.418
19.389
19.510
19.628
19.628
19.655
19.639
19.831
19.831
19.833
20.580
20.580
20.580
21.325
21.424
21.421
21.487
21.503
21.487
21.314
21.317
21.317
21.317
21.317
21.317
19.117
19.001
19.001
18.992
20.166
21.352
21.364
21.363
21.363
21.363
21.364
22.557
22.557
22.266
22.266
22.260
22.263
21.907
21.907
23.402
23.136
23.136
23.135
23.136
23.136
23.125
20.893
20.405
20.405
20.405
20.405
20.405
20.406
20.406
20.406
20.406
20.406
20.406
20.406
20.403
20.403
20.395
20.395
20.395
20.806
20.806
20.806
21.802
20.652
20.652
20.652
20.652
20.463
20.457
21.863
20.456
20.458
20.458
20.458
19.688
19.682
19.682
19.682
19.682
19.682
19.682
19.682
19.682
19.695
19.695
19.698
19.564
19.564
19.564
19.564
19.514
19.511
18.080
18.080
18.080
18.342
19.310
18.080
18.080
16.937
16.937
16.367
16.346
16.346
15.798
15.800
15.819
15.800
15.800
15.799
15.799
15.805
15.805
16.982
16.570
15.805
15.805
15.805
15.805
15.763
15.763
15.763
15.763
16.731
15.763
15.763
15.763
16.371
15.763
16.706
15.763
15.757
15.787
15.751
15.751
16.143
15.751
15.751
15.751
15.244
15.596
15.244
15.251
15.244
15.241
15.241
15.241
15.241
15.241
15.587
15.256
15.241
15.241
15.241
15.241
15.241
15.238
15.238
15.238
15.238
15.612
15.238
15.276
15.238
15.453
15.088
15.935
15.077
15.077
15.210
15.077
17.466
15.481
15.077
14.823
14.823
14.823
14.823
14.823
14.823
14.822
14.982
14.823
14.823
14.823
14.823
14.823
14.823
14.823
15.168
15.037
14.814
15.030
14.814
14.814
14.814
14.767
14.767
14.768
14.767
16.237
14.767
14.767
14.767
15.218
14.767
14.767
15.490
18.048
14.767
14.768
14.769
14.767
14.499
14.499
14.785
14.499
14.499
14.499
14.500
14.661
14.518
16.411
14.493
14.493
14.491
14.317
14.316
14.316
14.316
14.293
12.618
12.618
12.612
12.612
12.612
12.612
13.726
13.392
13.155
12.612
12.697
12.612
12.633
12.615
13.952
13.116
12.612
12.614
12.616
12.612
12.612
12.613
12.612
12.339
12.339
14.885
14.708
12.339
12.339
12.339
12.334
12.476
12.336
12.334
12.334
12.337
12.335
12.334
12.334
12.155
12.155
12.155
12.155
12.179
12.131
12.109
12.109
12.109
12.109
15.295
12.109
16.251
13.483
11.722
11.531
11.704
11.705
11.531
11.531
12.559
11.549
11.531
10.511
10.511
10.511
10.511
10.721
10.562
10.636
10.556
10.517
10.511
10.511
10.512
11.808
10.511
10.472
10.518
10.472
10.471
10.471
11.681
10.471
10.162
10.162
10.138
10.200
10.142
10.138
10.068
9.967
9.850
9.850
9.924
10.497
9.850
9.850
9.850
10.579
9.850
9.848
9.848
9.848
9.848
9.848
9.678
9.304
9.304
9.494
9.304
9.304
9.304
9.304
9.575
9.304
9.304
9.304
9.304
9.304
9.304
9.304
9.304
9.320
9.321
9.304
9.304
9.324
9.304
10.484
9.304
10.533
9.304
11.283
9.293
9.291
9.291
9.251
9.251
9.772
9.251
9.251
9.249
9.249
9.235
9.087
10.027
9.364
9.087
9.754
9.087
9.087
10.056
9.087
12.095
11.002
9.115
9.136
9.087
9.087
9.043
9.030
9.001
8.855
9.103
8.855
8.852
9.520
8.556
9.525
9.008
8.556
8.556
8.556
8.253
8.253
8.253
8.246
9.133
8.246
8.246
8.246
8.246
8.241
8.247
8.241
7.429
7.429
7.429
7.817
8.864
7.519
7.429
7.429
7.430
7.429
7.228
7.168
7.168
7.168
16.672
7.444
7.175
7.284
7.168
8.781
7.311
7.168
7.190
7.168
7.184
11.062
8.082
7.168
7.168
7.168
10.350
7.160
7.160
6.884
6.884
6.750
15.547
6.750
6.750
6.750
6.750
6.750
6.764
7.769
6.750
6.750
6.750
6.575
6.677
6.705
6.575
6.575
7.316
6.414
6.749
6.414
6.414
6.414
6.553
6.715
6.412
6.412
6.898
6.412
6.485
6.415
9.438
10.868
6.363
6.363
6.977
6.363
6.399
6.673
6.363
6.224
6.224
6.224
6.224
6.223
6.223
9.630
6.223
6.317
13.144
6.223
6.223
6.223
6.325
6.222
8.127
6.222
6.183
6.212
6.183
6.183
6.192
8.878
6.183
6.183
6.152
6.152
6.152
6.152
6.737
6.607
6.337
6.237
6.152
9.983
6.128
6.128
6.124
6.124
6.124
6.116
6.116
6.116
6.116
6.433
6.116
6.229
6.124
6.513
6.125
6.116
6.116
6.116
7.064
6.088
6.179
6.088
6.418
6.088
6.844
6.088
6.074
6.040
6.040
6.038
6.371
6.089
6.040
6.038
6.883
6.388
6.278
6.337
6.617
6.038
6.132
6.110
6.239
6.049
6.127
6.000
6.014
6.000
7.323
6.000
6.003
6.015
6.235
6.630
6.001
6.209
6.000
6.000
6.311
8.821
6.040
6.000
5.991
12.142
5.676
5.676
6.036
5.624
5.624
9.565
5.497
5.428
5.781
6.337
5.656
5.428
5.409
5.468
5.409
6.152
7.721
5.409
5.429
5.409
5.028
13.952
5.028
5.028
5.028
5.028
5.028
5.028
6.614
6.462
5.915
5.028
5.028
5.453
5.440
5.891
5.344
5.028
4.987
4.987
5.584
4.987
5.061
4.987
4.941
5.089
4.955
5.000
4.963
4.941
4.941
5.657
4.893
4.893
4.945
4.893
4.893
5.179
4.893
4.893
4.893
4.955
4.893
4.949
4.893
4.890
4.890
4.889
4.889
4.885
4.885
4.960
4.885
4.885
5.012
4.899
4.885
4.885
4.886
4.885
4.885
5.536
4.885
4.884
5.295
5.404
5.069
4.884
4.884
5.212
4.884
5.695
4.976
4.884
9.498
4.884
8.680
5.409
5.299
4.884
4.884
4.884
4.965
4.884
15.857
4.880
4.880
4.880
5.269
7.114
4.880
4.880
6.075
4.872
5.045
4.872
4.895
4.872
4.872
4.872
4.867
4.882
4.867
8.669
4.867
4.976
4.867
4.867
4.853
5.077
4.994
4.853
4.853
4.853
4.779
4.779
4.787
5.456
4.779
5.324
5.922
5.585
4.779
5.816
5.110
4.251
4.257
4.251
4.419
4.251
4.266
5.443
4.283
4.436
10.794
4.260
4.251
4.251
4.236
4.527
4.236
4.341
4.432
4.236
4.218
4.041
4.115
4.036
4.044
4.048
3.864
3.861
3.919
3.861
4.419
3.850
3.864
3.877
3.853
4.149
3.972
3.850
3.666
4.298
3.666
3.661
4.104
3.661
4.120
3.656
3.677
3.640
3.640
16.058
3.640
3.682
3.881
4.346
3.640
8.089
3.640
11.353
3.698
3.627
3.623
3.631
3.623
3.623
3.631
3.987
3.623
3.633
3.922
3.838
3.625
3.879
3.836
3.746
3.626
3.897
3.623
3.729
3.630
4.341
3.623
4.420
3.624
3.623
4.753
3.623
3.623
3.623
3.623
3.636
3.608
3.608
3.608
3.616
3.608
3.671
3.593
3.649
7.179
3.593
3.593
3.593
3.608
3.593
3.593
3.593
3.638
3.596
3.593
3.593
3.593
3.619
3.801
3.593
8.566
5.783
3.823
3.859
3.650
3.609
3.593
3.626
3.593
3.593
3.595
3.686
3.593
3.593
3.791
3.593
3.593
3.592
3.609
3.638
3.623
3.592
3.592
3.592
3.592
3.625
16.284
3.592
3.602
3.770
3.602
3.592
3.925
3.592
3.592
4.081
3.592
4.053
3.590
3.586
3.585
4.100
3.588
3.588
3.586
3.829
4.849
3.585
3.586
3.585
4.389
4.241
3.585
3.776
3.585
3.579
3.579
3.579
5.609
3.508
3.466
3.752
3.466
3.465
3.482
3.465
3.450
3.450
3.694
3.770
3.450
3.436
3.436
3.438
3.436
3.434
3.752
4.242
3.922
3.435
3.421
4.226
3.421
3.421
3.421
3.452
3.481
3.421
3.433
4.000
3.492
3.426
3.420
19.626
3.420
3.416
3.448
4.530
3.491
3.426
3.416
3.476
3.416
3.833
3.416
3.416
3.417
3.416
3.416
3.416
3.422
3.437
3.415
3.674
3.415
3.271
3.260
3.262
3.260
3.325
3.822
3.260
3.265
3.337
3.512
3.460
3.264
3.260
20.337
3.641
3.302
3.306
3.263
3.429
3.941
3.269
3.279
3.260
3.260
3.260
3.260
3.310
3.296
3.260
3.255
3.264
3.324
3.243
3.243
3.309
3.342
3.243
3.255
3.243
3.243
3.241
3.297
3.241
3.241
3.241
3.241
3.241
3.241
3.246
3.061
3.020
4.878
3.022
3.058
3.084
3.020
3.020
3.018
3.071
3.010
3.010
2.965
2.961
9.528
3.072
2.962
2.959
2.990
2.961
2.959
2.959
2.947
3.082
2.987
2.952
8.597
2.947
3.109
2.951
2.947
3.086
3.276
2.969
3.093
3.055
2.947
2.958
6.615
3.027
2.947
2.959
3.018
9.827
2.968
2.947
2.934
2.934
2.996
2.934
2.934
3.236
2.934
2.937
3.219
3.082
2.959
2.934
2.956
3.032
2.937
11.618
2.975
2.934
2.946
2.934
3.051
5.994
2.934
2.983
2.934
2.932
2.932
2.927
2.927
2.925
2.943
2.944
3.115
14.007
2.925
3.770
2.925
2.925
2.925
2.925
3.066
2.925
2.925
2.925
2.995
2.925
2.931
2.925
2.925
2.925
2.925
2.925
2.963
2.925
2.914
3.234
2.930
2.978
2.914
2.914
2.925
4.466
2.914
2.914
2.915
2.914
3.003
3.166
2.953
2.952
2.914
2.946
2.914
2.925
2.912
3.447
3.031
3.181
3.020
2.917
5.572
2.946
2.927
2.959
2.912
3.054
2.912
2.912
2.912
3.425
21.420
2.888
2.888
2.888
2.956
2.889
2.893
2.895
2.888
2.891
2.898
2.888
3.067
2.888
2.924
2.888
2.953
14.066
2.903
4.739
2.888
2.888
2.888
2.888
2.888
2.888
2.893
3.697
2.921
2.973
2.888
2.888
2.892
2.889
2.918
2.884
2.900
2.903
2.884
3.735
2.884
2.884
2.884
2.884
3.006
2.884
2.970
2.884
2.963
2.884
2.877
2.897
2.877
2.877
2.900
2.877
2.985
2.877
2.877
2.884
2.899
2.835
2.835
2.835
3.105
2.856
2.850
22.100
2.898
2.835
2.835
2.886
3.039
3.019
2.835
2.836
2.904
2.835
2.858
2.887
2.835
2.850
2.904
2.835
2.833
2.870
2.833
7.221
3.386
2.824
2.793
2.856
2.782
2.899
2.869
2.787
2.793
2.782
2.782
2.819
2.782
5.625
2.782
2.781
2.781
2.831
2.792
2.784
8.729
2.781
2.781
19.442
2.781
17.789
2.781
2.781
2.943
2.829
3.048
2.784
2.781
17.602
2.782
10.273
2.791
2.785
2.781
3.354
2.781
2.781
3.230
2.848
2.871
2.777
2.777
2.777
2.777
2.777
2.777
2.675
2.675
2.675
2.781
3.742
3.300
2.675
3.757
2.688
2.666
2.781
2.660
2.717
2.660
2.660
3.177
2.864
2.660
2.656
2.656
2.656
2.656
2.656
2.710
2.718
2.656
2.656
5.376
2.656
2.656
2.656
2.805
2.651
2.651
2.644
2.819
2.654
2.649
2.647
2.644
2.644
2.666
2.643
2.643
2.757
2.643
2.643
2.633
2.633
2.634
2.633
2.633
19.720
2.653
2.633
2.633
2.633
2.637
2.712
2.737
2.641
2.654
2.633
2.633
2.633
2.758
2.633
21.937
2.657
2.674
2.633
2.633
2.631
2.720
3.819
2.850
2.631
2.703
2.631
2.631
2.631
2.631
21.954
2.757
19.993
2.631
2.636
2.631
2.937
2.677
2.634
3.208
4.021
2.631
2.635
2.694
2.631
2.769
2.631
2.631
3.305
2.632
2.632
2.721
2.723
2.766
2.631
2.631
2.631
2.754
2.627
2.627
2.644
2.777
2.631
2.627
2.625
2.625
2.625
2.740
2.658
2.787
2.625
2.638
2.625
2.625
2.625
2.884
2.712
2.675
2.626
2.625
2.625
2.827
2.631
2.647
2.625
4.310
3.736
2.627
2.662
3.813
2.625
2.625
2.625
2.625
3.936
3.049
3.205
2.625
2.737
2.724
2.625
2.625
2.625
2.625
2.625
2.628
2.626
2.681
2.625
2.625
2.625
2.624
2.624
2.624
2.610
2.610
2.655
2.622
2.610
2.612
2.610
2.610
2.610
2.610
2.742
3.032
2.610
2.610
2.610
2.610
2.610
2.642
2.610
2.610
2.610
2.697
2.614
2.632
2.776
2.609
2.613
2.609
2.609
2.609
2.609
2.615
2.609
2.609
2.609
2.609
2.600
2.601
5.154
2.570
2.564
2.631
3.058
2.564
2.564
2.565
2.564
2.814
2.570
2.770
2.564
2.564
2.564
2.564
2.564
2.564
2.758
2.576
2.564
2.564
6.242
2.564
2.624
2.564
2.564
2.675
2.564
2.564
2.546
2.593
2.547
5.069
2.542
2.542
4.527
2.542
2.543
2.542
2.542
2.542
5.715
2.549
2.542
2.542
2.542
2.542
2.542
2.545
2.542
2.542
2.542
2.660
2.530
2.530
2.530
2.530
2.535
2.530
2.530
2.818
2.530
2.530
2.533
9.366
2.530
2.530
2.664
2.517
2.517
2.565
2.517
2.517
2.538
2.540
2.517
2.545
2.517
2.517
2.519
2.517
2.517
2.508
2.508
2.508
2.508
2.820
2.508
2.647
2.508
2.518
7.643
2.508
2.563
22.715
2.467
2.467
2.497
2.585
2.467
6.875
2.467
2.464
3.856
4.134
2.569
2.463
2.798
4.110
2.463
2.463
2.463
2.669
2.463
2.463
2.464
2.449
2.456
2.449
2.445
2.444
2.444
2.529
2.444
2.483
2.454
2.483
2.545
2.444
2.444
2.444
2.444
2.444
2.442
2.441
2.441
2.453
2.441
2.441
3.232
2.441
2.441
2.433
2.907
2.653
2.433
2.433
2.433
2.433
2.612
2.598
2.468
2.432
2.432
2.432
2.435
2.521
2.432
2.432
2.432
2.432
2.432
3.010
2.435
2.432
2.432
7.842
2.850
2.432
2.560
2.432
2.553
2.432
2.430
2.430
2.434
2.430
2.487
3.282
22.550
2.431
2.435
2.708
2.433
2.430
2.430
2.433
22.241
2.434
2.430
2.430
2.431
9.385
6.740
2.430
2.432
2.433
2.430
2.430
2.430
2.430
2.433
2.462
2.537
2.432
2.430
2.430
2.430
2.611
2.430
2.430
2.430
2.430
2.433
2.430
2.433
2.429
2.429
2.429
2.429
2.546
2.433
2.429
2.474
2.429
2.431
2.705
7.243
2.429
2.597
2.429
2.429
2.429
2.429
2.643
2.432
2.429
2.467
2.429
2.429
2.429
2.721
2.446
2.426
2.426
2.446
9.098
4.762
2.426
2.530
2.628
2.426
2.429
2.426
2.426
2.426
2.427
6.136
2.426
2.430
2.479
2.426
2.426
2.432
2.531
2.426
2.441
2.426
2.424
3.421
2.434
14.719
2.426
2.640
2.424
2.424
2.424
2.423
2.423
2.423
2.423
2.423
9.296
3.213
2.423
2.427
2.423
2.533
2.423
2.496
2.423
2.423
2.617
2.632
2.495
2.483
2.423
2.423
2.436
3.531
2.412
2.412
2.417
2.412
2.432
2.500
2.516
2.456
2.424
2.412
3.673
2.411
2.435
2.423
2.411
2.411
2.411
2.413
2.411
2.411
2.434
2.411
2.411
2.592
2.411
2.459
2.424
2.411
2.411
2.413
2.411
2.419
2.411
2.461
2.411
2.411
2.437
2.412
2.411
2.411
2.413
2.665
2.417
2.411
2.429
2.411
2.411
2.491
2.426
2.411
2.411
2.699
2.411
2.411
2.411
2.439
2.411
2.419
2.411
2.522
2.494
2.411
2.411
2.411
2.407
2.424
2.407
2.407
2.407
2.414
2.407
2.407
2.407
2.407
2.407
2.518
2.407
2.429
2.407
3.183
2.407
2.534
2.407
2.407
2.407
4.604
2.407
2.405
2.405
2.405
2.402
21.683
2.402
2.528
2.403
2.403
2.924
2.402
2.402
2.613
2.402
2.435
2.402
2.456
2.402
2.402
2.415
2.403
2.402
2.405
2.402
2.402
2.410
2.402
2.402
2.238
2.242
2.238
2.238
2.239
2.238
2.238
2.466
2.240
2.238
2.238
2.238
2.239
2.239
2.407
2.599
2.238
2.253
2.241
2.238
2.238
2.273
2.304
2.238
12.988
2.238
2.238
2.268
2.238
2.238
20.589
2.243
2.238
2.348
2.238
2.377
2.238
2.238
2.238
2.238
2.237
2.237
2.888
2.237
2.237
2.237
2.237
2.263
2.237
2.301
2.242
3.545
2.237
2.429
2.239
2.236
2.236
2.236
2.236
2.236
2.263
2.236
2.282
2.236
2.236
2.236
2.236
2.236
2.236
2.236
2.236
2.236
2.276
2.236
2.236
2.236
2.236
2.250
2.236
2.440
2.423
2.236
2.235
2.249
2.235
2.235
2.235
2.236
2.236
2.235
2.235
2.479
2.235
2.298
2.235
2.235
2.235
2.235
2.235
2.236
2.237
2.244
10.376
2.235
2.238
2.236
2.235
2.237
2.235
2.235
2.247
2.234
2.234
2.248
2.235
2.234
2.234
2.257
2.234
2.234
10.531
2.234
2.234
2.234
2.234
2.234
2.234
2.234
2.233
2.233
2.582
2.233
2.237
2.232
2.580
7.688
2.231
2.231
2.232
2.231
2.231
2.231
2.317
2.275
4.611
2.231
2.374
2.238
2.245
2.231
2.231
2.258
2.271
2.412
2.236
2.231
2.231
2.261
2.291
2.162
2.335
2.162
2.163
2.186
2.162
2.162
2.162
2.162
2.162
11.161
2.162
2.162
2.162
2.306
2.165
2.162
2.161
2.162
2.161
2.163
2.161
2.170
2.308
2.161
2.161
2.161
2.161
2.156
2.237
2.158
2.156
2.159
23.182
2.156
2.156
2.156
2.156
2.156
2.156
2.156
2.156
2.156
2.183
2.156
2.156
2.156
2.156
2.252
2.156
2.158
2.156
2.158
2.156
13.683
2.156
2.156
2.156
2.156
2.156
2.156
2.159
2.156
3.871
2.156
2.156
2.156
2.156
2.156
2.156
2.156
2.156
2.161
2.175
2.156
2.156
2.161
2.156
2.158
2.162
2.282
2.156
2.156
2.176
2.156
2.157
2.156
2.156
2.157
2.325
2.156
2.219
2.156
2.156
2.156
2.167
2.158
2.156
2.156
2.156
2.158
2.157
2.156
2.156
2.156
2.156
2.161
2.172
2.157
2.156
2.156
21.134
2.159
2.156
2.178
2.155
2.161
2.155
17.042
2.155
2.155
2.155
2.155
2.214
2.152
2.152
2.152
2.172
2.154
2.152
2.152
2.152
2.152
2.152
2.201
2.152
2.152
2.832
2.152
11.002
2.152
2.152
2.218
6.453
3.464
2.173
2.152
2.251
4.712
2.152
2.152
2.219
2.152
2.158
2.152
2.166
2.168
2.152
2.152
2.261
2.152
2.161
2.152
2.152
2.152
2.152
2.152
2.339
2.324
11.798
2.152
2.152
2.152
2.262
2.568
2.316
2.152
2.152
2.189
2.152
2.152
2.152
2.260
2.152
2.234
2.152
2.152
2.152
5.336
2.201
2.152
2.152
2.152
2.157
2.074
14.719
2.201
2.083
2.074
2.076
2.074
2.077
2.080
2.075
2.074
2.074
2.080
2.075
2.089
2.075
2.074
2.074
2.279
2.177
2.084
2.122
17.266
2.074
2.074
4.061
2.074
2.081
2.075
2.076
2.080
2.074
3.999
2.074
2.074
2.074
2.074
3.365
2.118
2.093
2.074
2.148
2.074
2.074
2.129
2.054
2.054
2.054
2.060
2.054
2.054
2.054
2.094
2.054
10.524
2.053
2.082
18.249
2.053
2.053
2.316
2.052
2.051
2.052
2.271
2.051
2.051
2.051
2.117
2.049
2.049
2.049
2.049
2.049
2.085
2.049
2.049
2.048
2.172
2.172
2.048
2.198
2.048
2.048
2.048
2.045
2.056
2.046
2.083
24.106
2.066
2.045
2.045
2.063
2.045
2.045
2.069
2.049
2.045
2.045
2.045
2.045
2.046
2.045
2.045
11.126
2.046
2.048
3.652
12.382
2.045
2.067
2.046
2.047
2.045
2.048
2.045
2.045
2.045
2.046
2.067
2.038
2.038
2.038
14.297
2.069
2.038
2.038
2.038
2.038
2.091
2.038
2.038
2.038
2.038
2.032
2.211
2.032
2.033
2.031
2.031
2.104
2.031
2.031
2.031
2.073
2.136
2.360
2.031
2.037
2.030
2.030
2.033
2.030
2.032
2.030
2.031
2.030
2.030
2.030
2.030
2.030
2.031
2.030
2.041
2.060
2.030
2.071
2.030
2.030
2.031
2.030
8.141
2.052
2.066
2.030
2.052
2.030
2.030
2.027
2.020
2.020
2.020
2.021
2.020
2.020
2.024
2.020
2.020
2.020
2.019
2.019
2.021
2.019
2.019
2.109
3.883
2.020
15.081
2.021
2.019
2.019
2.020
2.020
2.019
2.021
2.019
2.019
2.019
2.212
2.021
2.019
2.667
2.022
2.030
2.019
2.019
2.020
2.019
2.018
2.041
2.018
2.018
2.018
2.020
2.020
2.021
2.053
2.018
2.032
2.018
3.950
2.119
2.018
2.021
2.018
2.018
2.024
2.018
2.018
2.031
2.016
2.016
2.016
2.016
2.016
2.037
2.016
2.028
2.017
2.016
2.016
2.016
2.016
2.017
2.016
2.017
2.016
2.016
2.016
2.020
2.031
2.016
2.016
2.016
2.016
2.016
2.016
2.016
2.016
2.016
2.116
2.016
8.276
2.060
2.092
2.016
2.016
2.016
2.016
2.017
2.022
2.015
2.015
2.015
2.017
2.015
23.952
2.095
2.039
2.018
2.017
2.015
2.015
2.015
2.015
2.015
8.626
2.017
2.020
2.015
2.015
2.015
23.662
2.015
2.015
2.016
2.015
2.038
2.120
2.044
2.016
2.015
2.015
2.015
2.022
2.015
2.015
2.014
2.015
2.015
2.014
2.014
2.014
2.068
2.014
2.014
2.014
2.017
2.014
2.018
2.023
2.031
2.014
2.014
2.095
2.022
2.014
2.014
2.015
2.028
2.015
2.014
2.015
2.014
2.036
2.016
2.014
2.014
2.014
2.014
2.022
2.134
2.014
2.014
2.013
2.013
2.010
2.096
2.113
2.009
2.028
2.819
2.009
2.023
2.015
2.011
2.009
2.009
2.009
2.009
2.018
2.026
2.009
2.105
2.048
2.009
2.082
2.103
2.009
2.009
2.009
2.009
2.022
2.009
2.009
2.009
2.009
2.009
2.009
2.009
2.075
2.009
2.009
2.009
2.009
2.008
2.009
2.008
2.008
2.093
2.022
2.008
2.008
2.008
2.135
2.008
2.008
2.008
2.036
2.008
2.008
2.060
2.008
2.008
2.008
2.009
2.915
2.027
2.011
2.008
2.011
2.008
2.022
2.007
2.027
2.007
2.007
24.090
2.013
2.007
2.052
2.007
2.007
2.007
2.009
2.049
2.007
2.007
2.039
2.007
2.007
2.008
2.007
2.007
6.742
2.007
2.007
2.008
2.009
2.007
2.007
24.151
2.007
2.007
2.007
2.007
2.007
2.009
2.008
2.008
2.007
2.007
2.007
2.007
2.050
2.008
2.007
2.007
2.023
2.007
23.353
2.007
2.010
2.007
21.587
2.007
2.008
2.008
2.008
6.315
2.023
2.007
2.012
2.008
2.016
2.007
2.012
2.007
2.007
2.007
2.007
2.007
2.007
2.086
2.007
2.007
2.007
2.007
2.019
2.007
2.007
2.007
2.049
2.007
2.007
2.007
2.007
2.007
2.007
2.007
2.007
2.007
2.009
2.005
2.013
2.123
2.014
2.024
2.009
2.005
2.005
3.729
2.004
2.004
2.004
2.022
2.004
2.004
2.004
2.070
2.004
2.004
2.060
2.012
2.033
2.004
2.011
2.004
2.004
2.008
2.065
2.004
2.589
2.004
2.004
2.095
2.004
2.004
2.004
2.004
2.004
2.004
9.387
2.003
2.003
2.022
2.003
2.049
2.004
2.003
2.003
2.006
2.010
2.003
2.009
2.004
2.003
3.653
2.011
2.005
2.003
2.003
2.003
2.003
2.003
2.003
2.006
2.003
2.003
2.003
2.049
2.016
2.003
2.136
2.003
2.004
2.003
2.060
2.005
2.009
2.004
2.003
2.047
2.003
2.003
2.194
2.030
10.981
2.003
2.031
2.010
2.012
2.003
2.003
2.011
2.003
2.003
6.022
2.003
2.003
2.098
2.021
2.003
2.009
4.935
2.003
2.003
2.003
2.003
2.056
8.973
2.004
2.003
2.004
2.004
2.003
2.074
2.003
2.008
2.015
2.003
2.003
2.155
2.003
2.003
2.008
22.142
2.003
2.004
2.052
6.455
2.029
2.004
2.003
2.003
2.003
2.003
2.057
23.728
2.003
2.019
2.003
13.398
2.038
24.185
2.003
2.017
2.013
10.407
2.003
2.094
2.003
2.013
2.003
2.038
2.054
2.005
2.003
2.003
2.034
2.003
21.688
2.004
2.002
2.003
2.613
2.009
2.079
2.002
2.060
2.002
2.002
2.050
2.002
2.002
1.970
1.970
1.970
1.985
1.970
1.978
1.971
1.970
3.268
1.970
1.973
1.970
2.065
1.970
2.533
1.989
1.971
1.969
1.969
2.010
1.969
1.969
2.055
2.039
1.969
1.969
1.969
1.969
1.969
1.970
1.969
1.969
1.969
1.969
1.969
1.970
1.969
1.983
1.970
2.247
1.984
1.969
1.973
1.969
1.969
1.969
2.005
2.003
18.687
1.970
1.968
1.968
2.016
2.027
2.574
1.968
1.968
1.968
1.979
1.968
1.970
14.609
1.968
1.968
2.005
1.982
1.968
1.968
1.968
1.968
3.392
1.968
1.968
1.968
1.982
1.993
1.968
1.968
2.096
1.968
1.968
1.968
1.968
1.967
5.347
1.967
1.967
1.967
1.972
1.967
1.967
1.969
1.967
1.974
1.967
1.967
1.967
1.970
1.967
1.967
1.967
2.344
1.967
1.967
1.969
1.968
1.967
1.967
2.225
1.967
1.966
2.803
1.969
2.080
1.966
1.966
1.966
1.966
1.956
2.458
1.956
2.911
1.956
2.045
1.956
1.956
22.124
1.956
20.806
1.956
1.956
1.956
1.959
1.956
7.031
2.056
2.072
1.956
1.956
1.956
1.956
1.956
1.956
1.956
1.958
1.959
1.970
1.956
1.957
1.956
1.956
1.975
1.960
1.956
1.956
1.956
1.958
1.956
1.956
1.956
1.979
1.966
1.962
1.956
1.956
2.091
1.956
1.989
2.037
2.010
1.956
1.956
1.956
1.958
1.956
1.956
2.016
1.956
1.956
1.956
2.045
1.956
1.956
2.009
1.958
1.956
1.956
1.956
1.956
1.956
1.956
1.958
1.956
1.958
1.956
1.956
3.476
1.956
1.956
1.956
3.082
1.956
1.962
1.956
1.956
4.241
1.956
1.955
5.746
5.294
1.955
1.981
1.955
1.955
1.955
1.955
1.967
1.955
1.966
1.955
1.955
1.955
1.959
1.961
1.955
1.955
1.954
1.954
1.954
1.970
1.962
2.093
1.954
1.954
1.954
1.954
1.954
1.999
1.954
1.954
5.769
1.955
1.954
1.954
2.118
1.977
1.959
1.978
1.953
2.028
1.953
1.953
1.953
1.953
1.957
2.009
1.961
2.127
1.965
1.953
1.953
1.953
1.958
1.953
1.953
1.960
1.964
1.953
1.953
1.955
1.939
1.939
1.942
1.939
1.939
1.940
1.955
1.940
1.943
1.980
1.939
1.939
1.992
1.939
1.939
1.939
1.939
1.953
1.939
1.939
1.939
2.078
1.939
2.038
1.979
1.939
2.074
1.939
1.996
1.939
1.939
1.939
1.940
1.961
1.941
1.939
1.939
1.939
1.939
1.939
1.950
1.939
1.945
1.939
1.951
1.939
1.945
1.939
1.939
1.939
1.939
1.939
1.939
1.939
1.939
2.015
24.300
1.939
1.939
1.939
1.939
1.939
1.953
1.939
1.939
1.939
1.995
8.536
1.939
1.939
1.939
1.939
2.010
1.939
3.605
17.607
2.040
1.939
1.939
2.023
1.944
1.955
1.939
1.943
1.995
1.939
1.940
1.938
1.938
1.938
1.938
1.938
1.950
1.938
1.938
1.941
1.938
2.047
1.936
1.936
1.936
5.757
2.039
1.936
1.936
2.025
1.937
1.936
1.936
1.936
1.936
1.950
1.936
1.949
2.060
1.936
1.935
2.005
2.002
1.935
1.935
1.936
1.935
1.948
1.935
1.935
1.935
1.935
1.935
1.935
1.935
24.104
1.935
1.935
4.002
1.935
1.935
1.935
12.254
1.935
1.935
3.769
1.935
1.943
1.935
1.935
1.935
1.983
1.935
1.935
2.027
1.948
1.935
1.935
2.278
1.993
1.935
1.935
1.935
4.408
1.936
10.293
1.935
1.935
1.951
1.935
1.937
1.920
9.522
1.900
1.938
1.900
1.900
1.905
1.900
1.900
1.900
1.906
1.900
1.900
4.678
1.900
1.904
1.900
1.900
1.903
1.900
1.900
1.899
1.899
1.899
1.975
1.900
1.898
1.898
1.913
1.898
1.898
1.971
1.898
1.898
1.898
1.898
1.897
1.897
1.892
1.892
1.892
1.892
1.892
1.892
11.639
1.892
1.892
1.892
1.907
6.143
1.891
1.898
1.928
1.891
1.892
1.894
1.874
1.875
1.874
1.874
1.874
1.876
1.869
1.869
1.875
1.869
1.870
1.869
1.869
1.869
1.869
1.869
1.869
1.869
2.594
1.869
1.869
1.930
1.869
1.870
1.869
1.869
1.869
1.869
1.869
1.869
1.869
1.867
1.938
1.894
1.884
24.724
1.867
1.867
1.944
1.867
1.868
1.867
1.867
6.040
1.867
1.865
1.872
1.865
1.866
1.870
1.865
1.872
1.871
1.866
1.865
1.869
1.866
1.865
1.980
1.866
1.867
1.881
1.865
1.865
1.865
1.865
1.865
1.865
1.895
1.865
1.861
1.867
1.889
1.861
1.861
1.861
1.861
1.861
2.135
1.861
1.860
14.976
1.839
1.839
1.852
1.839
1.839
1.839
1.839
18.389
1.863
1.839
1.842
1.892
1.839
1.932
1.839
1.839
1.908
1.842
1.839
1.839
1.839
1.839
1.839
1.839
1.897
1.839
1.922
1.839
1.845
1.839
1.839
1.839
1.839
3.910
1.848
1.839
1.840
1.839
1.852
1.839
1.839
1.927
2.952
12.807
1.861
1.839
1.840
1.844
24.798
1.839
1.839
1.839
1.839
1.839
1.839
1.849
1.931
1.854
1.840
1.840
1.843
1.851
1.849
1.842
24.431
1.839
1.885
1.848
1.839
1.839
1.839
1.839
1.839
1.841
1.835
1.838
1.835
1.836
1.835
1.843
1.836
1.835
1.839
1.835
1.835
1.836
1.873
1.899
1.835
1.836
1.892
1.836
1.842
1.835
1.835
3.292
1.835
1.835
1.835
1.835
1.835
1.835
1.835
1.835
2.348
1.836
1.838
1.838
1.835
1.835
1.835
1.835
6.608
1.942
1.848
1.837
1.835
1.835
1.880
1.835
1.836
1.839
1.835
2.688
1.836
1.835
8.522
1.835
1.842
1.919
1.852
1.835
1.899
1.835
1.925
1.835
1.835
11.241
1.844
1.836
1.835
1.835
1.834
1.834
1.866
1.834
1.834
1.834
1.834
1.834
1.834
1.834
1.834
1.834
1.834
1.835
1.841
1.878
4.438
1.834
1.834
1.834
1.834
1.834
18.122
1.876
1.834
1.834
1.978
1.890
1.834
1.891
10.720
1.834
1.834
1.837
1.852
1.848
1.834
1.834
3.965
1.875
1.875
1.834
1.834
1.838
1.834
1.834
1.834
1.834
1.834
1.834
1.835
1.919
5.063
1.834
1.837
1.834
1.834
3.371
1.834
1.850
1.834
1.834
1.844
1.832
9.145
1.832
1.832
1.914
1.832
1.832
1.832
1.832
1.834
1.918
1.832
1.894
1.832
1.832
1.832
1.832
1.832
1.832
1.832
1.905
1.932
1.836
1.832
8.313
1.832
1.832
1.832
1.832
1.832
1.834
1.832
1.880
1.832
1.832
1.832
1.837
1.832
2.277
1.832
1.832
1.833
1.831
1.836
1.831
1.831
1.886
1.831
1.840
1.831
1.830
1.844
1.830
1.830
1.856
1.831
1.830
1.830
5.219
1.830
1.830
1.830
1.830
1.832
1.830
1.830
1.830
1.926
1.830
1.830
8.018
1.830
1.830
1.830
1.832
1.830
1.837
1.830
1.830
1.830
1.831
1.830
1.830
1.843
1.830
1.830
1.904
1.921
1.836
1.828
1.828
1.836
1.851
1.862
1.834
1.828
1.848
1.828
1.828
1.828
1.828
1.828
1.828
1.828
1.842
1.852
2.409
1.944
1.828
1.828
1.828
1.828
4.689
7.364
1.878
1.829
9.648
1.828
1.827
1.827
1.828
1.883
1.850
1.904
1.827
1.827
1.827
1.824
1.824
1.824
1.824
1.824
1.824
1.824
1.824
20.729
1.824
1.824
1.824
1.825
1.824
1.824
1.824
1.900
1.832
1.824
1.824
1.861
1.845
1.824
1.826
1.824
1.834
1.824
1.824
14.718
1.824
1.824
1.909
1.831
1.824
1.824
1.868
1.824
1.824
1.824
1.848
1.840
11.666
1.824
1.824
1.824
1.824
1.824
1.824
1.826
1.824
1.824
1.825
1.824
1.826
1.831
5.626
1.824
1.824
1.826
1.824
1.824
1.826
1.824
1.824
1.824
1.824
1.827
1.824
1.823
1.935
1.823
1.823
1.899
1.823
1.823
1.823
3.686
1.823
1.823
1.823
1.821
1.822
1.835
1.821
1.821
1.820
1.820
1.820
1.820
1.820
1.822
1.820
22.314
1.818
1.818
1.819
1.818
1.818
1.828
1.821
1.835
1.877
1.850
1.818
1.818
1.818
1.828
1.818
1.818
19.008
1.818
1.818
24.812
1.818
1.818
1.818
1.818
1.822
1.841
1.818
1.818
1.823
1.818
1.818
6.775
1.818
22.835
1.890
1.818
1.857
1.818
1.819
1.818
1.818
1.818
1.818
1.818
1.818
1.818
1.823
1.864
1.835
1.818
1.818
1.818
1.820
2.146
1.818
1.818
1.818
1.820
1.818
1.819
1.818
1.818
1.922
1.818
1.818
1.818
1.818
1.818
1.818
1.825
1.818
1.821
2.702
1.818
1.818
1.818
1.830
1.818
1.818
1.818
1.818
1.818
1.818
1.818
1.853
1.818
1.818
1.818
1.908
1.822
1.818
1.856
1.818
1.818
1.819
1.820
1.818
1.818
1.818
1.817
1.818
4.433
1.817
1.835
1.817
1.826
1.817
1.822
2.009
1.856
1.817
1.817
1.817
1.817
1.817
1.817
1.841
1.845
1.874
1.817
1.817
1.820
7.620
1.817
1.826
1.832
1.817
1.817
1.817
1.817
1.817
1.868
1.817
1.818
1.817
1.825
1.817
1.824
1.817
1.817
1.888
1.817
1.829
1.854
1.821
1.817
1.817
1.822
1.825
1.817
1.817
1.816
1.894
1.816
1.838
1.819
23.715
1.816
1.816
1.816
1.822
1.859
1.817
2.656
1.819
1.816
7.127
1.816
1.818
1.815
1.815
1.815
1.815
1.816
1.815
1.820
1.815
1.815
1.814
1.815
1.814
1.814
1.814
1.831
1.814
1.819
1.814
1.817
1.814
1.814
1.814
1.814
1.814
1.814
1.814
1.814
1.812
1.812
4.272
1.812
1.816
1.812
1.812
1.812
1.812
1.812
1.812
1.814
1.812
1.818
1.812
1.813
1.812
1.812
1.812
1.812
1.812
1.837
1.812
1.812
1.812
1.815
1.812
1.812
1.812
1.812
1.812
1.812
19.978
1.812
1.812
1.812
1.824
1.812
22.628
1.812
1.812
1.812
1.812
1.827
1.812
1.812
4.551
1.817
1.812
1.812
21.236
2.816
1.820
1.812
1.869
1.862
1.819
2.004
1.812
1.812
1.812
1.812
1.812
1.812
1.975
1.812
1.817
1.812
1.857
1.812
1.812
1.836
1.812
1.812
1.812
1.812
1.839
1.812
1.824
1.812
1.812
1.812
1.823
1.812
1.812
1.812
1.812
1.813
3.073
1.815
24.008
1.812
1.814
1.812
1.812
1.817
1.812
1.812
1.812
1.812
1.812
1.812
1.812
1.816
2.138
1.812
1.812
3.164
1.813
1.812
1.810
1.817
1.810
1.810
1.810
1.810
1.810
1.810
1.810
1.813
1.812
1.810
1.810
1.810
1.811
1.810
1.810
1.810
1.810
2.028
1.816
6.177
1.810
1.812
1.810
1.810
1.810
1.810
3.513
1.810
1.810
1.810
1.831
2.742
1.850
1.813
1.810
1.810
1.810
1.810
1.810
3.301
1.864
1.812
1.810
1.810
1.810
1.812
1.810
1.810
1.810
1.852
1.810
1.810
1.810
1.810
1.810
1.810
1.810
4.504
1.810
1.825
2.128
1.810
1.810
1.810
1.810
1.810
1.810
1.843
1.810
1.810
1.810
1.810
1.810
1.810
1.811
1.810
1.850
1.843
1.847
1.810
1.836
1.810
1.810
1.810
1.810
1.824
1.811
1.810
1.810
1.810
1.823
1.810
1.810
1.810
1.810
1.825
1.810
1.810
1.829
1.810
1.810
1.829
1.810
1.810
1.810
1.810
1.810
1.938
6.006
1.810
1.810
3.476
1.810
1.811
1.810
5.378
1.810
1.810
1.824
1.810
1.810
1.810
1.810
1.810
1.810
1.810
1.810
1.810
1.810
1.810
1.849
1.810
1.810
1.810
1.837
1.810
1.813
3.143
1.810
1.813
1.810
1.811
1.845
1.919
1.810
1.812
1.853
1.810
1.811
1.810
1.807
1.807
14.282
1.807
1.813
1.866
1.808
1.807
1.808
1.874
1.807
1.807
1.807
2.466
1.807
1.807
24.919
1.810
1.807
1.807
1.812
22.059
1.807
1.821
1.807
1.807
2.899
1.887
1.807
1.807
1.807
1.856
4.811
1.807
1.807
1.807
1.823
1.808
1.822
1.807
1.807
1.807
1.810
1.807
1.807
1.807
1.814
1.807
1.807
1.807
1.808
16.232
1.808
1.807
1.807
1.807
1.810
1.807
1.807
1.807
1.874
1.807
1.810
1.831
1.807
1.807
1.807
1.807
1.807
1.807
1.807
1.807
1.807
1.807
1.822
1.871
1.807
1.807
1.807
1.807
1.807
1.807
1.807
1.814
1.807
1.829
1.824
1.808
3.175
1.807
1.808
1.807
1.813
1.851
1.808
1.817
1.809
1.807
1.807
1.819
1.957
1.807
1.807
1.807
1.807
1.807
1.829
1.822
2.826
1.807
1.807
1.850
23.834
1.807
8.211
1.807
1.810
1.873
1.808
11.418
2.254
1.807
1.810
1.858
1.807
1.807
1.807
1.807
1.807
1.807
1.807
1.807
1.807
1.807
1.809
1.806
1.806
1.806
1.814
1.863
7.535
1.806
1.806
2.999
1.806
1.806
1.806
1.864
1.806
1.829
1.806
1.806
1.806
1.806
1.806
1.806
1.806
1.806
1.806
1.805
1.806
1.805
1.805
1.805
1.805
1.884
1.805
1.805
12.579
1.812
1.820
1.805
1.805
1.805
1.805
1.805
1.805
1.805
1.805
1.873
1.805
1.808
1.805
1.805
1.805
1.806
1.805
1.857
1.805
1.805
1.805
1.805
1.807
1.805
1.805
1.805
1.805
1.804
1.804
1.804
1.804
4.407
1.991
1.804
1.804
1.817
14.167
1.806
1.804
1.804
1.804
1.804
1.804
1.804
1.804
1.884
1.805
1.804
1.811
1.804
1.804
1.804
1.804
1.804
1.885
1.878
1.804
1.896
1.875
1.802
1.802
1.802
1.905
1.802
1.802
1.802
1.802
1.802
1.802
1.851
1.802
1.802
1.802
1.802
1.802
1.802
1.802
1.842
1.802
1.802
1.802
1.802
1.802
1.802
1.802
1.855
1.803
1.802
1.802
1.802
1.802
1.905
1.802
1.802
1.802
1.804
1.802
1.802
1.802
1.802
1.802
1.802
1.807
1.802
1.802
1.819
1.802
1.804
1.802
1.802
1.827
1.802
1.802
1.809
1.802
1.802
1.802
1.800
1.861
1.800
1.849
1.898
1.800
1.829
1.837
1.800
1.799
1.800
1.799
1.824
1.799
1.799
1.799
1.799
1.799
1.823
1.800
1.799
1.799
1.810
1.813
1.828
1.799
1.883
1.799
22.942
1.800
1.799
1.803
1.799
1.799
1.799
1.799
1.799
1.799
1.799
1.799
1.799
1.813
1.799
1.799
1.799
1.799
1.800
1.799
1.800
1.842
1.799
1.799
1.801
1.799
1.799
1.799
1.799
1.799
1.799
1.799
1.799
1.799
1.799
1.802
1.799
1.799
1.799
1.799
1.799
1.838
1.799
1.799
1.799
1.799
1.801
1.799
1.799
1.799
1.799
1.799
1.799
1.799
1.799
1.799
1.800
1.799
1.799
1.889
1.902
1.799
1.799
1.799
1.839
1.806
1.799
1.799
4.907
24.680
1.799
1.803
1.860
1.799
1.799
1.801
1.799
1.799
1.799
1.799
1.804
2.052
1.797
1.820
1.797
21.448
1.797
2.092
1.797
1.797
5.639
1.797
1.797
1.797
1.797
1.797
8.407
19.755
1.855
1.797
1.797
1.821
1.797
1.797
1.798
1.799
1.797
1.806
1.797
1.806
14.980
1.797
1.797
1.797
1.846
1.797
1.797
1.797
1.797
1.797
1.797
1.797
1.873
1.797
1.807
1.815
1.797
1.797
1.797
1.797
1.797
1.962
10.545
24.687
1.798
1.797
1.797
1.797
1.797
1.807
1.809
1.811
1.797
1.797
1.797
1.797
1.797
1.797
1.797
1.797
1.815
1.888
16.462
2.118
1.797
1.797
1.797
1.797
1.798
1.797
1.797
1.797
1.797
1.813
1.797
1.797
1.821
1.797
1.831
1.797
1.797
1.797
1.797
1.796
1.796
1.796
1.796
1.841
1.796
1.798
1.841
1.796
23.526
1.796
1.796
1.864
1.796
1.863
1.796
1.796
1.796
1.796
1.822
1.867
1.796
1.796
1.809
1.796
1.796
1.796
1.796
1.796
1.804
1.813
1.796
1.797
1.796
1.796
1.888
1.796
4.732
4.725
1.796
1.823
1.796
1.796
1.796
1.796
1.796
1.796
1.796
1.796
19.194
1.796
19.057
2.701
1.868
1.853
1.796
1.796
2.161
1.796
1.797
1.796
1.831
1.796
17.903
1.796
1.796
1.799
1.835
1.796
1.796
1.796
1.799
1.796
1.796
1.796
1.796
1.823
1.796
1.796
1.866
1.796
3.195
3.339
1.796
1.796
1.796
1.839
2.052
15.086
1.796
1.796
1.796
1.796
1.803
1.794
1.794
1.794
1.812
1.794
1.794
4.422
1.819
1.837
1.794
1.794
1.827
1.794
8.548
1.794
1.794
1.898
1.794
1.809
1.794
1.794
1.794
1.794
1.817
1.794
20.711
1.794
1.794
1.794
1.794
1.794
1.794
1.810
1.794
1.794
1.794
1.794
1.794
1.794
1.794
1.794
1.794
1.794
1.794
1.794
1.794
1.794
1.805
1.809
1.795
1.794
1.794
1.794
1.890
1.815
1.794
1.815
2.009
1.830
1.939
1.796
1.851
1.806
1.812
1.794
1.794
1.794
1.794
1.794
1.794
1.794
1.794
1.794
1.794
1.794
1.794
1.794
1.817
15.260
1.794
1.792
1.792
1.792
20.088
1.792
1.792
1.792
1.792
1.792
1.793
1.792
1.793
1.792
1.792
1.792
1.792
1.841
1.792
1.808
1.847
1.792
1.800
1.792
1.869
1.792
1.792
1.792
1.792
1.792
1.792
1.792
1.792
1.825
1.792
1.840
1.792
1.792
1.792
1.792
1.792
6.054
1.800
1.825
1.792
1.792
1.792
1.792
1.802
1.792
1.792
1.792
1.793
1.792
1.792
1.792
1.794
1.792
1.793
1.792
1.792
1.792
1.792
1.792
1.792
2.675
1.792
1.792
1.792
1.792
1.792
1.792
1.792
1.792
1.800
1.792
1.792
1.792
1.792
1.792
1.792
1.792
1.792
1.792
1.792
1.792
1.800
1.792
1.792
1.792
2.110
1.792
1.792
1.792
1.792
1.792
4.922
1.792
2.726
1.792
1.799
1.827
1.792
1.792
1.792
1.792
1.792
1.833
1.823
1.792
1.792
1.792
1.792
1.792
1.814
1.792
1.792
1.792
1.792
1.792
1.793
1.792
1.792
1.792
1.792
1.843
1.792
1.792
1.792
1.792
1.792
1.792
1.792
1.792
1.792
1.792
1.792
1.807
1.792
1.792
1.792
1.792
1.819
1.792
1.822
1.792
1.795
1.792
1.792
1.876
1.792
1.800
1.792
1.792
1.792
1.792
1.792
24.637
1.792
1.792
9.860
1.958
1.792
1.792
1.792
1.792
1.792
1.998
1.792
1.792
1.792
1.792
1.792
1.792
1.807
1.792
1.795
1.796
1.792
1.792
1.792
1.795
1.793
1.792
1.792
1.792
1.792
1.792
1.792
1.792
1.792
1.792
1.794
1.792
1.792
1.792
1.792
1.792
1.882
1.817
1.792
1.792
1.796
1.792
1.792
1.827
1.792
1.792
24.849
1.861
1.792
1.839
1.792
1.792
1.792
1.833
15.855
1.801
1.794
1.793
1.798
3.392
1.792
1.792
19.368
1.792
1.792
1.792
1.792
1.792
1.792
24.916
1.841
1.792
1.792
1.792
1.792
1.792
1.798
1.792
1.792
1.792
1.769
1.769
1.768
24.640
1.768
1.886
1.768
1.768
1.768
1.761
1.761
1.761
2.999
1.761
20.731
1.767
1.761
1.818
1.761
1.761
1.769
1.761
1.761
3.773
1.758
1.758
24.887
1.758
10.368
1.757
1.803
1.757
1.757
1.757
20.052
1.757
1.757
1.757
1.757
1.757
1.761
1.757
1.757
1.758
1.757
1.757
1.852
1.757
1.757
4.387
1.757
1.757
1.757
1.757
1.757
1.757
1.757
1.757
1.757
1.757
1.757
1.757
1.757
1.757
1.757
1.786
1.760
1.757
1.757
1.757
1.810
1.757
1.757
1.756
1.756
1.756
1.756
1.756
1.756
1.756
1.756
1.756
1.806
16.064
1.756
1.756
1.778
1.756
1.758
1.757
1.756
1.756
1.756
1.756
1.756
1.758
1.756
1.766
1.756
1.757
1.756
1.756
1.756
1.756
1.756
24.890
1.756
1.757
1.756
1.823
1.756
1.756
1.756
1.760
1.756
1.756
1.756
1.756
1.756
1.756
1.756
1.758
1.756
1.756
1.756
1.756
1.757
1.771
1.889
1.756
10.208
1.757
2.173
1.855
1.756
1.756
1.756
1.756
1.756
1.815
1.756
1.756
1.756
1.756
1.824
1.756
1.756
1.773
1.756
1.756
1.758
1.756
1.756
1.756
1.756
1.756
1.756
1.756
1.756
1.842
1.756
1.756
1.805
1.756
1.756
1.756
1.801
5.025
1.756
1.756
1.756
1.756
1.778
1.758
1.756
1.756
1.756
1.756
1.756
1.756
1.769
1.756
1.756
1.756
1.756
1.756
1.756
1.756
1.756
1.756
1.756
1.756
1.756
1.756
1.804
1.756
1.756
1.756
1.756
1.756
1.756
1.756
1.756
1.757
1.757
1.756
1.770
1.756
1.756
1.756
1.756
1.756
1.756
1.756
1.756
1.756
1.981
1.756
1.756
1.833
1.757
1.756
16.694
1.756
1.796
1.756
1.756
24.807
1.756
1.756
1.756
1.756
1.756
1.756
1.756
1.779
1.768
1.756
1.756
1.756
1.756
1.756
1.756
2.618
1.756
1.756
4.853
1.756
1.756
1.762
1.766
1.756
1.756
1.756
1.756
1.756
1.756
1.756
1.756
1.756
1.756
1.756
1.755
1.755
1.757
1.755
1.755
1.755
1.756
1.755
1.755
1.755
1.767
22.118
1.755
1.755
1.755
1.755
1.755
1.755
1.755
1.757
1.755
1.755
1.755
1.755
1.755
1.760
1.755
1.759
1.755
1.755
1.755
1.755
1.755
6.932
1.755
1.755
1.789
1.755
1.755
1.755
3.078
1.787
1.759
24.705
1.755
1.767
1.755
1.755
1.755
1.755
1.755
1.754
1.754
1.754
1.780
1.754
1.754
1.795
1.797
1.776
1.754
1.754
1.754
1.761
1.754
1.754
1.753
1.753
17.687
1.753
1.753
1.753
1.753
1.753
1.753
1.753
1.753
1.772
1.753
1.765
1.753
1.753
1.794
1.753
1.772
1.753
1.753
1.753
1.753
1.754
1.774
1.753
1.753
1.753
1.753
1.753
1.758
1.751
1.751
1.752
1.751
1.751
1.751
1.751
1.751
1.751
1.751
1.751
1.751
1.751
1.751
1.751
1.751
1.751
1.751
1.753
1.751
1.751
1.751
1.748
1.748
1.748
1.774
1.748
1.748
1.748
1.797
1.763
1.748
1.748
1.748
1.750
1.748
1.748
1.748
1.759
1.752
1.748
1.748
1.748
1.748
1.755
1.748
1.778
1.748
1.748
1.748
24.278
1.749
1.748
1.748
1.748
1.779
2.650
1.748
1.748
1.751
1.748
3.548
1.748
4.875
1.748
1.794
1.764
1.748
1.748
1.748
1.751
1.748
1.748
1.750
1.753
1.748
1.748
1.748
1.748
1.748
1.748
1.748
1.748
1.748
23.079
1.748
1.748
1.748
1.747
1.747
1.766
1.741
2.166
24.612
1.741
1.741
1.741
1.741
1.741
1.880
1.742
1.741
1.741
1.781
22.467
1.741
1.741
1.741
3.578
1.741
1.744
1.745
1.741
1.741
1.741
1.743
1.741
1.741
1.866
1.741
1.741
1.741
1.741
8.381
1.741
1.741
1.741
1.741
1.741
1.741
1.741
1.741
1.741
1.741
1.758
1.771
1.741
22.900
1.741
1.741
1.741
1.741
1.741
24.607
2.115
1.741
1.741
1.741
1.742
1.740
1.740
1.749
1.740
1.740
1.738
1.738
1.738
1.738
1.738
1.738
1.738
1.738
1.738
1.787
1.738
1.739
1.738
1.738
1.738
1.738
1.738
1.738
1.744
1.840
1.738
1.738
1.741
1.740
1.738
1.738
1.738
1.802
1.738
1.942
1.738
1.738
1.738
1.752
1.738
1.738
1.741
1.738
1.738
1.738
1.742
1.739
1.744
1.738
2.255
1.738
1.738
1.769
1.738
1.738
1.738
1.749
1.738
1.738
1.741
1.739
1.738
1.738
1.738
1.738
1.738
1.738
24.785
1.738
1.738
1.808
1.742
1.738
1.738
1.738
1.806
16.325
1.738
1.738
1.741
1.738
1.738
1.738
1.738
1.738
1.738
1.738
1.738
6.717
1.738
1.738
1.738
1.754
1.774
1.742
1.738
2.637
1.738
1.761
1.744
1.738
1.738
1.738
1.738
1.738
1.738
1.744
3.261
1.738
1.738
1.738
1.738
1.821
24.914
1.769
1.744
1.738
1.742
1.738
1.739
1.738
1.738
12.922
1.738
1.738
1.738
1.820
1.738
1.738
1.738
1.738
1.738
1.738
1.799
1.738
1.753
6.074
1.738
1.738
1.738
1.771
1.738
8.282
1.738
1.781
1.738
1.738
2.049
1.806
1.738
1.738
1.738
1.738
2.557
1.738
1.738
1.738
1.738
1.781
1.738
1.795
1.738
1.803
1.810
1.738
1.739
1.738
1.756
1.738
1.738
1.738
1.738
1.784
1.738
1.738
1.738
1.738
1.738
1.738
1.738
1.738
1.738
3.736
1.738
1.743
1.744
24.432
1.741
1.738
1.738
1.742
1.738
2.271
1.738
1.745
1.742
1.738
18.153
1.738
1.738
1.738
1.745
1.738
1.738
1.738
1.738
2.449
1.738
1.738
1.738
1.738
1.808
1.738
1.738
1.738
1.738
1.760
1.738
1.738
1.744
4.165
1.738
1.738
1.740
1.738
1.853
1.738
1.738
1.738
1.753
1.738
1.834
1.775
1.738
12.892
1.738
1.738
1.748
1.738
1.738
1.739
1.738
1.738
1.738
1.738
1.738
1.740
2.323
1.738
1.752
22.468
1.738
1.738
1.744
1.738
1.738
1.738
1.738
1.738
1.738
1.738
1.738
1.738
1.738
1.798
1.738
1.917
1.738
1.738
2.112
1.752
1.738
1.756
1.738
1.738
1.738
1.738
1.738
1.738
1.738
1.738
1.738
1.738
1.738
1.738
1.738
1.738
1.738
1.738
1.738
1.738
1.738
1.741
1.740
1.738
1.746
1.738
5.154
1.738
1.791
1.738
1.738
1.738
1.738
1.754
1.738
1.738
1.738
1.738
1.738
1.738
1.737
1.756
1.737
1.737
1.737
1.737
1.744
1.738
1.737
1.737
1.737
1.744
1.738
1.755
1.737
1.737
1.737
1.737
1.737
1.737
1.737
1.737
1.793
1.737
1.737
1.737
1.758
1.748
1.773
1.737
1.737
1.737
1.737
1.737
1.737
1.737
1.737
1.741
1.741
1.737
1.751
1.738
1.737
1.737
17.402
1.737
1.754
1.737
1.737
1.737
1.737
1.737
1.737
1.740
1.752
1.737
1.737
1.737
1.737
1.737
1.740
1.737
1.737
1.785
1.737
1.737
1.737
1.737
1.737
1.737
1.737
1.737
1.737
1.868
1.737
1.737
1.737
1.738
1.737
1.737
1.783
1.739
1.741
1.737
1.738
1.737
1.739
1.737
1.737
1.737
1.737
1.737
1.737
1.737
1.737
1.737
1.737
1.817
1.737
1.737
1.737
1.737
1.741
1.737
1.737
1.737
1.758
1.737
1.737
1.761
15.844
1.737
1.737
1.737
1.738
1.737
1.738
7.320
1.737
6.914
1.738
2.903
1.737
1.767
1.745
1.737
1.737
1.737
1.737
1.781
1.739
1.740
1.738
1.737
1.775
1.737
1.737
1.737
1.737
1.737
1.737
1.737
1.737
1.737
1.737
1.737
1.737
1.737
1.737
1.737
1.737
1.737
22.186
1.756
1.737
1.742
1.737
1.737
1.737
1.737
1.742
1.737
1.753
1.737
1.737
1.779
1.737
1.737
1.745
1.737
2.734
1.737
1.737
1.737
1.737
1.737
1.737
1.737
1.737
1.737
1.737
1.737
1.737
1.739
1.737
1.737
1.737
1.737
1.737
1.737
1.737
3.313
1.737
1.737
1.737
1.737
3.926
1.737
1.764
1.738
1.737
1.737
1.738
1.781
1.737
1.737
1.737
24.845
1.816
1.743
1.737
1.737
1.737
1.737
1.760
1.778
1.737
1.741
4.452
1.737
1.737
1.757
1.756
1.737
1.737
1.737
1.737
1.737
1.737
1.737
1.737
1.742
1.810
1.737
1.737
1.737
1.737
1.737
1.737
1.750
1.737
1.737
1.737
1.737
1.737
1.738
1.737
10.278
1.737
1.745
1.742
2.350
1.737
1.743
1.737
8.019
1.739
1.737
1.737
1.737
1.737
24.964
1.737
1.737
1.778
1.737
1.737
1.737
9.273
1.737
1.737
4.126
1.845
1.737
1.737
1.770
1.751
1.737
1.737
1.737
1.748
1.737
1.737
1.737
1.761
1.737
17.232
1.737
1.737
1.737
1.738
1.737
1.737
1.809
1.737
1.742
1.737
1.737
1.737
1.737
1.737
1.737
1.751
1.737
1.737
1.737
22.691
1.737
1.740
1.737
10.868
1.737
1.737
1.737
1.737
1.737
1.737
1.737
1.737
1.737
1.771
1.737
1.850
1.737
1.736
1.736
1.736
1.736
1.733
1.733
1.733
1.733
1.751
1.733
1.733
1.733
1.800
1.733
1.733
1.733
1.733
1.733
1.733
1.733
1.733
1.733
1.733
1.733
1.733
1.773
1.764
1.733
1.733
1.733
1.733
1.733
1.733
1.736
1.736
1.733
1.733
1.736
1.733
1.734
1.734
1.797
1.732
1.732
1.732
1.732
1.778
1.732
1.732
1.732
1.732
1.732
1.737
1.732
1.732
1.732
23.526
2.100
1.737
1.732
1.732
1.732
1.733
1.732
1.740
1.732
1.732
1.733
1.732
1.738
1.732
1.960
1.732
1.732
1.732
3.906
1.756
1.732
1.732
1.732
1.771
1.732
1.765
1.732
1.732
1.734
1.732
1.732
1.732
1.732
1.732
1.732
1.732
1.732
1.732
1.737
1.755
1.732
1.732
1.732
1.732
1.732
1.761
1.732
1.745
1.732
1.732
1.739
1.732
1.736
1.732
1.732
1.732
1.732
1.732
1.745
1.732
1.732
1.732
1.732
1.732
1.732
1.732
1.800
1.732
1.732
1.732
1.740
1.732
1.732
1.794
1.780
1.732
1.732
1.732
1.732
1.732
1.732
1.732
1.732
1.732
1.732
1.756
1.732
1.732
1.732
1.732
1.732
1.732
1.732
1.732
1.732
1.760
1.732
1.732
1.741
1.732
1.732
1.732
1.732
1.732
1.950
1.780
1.733
1.732
1.732
1.732
1.732
1.782
1.749
1.732
1.732
1.935
1.732
1.732
1.732
1.732
2.788
1.732
1.732
1.732
1.732
1.732
1.732
1.776
1.732
2.992
1.732
1.749
1.732
1.735
1.795
1.732
1.732
1.732
1.732
3.992
1.732
1.762
1.732
1.732
1.732
1.732
1.774
1.732
18.418
1.732
1.732
22.938
1.732
1.732
1.732
1.732
1.732
4.117
1.732
1.732
1.732
1.732
1.732
1.732
1.732
1.732
1.732
1.732
1.732
1.736
1.732
1.732
1.740
1.732
1.732
1.732
1.764
1.754
1.732
1.732
1.732
1.732
1.732
1.738
1.732
1.746
1.732
1.732
3.064
1.732
5.183
1.732
1.732
1.732
1.732
1.732
1.732
1.732
1.732
1.731
1.734
1.748
1.731
1.731
1.731
15.009
18.022
1.731
1.731
1.731
1.731
1.731
1.731
1.731
1.731
1.731
1.731
1.736
2.756
1.731
1.731
1.731
1.731
1.731
12.636
1.731
1.739
1.731
1.733
5.464
1.770
1.731
1.731
1.731
1.731
1.731
1.737
1.731
1.741
1.730
1.730
1.730
1.730
1.765
1.730
1.740
1.730
1.730
1.730
3.882
1.730
1.730
1.731
1.730
1.730
1.734
1.774
1.730
1.730
1.889
1.730
6.752
1.730
1.880
1.730
1.730
1.732
1.734
3.506
1.730
1.730
1.730
1.730
1.732
1.730
1.730
1.730
1.730
1.730
1.731
4.654
1.730
1.730
1.730
1.730
1.730
1.739
3.760
1.730
1.745
19.590
1.774
1.730
1.730
1.733
1.764
1.730
1.730
1.730
1.730
1.730
1.730
1.730
1.730
1.730
7.280
1.892
1.730
1.730
1.730
1.730
1.730
1.730
1.730
1.730
1.730
1.730
1.730
1.730
1.732
1.730
1.730
1.730
1.730
1.781
1.730
1.730
1.730
24.961
1.730
1.730
1.730
3.089
1.736
1.730
1.730
1.730
1.730
1.730
1.730
1.730
1.738
1.731
1.730
1.750
1.730
1.730
1.730
1.834
1.730
1.730
1.730
1.729
1.729
1.729
1.769
1.729
1.729
1.729
1.729
1.779
1.729
1.729
1.736
1.729
1.729
1.729
1.741
1.729
1.730
1.729
1.729
1.730
1.734
1.729
1.729
1.751
1.729
1.729
1.732
8.106
1.729
1.729
1.729
1.741
1.729
1.788
1.729
1.729
1.729
1.729
1.729
1.729
1.729
1.729
1.729
1.729
1.729
1.729
1.729
1.729
2.549
1.734
1.729
1.729
24.247
1.729
1.729
1.729
1.729
1.729
1.765
1.729
1.796
1.742
1.729
1.729
1.729
1.729
1.729
1.734
1.729
1.729
1.729
1.729
1.729
1.729
1.729
1.729
1.729
1.729
1.729
1.729
1.729
1.729
1.729
1.729
1.739
1.729
1.729
1.729
1.780
1.729
1.729
1.729
1.729
1.729
1.729
1.730
1.729
1.729
1.733
1.729
10.237
1.731
1.729
6.246
1.729
1.729
1.758
1.729
1.729
1.731
1.729
13.502
1.729
1.729
1.729
1.729
1.729
1.729
1.729
1.732
1.729
1.777
1.729
1.729
1.729
1.729
1.741
1.729
3.047
1.729
1.735
1.729
1.729
1.729
1.765
1.729
20.768
1.729
1.729
1.729
1.729
2.033
24.891
1.729
1.729
1.729
1.729
1.729
1.729
1.729
1.732
1.729
3.195
1.739
1.729
1.729
2.968
1.729
1.729
1.729
1.729
1.729
1.729
1.731
2.076
1.729
1.729
1.729
1.729
1.729
1.729
1.732
1.729
1.729
1.734
1.729
1.729
1.729
1.729
1.729
1.729
1.729
1.735
1.729
1.729
1.729
1.729
1.778
1.729
1.729
1.729
1.729
1.732
24.973
1.729
1.729
1.729
1.729
1.729
1.729
1.729
1.729
1.729
1.729
8.652
1.729
1.729
1.729
1.729
1.729
1.766
1.729
1.735
1.729
1.729
1.732
1.728
1.728
1.728
1.728
1.778
1.728
1.728
1.728
1.728
2.196
1.728
1.728
1.728
1.728
1.728
1.728
1.728
1.728
1.728
1.751
1.728
8.587
1.732
1.728
1.728
1.728
1.771
1.728
1.728
1.728
1.728
1.728
1.728
1.728
1.728
1.728
1.728
1.728
1.728
1.728
1.802
1.728
1.728
1.808
1.729
1.728
1.799
1.728
1.728
1.728
1.728
1.728
1.731
1.728
1.728
1.728
1.728
1.731
1.728
1.728
1.728
1.728
1.728
1.728
1.729
1.728
1.728
7.104
1.728
1.728
1.728
1.736
1.728
1.728
1.728
1.728
1.728
1.728
1.728
1.732
3.385
2.176
1.728
1.728
1.728
1.795
1.728
1.728
1.731
1.782
1.728
1.728
1.758
1.728
1.799
1.728
1.728
1.728
1.770
1.728
1.728
1.805
1.728
1.728
1.809
1.728
1.728
1.728
1.728
1.728
1.728
1.728
1.728
1.728
1.728
1.728
1.728
1.728
1.728
1.728
1.728
1.730
1.728
1.728
1.728
1.728
1.935
1.728
1.740
1.728
24.440
1.728
1.728
1.728
6.961
1.728
1.728
1.728
1.728
1.728
1.728
1.740
1.728
1.728
1.728
1.728
1.728
1.728
1.728
1.728
1.728
1.728
1.784
1.728
1.728
1.728
1.728
1.799
1.728
1.728
1.728
1.728
1.728
2.646
1.728
2.717
1.775
1.729
1.728
1.728
1.728
1.729
14.954
1.728
1.728
1.790
1.733
1.728
1.728
1.728
1.728
1.728
1.728
1.728
1.772
1.728
1.806
1.730
1.728
1.728
1.728
1.728
1.730
1.728
1.728
1.728
1.728
1.728
1.736
1.728
1.729
1.728
1.728
1.728
1.785
1.864
1.728
1.728
1.728
1.729
1.728
1.728
1.728
1.728
1.728
1.728
1.728
1.728
1.728
1.728
1.728
1.731
1.728
1.728
1.728
1.728
1.728
1.730
1.728
3.104
1.728
1.744
1.728
1.728
1.728
1.728
1.728
1.728
1.728
1.740
1.728
1.728
1.728
1.741
1.761
1.728
1.728
1.728
1.728
1.728
1.728
1.728
1.728
1.728
1.728
1.728
1.728
1.728
1.728
18.498
1.728
23.739
1.728
1.745
1.728
1.799
1.728
1.728
1.728
1.762
1.728
1.728
1.728
1.728
1.728
1.728
1.734
1.728
1.799
1.735
1.728
1.762
1.728
1.759
1.728
1.728
1.728
1.728
1.728
1.728
1.737
1.728
1.731
1.729
1.728
2.648
1.728
1.728
1.789
1.729
1.736
1.728
1.728
1.728
1.728
1.728
1.728
1.728
1.728
1.728
1.728
1.728
1.728
1.728
1.728
1.728
1.728
1.728
1.728
1.728
1.728
1.728
1.739
1.739
1.882
1.728
1.731
1.728
1.728
5.049
1.729
1.728
1.728
1.728
1.728
1.728
1.733
1.728
1.736
1.728
1.728
1.728
1.752
1.778
1.728
1.728
1.728
1.741
1.728
1.728
1.728
1.728
1.728
1.728
1.728
1.728
1.728
1.752
1.730
1.728
10.196
1.728
1.728
1.728
1.741
1.728
1.728
1.728
1.728
1.744
1.728
1.728
1.728
1.728
1.737
1.749
1.736
1.728
1.728
1.728
1.728
1.728
1.728
1.745
1.728
1.728
1.728
1.752
1.808
1.728
1.728
1.728
1.728
1.750
1.744
1.770
1.728
18.609
1.728
1.728
1.728
22.272
1.728
1.728
1.728
1.728
1.728
1.728
1.728
1.728
1.728
1.728
1.728
1.751
1.736
1.728
1.728
1.728
1.728
1.728
1.780
1.728
1.728
1.729
1.733
1.728
1.728
1.728
1.728
1.728
1.728
1.728
1.728
1.737
1.728
1.728
1.735
2.020
1.784
1.728
1.737
1.728
1.728
1.728
1.728
1.728
1.734
1.728
1.728
1.728
2.779
1.728
1.728
1.785
1.750
1.728
1.728
1.728
1.728
1.728
1.728
1.737
1.728
1.728
1.728
1.728
1.728
1.728
1.728
1.728
1.733
1.728
1.729
1.728
1.728
1.778
1.755
1.738
3.800
1.728
1.728
1.728
1.728
1.728
1.728
1.728
1.728
1.728
1.728
1.728
1.728
1.728
1.729
1.734
1.728
1.728
1.728
1.728
1.728
11.113
1.728
1.762
1.728
1.728
1.728
1.728
1.728
1.728
1.728
1.728
1.728
1.728
1.728
1.728
1.755
1.728
1.728
1.761
1.728
1.729
1.728
1.728
1.728
1.728
1.728
1.776
1.733
1.728
1.728
1.728
1.728
1.728
1.728
1.728
1.795
1.740
1.728
1.728
1.728
1.728
1.734
1.728
1.728
1.728
1.727
2.045
1.727
1.727
1.727
1.727
1.774
1.755
1.729
1.727
2.892
1.727
1.727
1.727
1.737
1.809
1.770
1.730
1.762
1.780
1.727
1.727
1.727
1.727
1.728
1.727
1.728
1.727
4.045
1.727
1.727
1.727
1.727
3.816
17.467
1.760
1.751
1.727
1.728
1.727
2.144
1.727
1.727
2.986
1.727
1.727
1.727
1.727
1.792
1.727
1.805
1.727
1.727
1.727
1.790
1.728
1.727
1.727
1.727
1.727
1.727
1.727
3.921
1.735
1.727
1.727
1.751
1.727
1.727
1.790
1.757
1.727
1.727
1.777
1.727
1.729
1.763
23.563
1.727
1.737
1.727
1.727
1.727
1.727
1.727
1.727
1.727
1.727
1.727
1.727
1.727
1.732
1.743
1.727
1.727
1.727
1.727
1.727
1.727
1.729
1.727
3.082
9.663
1.727
2.181
1.727
4.059
1.727
1.731
1.727
1.728
1.727
1.727
1.732
1.727
1.727
1.727
2.131
1.767
6.503
1.727
1.727
1.952
1.802
1.727
1.727
1.727
1.727
1.727
1.727
1.730
1.788
1.740
1.727
1.727
1.727
1.727
1.731
1.727
1.727
1.727
1.737
1.727
1.727
1.729
1.727
1.727
1.727
2.331
1.727
1.727
1.727
1.727
1.727
1.727
1.727
1.728
1.739
1.727
1.727
1.727
1.727
1.727
1.727
12.665
1.727
1.727
1.727
1.727
1.727
1.727
1.791
2.171
1.727
1.727
1.727
1.727
1.727
1.727
1.728
1.727
1.727
1.729
1.727
1.727
1.727
1.763
1.728
1.727
23.754
1.727
1.727
1.727
1.727
1.727
1.727
24.844
1.927
1.727
1.727
1.727
1.727
1.727
1.727
1.727
1.731
1.727
3.772
1.750
1.728
1.727
1.727
22.590
1.727
1.727
1.727
1.727
1.727
1.727
1.727
1.727
1.727
1.727
1.727
1.727
1.727
1.727
1.727
1.727
1.727
1.731
1.743
1.727
1.727
1.727
1.727
6.705
1.727
1.727
1.735
2.331
1.727
1.727
1.727
1.727
1.727
1.727
1.727
1.727
1.727
1.727
1.727
1.727
1.750
1.727
1.726
1.726
1.726
1.726
1.726
1.726
1.726
1.726
1.726
1.731
1.784
1.726
1.726
1.789
1.727
1.726
1.726
1.787
1.726
1.726
1.796
1.726
1.757
1.726
1.726
1.726
1.726
1.726
1.726
1.726
1.726
1.726
1.726
1.726
1.726
1.837
1.726
1.726
9.891
9.692
1.726
1.726
1.797
1.726
1.726
1.726
1.726
1.726
1.730
1.726
8.350
1.726
1.726
1.732
1.726
1.726
1.726
1.726
1.726
1.751
1.727
12.048
1.726
1.726
1.750
1.726
1.728
1.726
1.726
1.726
1.877
1.726
1.726
1.744
1.726
1.726
1.859
1.726
1.755
1.726
1.726
1.726
1.726
1.726
1.726
1.726
1.726
1.772
1.726
1.768
1.726
1.726
1.726
1.726
1.748
1.726
1.726
2.175
1.726
1.726
1.726
1.726
1.726
1.735
1.726
1.751
1.726
1.748
1.726
1.726
1.726
1.726
1.731
1.726
1.728
1.726
1.812
1.731
1.726
1.726
1.726
1.726
1.726
1.837
1.726
16.337
1.726
1.741
1.726
1.728
1.726
1.726
1.726
5.288
1.733
4.352
1.726
1.726
1.726
1.726
1.726
1.726
1.787
1.787
1.726
1.737
24.625
1.735
1.726
1.726
1.726
1.726
1.726
1.726
3.838
1.726
1.726
1.728
1.777
1.726
2.741
1.726
1.726
1.726
1.726
1.726
1.726
1.743
1.726
1.726
1.726
1.726
1.726
1.746
1.728
1.726
1.727
1.726
1.731
5.234
1.761
1.726
1.726
1.726
1.726
1.726
1.746
1.726
1.726
1.726
1.726
1.726
1.726
1.726
1.731
1.726
1.726
1.726
1.726
1.726
4.206
1.726
1.755
14.345
1.726
1.726
1.726
1.726
1.726
1.726
1.726
1.726
1.726
1.726
1.726
1.726
1.726
1.726
1.726
1.726
3.046
1.726
1.728
1.726
1.726
1.726
1.876
1.761
1.726
1.726
12.260
1.726
1.736
1.726
1.736
1.752
1.726
1.743
1.726
2.226
1.726
5.479
1.726
1.726
1.726
1.726
1.726
1.726
1.731
1.728
1.726
1.726
1.742
1.750
1.726
1.734
1.726
1.726
1.726
1.726
1.735
1.755
1.726
1.726
1.726
1.726
1.726
1.726
1.726
1.727
1.726
14.346
1.726
1.726
1.726
1.726
1.726
1.726
1.726
1.731
1.726
1.726
1.726
1.773
1.726
1.726
1.726
1.726
1.727
1.763
14.898
1.741
1.726
1.751
1.726
1.726
1.726
1.726
1.726
1.726
1.773
1.726
1.727
1.726
22.949
1.726
16.398
1.726
1.726
1.726
1.726
1.726
1.726
1.726
1.726
1.726
1.726
1.726
1.726
1.726
1.726
1.726
1.726
1.726
1.726
1.732
1.789
1.726
1.726
1.726
24.177
1.726
1.726
1.726
1.726
3.871
1.726
1.923
1.732
1.726
1.726
2.108
1.726
1.726
1.726
1.726
1.726
1.762
1.726
1.726
1.726
1.726
1.726
1.726
1.726
1.787
2.643
1.726
1.726
1.726
1.726
1.726
1.726
1.726
1.726
1.736
1.726
1.726
1.727
1.745
1.726
1.726
1.726
1.730
1.770
1.726
1.726
1.726
1.726
1.726
1.726
1.726
1.726
1.726
1.731
1.726
1.726
1.726
1.747
1.726
1.740
1.726
1.726
1.726
1.726
1.750
1.726
1.735
1.736
1.779
1.726
1.726
1.726
1.726
1.745
9.710
1.726
1.771
1.726
1.748
1.726
1.750
1.726
1.726
1.726
1.726
1.726
1.726
1.726
1.771
1.726
1.726
1.726
1.726
1.742
1.726
1.726
1.726
1.726
1.726
1.726
1.726
1.728
1.726
1.726
1.796
1.726
3.208
1.734
1.726
1.765
1.726
1.726
1.731
1.726
1.726
1.726
1.726
1.726
1.726
1.726
1.726
1.726
1.726
1.726
1.726
1.726
1.726
1.726
1.726
1.726
1.726
1.726
1.726
1.726
1.726
1.726
1.726
1.733
1.726
1.726
1.726
1.726
1.726
1.726
1.726
1.726
1.726
6.093
1.726
1.726
1.726
1.732
1.726
1.755
1.726
1.731
1.726
1.726
1.726
1.726
1.728
1.726
1.726
1.754
6.835
1.726
1.726
1.735
1.726
1.822
1.726
1.726
1.726
1.726
1.726
1.726
21.646
1.726
1.726
1.726
1.726
1.727
1.726
1.726
1.726
1.726
1.726
1.726
1.726
1.726
1.726
1.726
1.726
1.787
1.726
1.725
1.725
1.725
1.725
1.725
1.725
1.725
1.725
1.725
1.725
1.725
1.725
1.725
1.725
1.751
1.728
1.787
1.725
1.725
1.725
1.779
1.935
1.725
1.745
1.725
1.725
1.725
1.725
1.730
1.725
1.725
1.725
1.725
1.725
1.725
8.162
1.725
1.725
1.730
1.725
1.727
1.725
1.725
1.728
20.855
1.725
1.725
1.725
1.725
21.390
1.795
1.727
1.725
1.725
1.725
1.725
1.725
1.735
1.725
5.128
1.725
1.725
1.756
21.821
1.725
1.725
1.725
1.725
1.725
1.725
1.764
1.725
1.730
1.725
1.725
1.725
1.725
1.749
1.725
1.725
1.728
1.725
1.725
1.767
1.787
1.725
1.725
1.725
1.731
1.727
1.725
1.725
1.725
1.735
1.765
1.725
1.725
1.725
1.725
1.725
1.725
1.725
1.725
1.730
1.725
1.725
10.740
1.725
1.726
4.075
1.744
1.725
1.725
1.725
1.725
1.725
1.728
1.725
1.725
1.749
1.725
1.725
1.725
1.725
1.725
1.725
1.728
1.738
1.725
1.725
1.725
1.725
1.810
1.725
1.725
1.736
1.725
2.812
1.725
22.424
1.790
1.725
1.779
1.725
1.725
1.725
1.725
2.213
1.725
1.725
1.728
1.725
1.725
1.725
1.725
1.725
1.977
1.725
1.725
3.435
24.804
1.725
1.725
1.725
1.750
1.725
6.945
1.725
1.725
1.725
1.749
1.725
1.735
1.725
1.735
1.725
1.733
1.741
1.725
1.725
1.725
1.725
1.725
1.725
1.725
1.782
1.725
1.810
1.725
1.725
1.725
1.725
1.725
1.777
1.725
1.725
1.725
1.725
2.006
1.725
1.725
1.755
1.725
1.725
1.725
23.772
1.739
1.771
1.725
1.725
1.725
1.725
1.725
1.725
1.725
1.725
1.726
1.725
1.771
1.725
1.729
1.725
1.725
1.725
7.700
1.725
1.725
1.725
1.734
1.725
1.742
1.725
1.727
1.725
1.725
1.725
1.725
1.801
1.725
1.725
1.727
1.725
1.725
1.725
1.731
1.725
1.727
1.725
1.725
2.573
1.725
1.725
1.725
1.725
1.737
1.725
1.725
1.725
1.725
1.732
1.773
1.725
1.725
1.725
2.543
1.725
1.725
1.725
1.725
1.725
1.725
1.739
1.725
1.725
1.784
1.725
1.725
1.725
1.725
1.732
1.725
1.725
1.725
1.725
1.725
1.726
1.725
1.725
5.506
1.740
1.761
1.726
1.725
1.725
1.725
1.774
1.725
1.750
1.747
1.725
1.725
1.748
1.735
1.725
1.763
1.743
1.725
1.725
1.725
1.725
1.737
1.725
1.725
1.725
1.725
1.725
1.725
1.733
1.725
1.725
1.751
1.725
1.725
1.725
1.725
1.725
1.725
1.725
1.725
1.725
1.771
1.726
1.725
1.725
1.725
1.725
1.725
1.725
1.725
1.805
1.729
1.740
1.725
1.725
1.727
1.735
1.725
24.898
1.876
1.725
1.725
1.725
1.725
1.725
1.725
1.730
1.725
1.725
1.725
1.725
1.734
1.725
1.725
1.725
1.744
1.725
2.355
1.725
8.365
1.725
1.725
1.725
1.726
1.725
1.725
1.747
1.731
7.682
1.725
1.725
1.743
1.725
1.725
1.725
1.725
1.726
1.725
1.725
1.725
1.725
1.725
1.735
1.756
1.725
1.725
1.725
1.725
1.725
1.725
1.975
24.549
1.725
1.725
1.725
1.725
1.725
1.728
1.730
1.725
1.725
1.725
1.750
1.725
1.725
1.725
1.725
1.725
2.122
1.725
1.725
1.725
1.725
1.725
1.725
1.725
1.725
8.419
1.725
1.725
1.725
1.729
1.725
1.725
1.725
1.922
1.725
1.725
1.732
1.725
1.725
1.725
1.732
1.759
1.725
15.892
1.725
1.725
1.725
17.889
1.910
1.725
24.334
1.725
6.997
1.780
1.725
1.725
1.725
1.725
1.735
1.725
1.776
1.739
1.725
1.725
3.881
1.725
1.725
1.726
1.728
1.725
1.778
1.725
1.725
1.725
1.725
1.725
1.726
1.725
1.725
1.725
1.725
1.725
1.733
1.754
1.772
1.725
1.742
1.766
1.725
2.238
1.725
1.725
1.725
1.725
1.725
1.791
1.725
1.725
1.725
1.742
1.725
1.725
1.725
1.725
1.725
1.727
2.843
1.724
1.734
1.724
1.732
1.724
1.724
1.724
1.724
1.724
1.724
1.724
1.770
1.724
1.724
1.727
1.724
1.724
1.724
1.724
1.724
1.724
1.724
1.724
1.724
1.724
1.724
1.724
1.724
1.771
1.728
1.724
1.728
1.724
24.990
1.724
1.724
1.726
1.724
1.724
1.724
1.731
1.749
1.724
1.724
5.155
1.724
1.724
1.724
1.724
1.724
1.730
1.724
1.724
1.724
1.724
1.724
1.732
1.754
1.724
1.724
1.724
1.724
1.724
1.778
23.301
1.724
1.761
1.730
1.724
1.830
1.724
1.724
1.724
1.724
1.724
1.724
5.127
1.724
1.728
1.735
1.724
1.724
1.724
1.726
1.724
1.825
1.766
1.724
1.724
1.724
1.724
1.724
1.724
1.724
1.727
1.724
1.724
1.724
1.724
1.724
1.724
1.724
6.381
1.724
1.724
1.724
1.724
1.724
1.739
1.724
1.724
1.724
1.724
1.724
1.724
1.724
1.724
1.723
1.723
1.728
1.723
1.724
1.727
1.748
1.723
1.723
1.723
1.727
1.730
1.723
1.762
1.723
1.723
1.723
1.752
1.723
1.723
1.723
2.594
1.723
1.741
1.754
1.723
1.723
1.723
1.723
1.723
1.723
1.725
1.723
19.067
1.723
1.723
1.723
1.733
1.723
1.723
1.723
1.723
1.723
1.746
1.723
1.728
1.723
1.723
1.723
1.724
1.723
1.723
1.723
1.723
1.730
1.723
1.723
1.723
1.723
1.723
1.723
1.723
1.723
1.723
1.723
1.756
1.765
1.723
1.723
1.723
2.502
1.723
1.723
1.723
1.723
1.723
1.723
1.723
1.723
1.723
1.723
1.723
1.723
1.724
1.747
1.723
1.725
1.723
1.723
1.723
1.756
1.723
1.723
1.723
1.723
1.746
1.723
1.723
1.745
1.723
1.723
1.723
23.113
1.778
1.728
1.723
1.723
1.723
1.723
1.723
1.723
1.723
2.810
1.780
1.723
1.723
1.723
1.770
1.723
1.723
2.536
1.723
1.723
1.723
1.723
1.754
5.120
1.723
1.723
13.752
1.723
1.810
1.725
1.723
1.731
1.723
1.726
1.723
1.723
1.723
1.723
1.723
1.765
1.723
1.723
1.723
1.725
1.731
1.741
24.991
1.764
1.750
1.728
1.723
1.723
1.723
1.723
1.756
1.726
1.723
1.723
1.723
1.723
1.723
1.723
1.723
1.723
1.723
1.760
1.723
1.723
1.723
1.723
1.723
1.723
1.723
1.723
1.723
1.723
1.734
1.723
1.723
1.723
1.723
1.792
1.723
1.723
1.723
1.723
1.727
2.611
1.723
1.723
1.731
1.723
1.723
1.723
1.723
1.723
1.723
1.723
1.723
1.723
1.723
3.644
1.724
1.888
1.751
1.723
1.724
1.723
1.723
1.723
1.723
1.723
1.723
1.723
1.723
1.723
1.763
2.771
1.723
1.723
1.723
1.747
1.723
1.723
1.723
1.723
1.736
1.723
1.761
1.723
1.723
1.723
1.723
1.723
1.723
1.723
1.722
1.722
3.743
1.724
1.722
1.723
1.722
1.722
1.726
1.722
1.728
1.722
1.722
20.604
1.722
1.722
1.749
1.722
1.722
1.722
1.722
1.722
1.722
1.722
1.722
2.390
1.725
1.722
1.722
1.722
1.722
1.722
1.722
1.722
1.722
1.722
1.722
1.722
1.722
1.722
5.308
1.722
1.722
3.635
1.722
2.534
1.762
1.725
1.723
1.722
1.722
1.729
1.722
1.722
1.722
1.775
1.722
1.722
1.730
1.722
1.722
1.722
1.722
1.722
1.722
1.722
1.741
1.722
1.722
1.725
1.722
15.126
1.722
1.722
1.722
1.722
1.722
1.722
1.722
1.838
1.776
1.722
2.022
1.769
2.193
1.722
1.722
1.722
1.722
1.741
1.745
1.726
1.722
1.722
1.722
1.794
1.722
1.722
1.872
1.722
1.722
1.722
1.722
1.722
1.722
1.722
1.722
1.722
3.492
1.722
1.722
1.722
1.722
1.722
1.722
1.722
2.316
1.722
1.749
1.722
1.722
1.722
1.732
1.722
1.722
1.722
12.653
1.722
4.057
24.528
1.722
1.722
1.722
1.722
1.722
1.722
1.729
1.790
1.724
1.722
1.722
1.722
1.722
1.760
1.722
1.722
1.722
1.794
1.722
1.722
1.722
1.722
1.722
1.722
1.722
1.722
1.749
1.722
1.740
1.722
1.722
1.722
1.722
1.722
1.722
1.722
1.722
1.736
1.722
1.722
1.728
1.723
1.722
4.452
1.722
1.722
1.742

Results for SA
Target: Iris-versicolor: 
Correctly classified 147.0 instances.
Incorrectly classified 3.0 instances.
Percent correctly classified: 98.000%
Training time: 33.273 seconds
Testing time: 0.004 seconds

