-i 10000 -algo rhc 
Iterations: 10000

Error results for RHC
Target: Iris-versicolor
---------------------------
17.007
17.030
17.008
16.495
16.545
16.585
16.498
16.785
16.495
16.469
16.209
16.263
16.227
16.232
16.210
16.347
16.220
17.259
16.280
16.206
16.250
16.253
16.212
16.207
16.219
16.299
16.428
16.186
15.823
15.850
15.829
15.831
15.907
16.166
15.838
15.823
15.861
15.820
15.800
15.969
16.180
16.136
15.425
15.428
15.425
15.485
15.497
15.429
15.424
15.395
15.510
15.398
15.212
15.212
15.216
15.204
15.214
15.228
15.335
15.323
15.353
15.351
15.915
15.466
15.211
15.297
15.353
15.105
15.102
15.127
15.152
15.211
15.121
15.152
15.039
15.108
15.055
15.371
15.039
15.033
14.985
14.983
15.598
14.937
14.937
14.956
14.937
14.936
14.977
15.112
14.936
15.081
14.916
15.586
14.958
14.874
14.883
14.917
14.926
14.953
14.874
14.875
16.068
14.879
14.861
14.873
14.941
14.927
14.854
14.922
15.178
14.094
14.188
14.552
14.094
14.094
14.045
14.051
14.176
14.071
16.903
14.033
14.125
14.033
14.205
14.234
14.243
14.033
14.033
14.095
14.028
14.845
13.995
13.920
13.921
13.920
13.917
13.796
13.980
14.053
13.796
13.979
13.796
13.796
13.800
13.902
13.796
14.032
13.962
13.771
13.770
14.110
13.770
13.903
13.722
13.678
13.678
13.677
14.237
13.678
13.673
13.673
13.685
13.685
13.733
13.722
13.686
13.618
13.647
14.234
13.618
13.630
13.859
15.227
14.426
13.618
13.684
14.050
14.327
13.618
13.618
13.895
13.618
14.514
14.178
13.618
13.570
13.537
13.586
13.518
13.518
13.510
13.584
14.221
15.132
13.580
13.510
13.510
13.768
13.584
13.753
13.510
13.538
13.551
13.510
13.795
14.089
13.590
13.533
13.510
13.513
13.676
13.709
14.834
13.440
13.413
14.569
13.413
13.412
13.402
13.688
13.524
13.401
13.387
13.387
13.758
13.238
13.238
13.238
13.390
13.124
13.124
13.111
13.411
13.707
13.275
13.252
13.225
13.141
13.147
13.456
13.302
13.111
13.177
13.112
13.757
13.376
13.113
13.112
13.111
13.002
12.842
12.842
12.858
12.839
13.171
12.839
14.567
13.195
12.839
12.840
13.129
12.942
13.237
12.943
13.715
12.905
12.839
13.337
12.990
12.925
13.731
12.832
13.021
12.877
12.832
12.909
13.036
13.046
13.067
12.645
12.626
12.678
13.615
12.639
12.626
12.626
12.607
12.590
12.631
12.590
12.590
12.590
13.550
13.068
12.502
12.515
12.523
13.480
12.987
13.365
13.800
12.506
13.383
12.502
12.502
12.572
12.529
12.646
14.750
12.481
12.481
12.484
12.481
12.487
12.533
12.537
12.535
12.939
12.478
12.815
12.482
12.535
15.098
12.506
12.416
12.989
12.436
12.578
12.424
12.421
12.416
14.548
12.408
13.452
12.407
12.409
12.491
12.440
12.407
12.408
12.407
12.421
13.629
12.769
15.468
12.384
12.384
12.384
12.375
12.376
12.756
12.269
12.349
12.294
13.755
12.418
12.269
12.672
12.269
12.290
12.316
12.301
12.269
12.423
12.282
12.310
12.051
12.209
12.071
12.181
11.968
12.810
11.971
11.960
11.832
11.814
12.205
11.652
11.652
11.652
12.329
11.736
11.652
12.006
11.699
11.908
11.613
14.298
11.631
11.682
11.613
11.602
11.932
12.523
12.760
11.620
11.613
11.602
11.602
11.621
12.231
11.602
11.643
11.823
11.587
11.605
12.566
11.908
13.526
11.611
14.474
13.001
11.541
11.532
11.916
11.615
11.532
12.513
11.533
11.598
11.675
11.530
11.530
11.521
11.661
11.519
11.610
11.542
11.537
13.106
11.495
11.561
13.614
11.446
12.245
11.441
11.439
11.410
12.384
13.263
11.350
11.367
11.720
11.620
11.319
11.319
11.270
12.594
11.317
11.271
11.200
11.303
11.200
11.519
11.468
11.152
11.325
11.130
11.130
11.094
11.279
11.102
10.972
12.618
11.324
10.969
10.746
12.446
10.746
10.791
10.821
12.030
10.966
10.724
11.484
16.341
10.912
10.748
10.724
10.847
11.131
10.760
10.769
11.116
10.729
10.758
10.953
10.729
14.279
10.720
16.003
10.988
11.107
11.167
10.792
10.746
10.720
12.999
10.723
11.533
15.194
10.296
10.389
11.298
10.562
14.228
10.304
10.242
10.242
12.813
10.242
10.270
10.075
9.915
9.936
11.458
11.575
9.935
10.011
10.127
10.534
11.448
9.920
10.127
10.014
10.560
9.821
9.821
9.779
10.733
15.066
9.800
9.735
9.714
9.899
9.714
9.763
9.710
9.710
12.312
9.702
9.874
10.685
9.866
10.212
10.719
9.702
9.702
9.702
10.048
10.438
10.112
9.720
10.027
9.702
13.546
9.790
10.662
10.256
9.988
9.697
9.652
9.771
10.566
9.652
9.639
9.590
9.581
9.717
10.288
9.581
9.890
10.089
10.669
10.045
9.604
9.588
10.347
9.814
9.647
11.079
9.779
9.729
9.581
9.581
9.517
9.524
9.517
9.611
9.591
9.404
9.372
9.780
9.356
9.356
9.373
10.673
9.356
9.567
9.319
9.663
9.319
9.410
14.962
9.308
9.314
9.683
9.405
9.184
9.209
9.386
9.921
9.189
9.233
9.156
9.199
9.231
9.887
9.409
9.761
9.182
9.156
9.797
9.292
12.387
9.271
15.424
9.416
12.295
9.340
9.166
9.082
9.185
9.082
9.223
9.114
9.071
8.998
12.045
9.136
9.051
10.792
9.002
8.951
9.069
9.894
8.974
9.080
8.958
8.955
8.946
9.440
9.068
9.071
8.839
8.830
8.830
10.552
8.845
8.818
8.856
8.904
8.818
13.813
8.874
9.011
8.818
8.820
8.841
9.156
8.886
8.822
10.004
8.814
8.814
8.760
8.856
11.304
9.511
8.950
8.803
17.887
9.092
9.279
8.741
8.756
9.667
8.716
8.876
9.510
9.146
8.694
8.694
8.820
8.860
8.732
8.760
8.694
13.863
8.753
8.725
8.755
9.058
16.272
8.895
8.767
9.130
9.175
8.712
9.137
8.756
8.694
8.697
8.693
8.693
8.863
8.693
8.693
11.199
8.864
18.688
11.283
11.501
8.773
8.693
8.693
8.710
9.210
8.696
8.776
8.917
9.828
8.707
8.670
8.670
9.373
8.638
8.650
8.985
9.319
8.760
10.189
13.540
8.559
8.533
8.533
11.121
8.561
8.533
11.472
8.531
8.521
8.508
8.565
8.544
21.366
8.677
8.507
8.474
12.298
8.495
8.536
8.474
11.525
16.133
18.325
8.758
8.475
8.474
9.219
9.127
12.273
8.711
8.475
8.825
8.753
10.010
8.430
8.544
8.494
9.137
8.521
8.577
8.519
8.698
8.943
8.566
8.556
8.601
8.490
11.705
8.853
8.404
15.605
8.422
9.014
8.404
8.308
8.354
8.567
8.232
8.232
9.118
8.374
8.332
8.920
11.259
8.347
8.308
8.729
8.232
9.190
8.899
8.233
8.351
8.245
8.342
9.076
8.493
8.731
11.101
8.751
8.580
8.183
8.257
15.631
8.183
8.350
8.157
12.557
8.969
8.152
8.225
17.889
8.256
8.570
8.211
8.161
8.237
9.459
8.501
8.339
9.152
8.446
9.392
8.193
8.939
9.060
8.138
8.166
8.503
8.126
8.126
8.923
8.803
8.127
8.809
8.082
8.015
8.726
7.990
8.013
12.239
7.993
8.008
8.119
8.150
7.945
8.518
8.115
8.480
7.945
8.221
8.726
9.047
7.935
8.177
7.934
7.934
8.408
11.758
7.970
7.934
7.913
7.797
15.565
7.773
8.472
8.662
7.788
7.773
7.961
8.170
7.830
7.701
12.737
7.701
7.664
7.948
7.697
7.604
7.831
7.803
7.665
7.609
7.690
8.032
7.756
7.623
7.664
7.604
7.776
7.656
7.824
7.606
14.990
7.685
7.590
7.659
7.613
8.572
7.914
9.561
8.280
7.764
8.090
7.940
8.129
7.611
7.765
7.745
9.066
7.549
7.805
7.679
7.559
7.488
8.013
7.488
7.487
7.734
8.249
9.716
7.440
7.683
7.589
7.439
8.496
7.439
7.446
20.953
7.599
15.134
7.428
12.486
10.340
7.614
7.370
7.352
7.472
7.499
11.827
8.916
8.504
9.547
8.152
7.434
7.382
7.417
7.341
7.369
20.519
7.345
7.341
7.327
7.503
7.331
8.683
7.328
7.327
16.665
7.314
7.403
7.472
7.432
7.316
8.794
9.718
7.318
7.340
8.770
9.626
7.315
7.808
7.314
7.373
7.672
7.599
7.795
7.402
7.314
7.527
7.697
7.931
18.055
7.549
7.354
7.315
16.123
7.425
7.707
12.443
8.500
7.305
7.418
7.703
7.273
7.753
7.482
7.275
7.269
7.660
7.300
7.786
7.328
7.269
7.291
7.269
7.395
7.269
7.299
9.003
7.270
7.342
7.588
8.529
7.269
7.268
7.308
7.361
7.664
7.503
7.537
7.341
9.003
7.267
7.265
7.514
7.414
7.991
7.486
7.262
7.262
9.564
16.801
7.237
8.815
9.075
7.493
10.323
9.025
7.247
7.435
7.286
7.628
7.482
7.428
7.363
7.237
7.146
7.321
7.181
7.925
7.187
7.146
7.698
7.999
20.873
7.191
7.146
7.146
7.150
13.407
7.301
7.146
8.107
11.247
7.361
7.148
7.848
7.310
7.156
7.145
7.717
7.616
7.231
10.683
7.202
7.146
7.079
15.428
9.511
7.502
7.718
7.140
7.079
7.221
8.162
7.081
7.123
7.079
7.422
7.103
9.642
15.677
7.473
6.999
7.033
6.999
7.009
6.999
7.004
8.655
7.000
6.999
6.990
6.990
7.244
7.007
7.255
6.993
7.252
6.963
8.236
6.963
6.963
6.956
11.040
7.056
6.950
7.012
7.097
7.115
6.935
7.776
7.710
7.910
6.936
7.022
6.946
8.194
7.085
6.939
6.779
7.123
7.742
6.777
6.900
6.764
6.929
9.508
8.886
21.147
12.490
6.900
7.467
6.769
6.766
6.818
6.716
7.649
6.717
10.819
7.412
8.937
9.481
6.742
6.686
6.792
6.980
9.146
6.630
6.628
6.628
7.420
7.389
7.059
6.639
14.590
7.173
6.610
6.610
7.100
8.271
7.206
11.580
8.676
8.234
7.159
6.613
6.610
6.717
6.597
6.601
6.600
7.814
6.620
6.821
6.599
6.788
11.602
7.260
6.636
6.606
6.598
20.125
7.493
7.290
6.597
20.011
6.706
6.853
9.971
6.670
6.597
6.597
7.506
6.531
7.135
6.837
7.972
6.548
6.516
7.703
6.515
6.762
8.824
6.531
11.515
11.009
16.941
6.542
6.514
6.681
6.517
6.532
6.580
6.761
6.513
7.329
6.511
6.542
6.511
14.551
8.933
6.511
6.813
6.519
6.512
11.995
6.812
6.511
6.797
8.386
6.511
9.937
7.554
6.565
6.583
9.574
6.623
6.517
6.512
6.507
6.506
6.491
8.009
6.490
6.718
6.483
6.937
6.483
6.970
6.554
6.541
6.474
6.455
6.591
10.751
10.081
6.650
10.032
8.795
6.391
7.936
6.339
6.339
6.620
6.427
6.838
6.409
6.493
6.374
6.556
11.857
6.816
6.415
12.349
6.341
6.358
6.402
6.347
6.349
6.346
6.343
6.339
6.328
6.328
6.844
6.328
6.812
6.292
6.922
6.295
6.587
6.293
7.310
6.436
6.449
11.079
9.866
9.982
7.162
9.647
7.020
6.282
6.282
6.907
6.303
6.378
6.393
6.410
13.040
9.270
6.302
6.314
7.184
6.282
6.850
6.229
6.290
6.228
6.255
6.259
6.582
6.583
7.803
7.145
6.199
7.666
6.199
6.278
18.754
7.089
9.467
6.225
6.191
6.250
6.193
6.409
6.205
6.227
8.503
6.182
6.170
8.568
6.179
6.166
6.241
6.412
6.166
6.838
6.468
6.191
6.278
6.182
6.186
6.843
10.298
10.312
6.198
6.307
6.166
6.195
6.230
6.200
6.485
8.508
6.521
6.406
6.447
13.743
6.192
10.203
8.070
6.165
6.366
6.185
13.537
6.234
6.151
9.495
6.369
7.608
6.441
12.507
6.151
9.398
6.195
6.153
6.158
6.151
8.623
7.675
6.391
6.325
9.030
6.125
6.113
6.318
6.136
18.787
6.113
6.251
6.113
7.327
6.061
6.061
6.328
5.988
7.294
6.327
6.122
6.246
7.251
5.957
5.960
7.133
5.975
7.296
8.415
5.957
6.760
6.155
5.991
6.198
6.532
6.005
6.177
6.168
6.077
6.080
6.037
5.957
10.423
5.945
7.192
6.818
5.951
6.060
10.099
5.946
6.162
7.847
6.216
6.232
6.198
5.945
8.524
6.043
6.211
10.035
5.994
5.910
9.594
5.910
7.993
6.099
17.178
6.605
6.791
9.158
8.327
6.909
5.910
12.731
6.038
12.650
6.153
6.914
5.910
5.930
5.917
5.910
6.942
5.918
5.910
6.624
5.900
5.910
6.011
5.987
5.900
6.758
5.942
6.176
5.900
7.469
5.900
5.995
5.929
6.023
5.915
7.705
6.163
6.155
5.895
12.724
5.888
5.914
12.460
5.889
5.902
5.934
7.157
5.914
24.914
5.887
5.887
9.261
5.909
5.887
5.887
7.148
5.887
6.362
9.546
6.227
5.887
5.929
7.007
6.042
5.887
6.851
23.697
5.888
5.887
5.910
6.264
5.965
5.903
5.887
5.887
6.087
5.981
5.930
6.261
12.835
6.508
5.888
5.863
5.863
5.864
9.140
5.913
6.019
5.834
5.834
5.834
7.408
5.971
5.833
8.507
5.831
5.858
5.839
5.831
5.867
6.052
5.831
5.877
5.857
5.838
5.831
5.831
12.017
6.078
6.425
5.837
5.832
14.606
5.854
5.924
5.962
5.887
5.834
5.940
5.831
9.473
5.841
6.334
6.941
5.831
5.758
5.807
5.789
5.891
7.570
5.855
15.063
5.758
5.830
5.884
5.936
5.976
6.179
6.068
5.760
5.774
5.783
6.118
8.912
5.790
5.724
5.724
8.729
8.136
5.724
8.868
5.813
15.170
5.785
5.713
5.981
5.744
5.822
5.898
5.714
6.028
5.723
6.534
12.967
5.690
5.691
5.690
7.245
5.765
5.692
6.817
6.230
6.188
5.685
6.497
5.929
7.224
6.336
5.871
6.380
6.455
5.697
5.704
7.560
7.347
6.502
6.405
5.685
7.398
5.936
8.552
14.263
5.726
5.710
5.582
5.728
5.582
5.582
5.918
5.724
5.819
5.921
5.585
5.792
6.788
5.589
5.582
6.162
5.589
5.616
5.788
7.211
5.590
8.619
5.657
5.566
5.505
5.505
6.330
6.234
6.240
5.505
5.680
5.505
6.285
5.564
6.666
6.411
5.515
5.505
6.788
5.509
6.499
5.502
5.504
5.641
7.204
6.121
5.502
5.522
5.638
5.923
5.501
7.648
5.911
11.234
5.530
5.522
5.501
5.503
7.647
5.620
5.501
5.598
5.665
5.503
6.400
6.351
5.501
5.526
5.530
5.575
5.504
7.096
5.578
5.501
5.567
5.541
5.495
22.995
5.661
5.640
7.255
5.505
5.776
8.020
6.224
5.536
5.568
7.879
5.579
5.495
5.495
5.667
5.503
5.834
6.796
5.490
7.605
5.490
5.653
5.490
5.548
5.558
6.439
6.002
5.523
5.490
8.775
5.501
5.489
5.718
5.555
12.623
6.584
5.515
5.679
5.489
5.489
7.582
5.460
5.441
5.888
5.444
5.465
5.475
5.528
5.453
5.484
5.402
6.550
5.772
7.027
6.284
8.313
5.386
5.353
5.397
5.421
5.348
10.199
5.348
7.454
5.346
5.955
5.952
5.422
5.359
5.380
5.508
5.347
7.086
5.393
5.341
11.979
5.368
5.343
5.554
5.341
5.343
5.341
5.340
5.893
5.379
5.340
16.997
7.219
6.313
5.390
5.360
5.353
6.384
5.444
7.404
6.109
5.343
8.101
7.408
5.458
5.766
5.339
10.544
6.325
8.120
5.340
5.672
6.025
16.282
10.788
5.339
5.338
5.346
5.458
12.350
15.866
7.907
5.797
5.398
7.520
5.462
5.319
8.929
5.626
8.130
5.907
5.319
5.318
6.621
5.322
5.862
13.699
7.550
5.318
5.889
5.366
5.343
6.567
5.615
6.291
5.812
5.387
6.868
5.369
8.465
5.314
5.314
5.318
5.308
5.323
5.309
6.974
5.309
5.890
5.401
5.309
5.374
5.305
5.296
5.319
5.298
7.184
6.647
5.796
10.886
5.356
5.254
10.545
5.537
6.902
5.257
5.895
10.582
5.255
5.256
5.419
5.201
5.257
5.201
5.197
5.195
8.451
5.183
7.028
5.668
5.827
5.183
5.183
5.183
5.186
5.181
7.892
5.295
5.243
5.237
7.906
7.516
5.608
7.507
5.183
7.286
5.177
5.177
5.331
5.177
5.144
5.234
5.140
8.999
5.236
6.088
9.063
7.459
5.208
5.144
23.449
6.501
8.750
5.342
5.271
5.139
5.145
5.683
5.267
5.136
7.288
5.136
5.136
5.136
5.182
5.143
5.123
5.118
7.505
5.118
5.431
7.453
5.118
5.506
12.051
5.118
7.502
5.341
5.118
5.184
6.493
5.165
5.155
5.166
5.255
5.214
5.488
5.170
5.118
5.431
5.137
5.475
5.118
5.156
5.120
5.118
5.437
5.127
7.774
5.197
5.314
5.119
5.118
5.115
9.056
5.271
5.116
5.435
5.115
5.097
5.097
5.097
5.097
5.105
5.130
5.141
6.252
5.218
5.173
5.781
5.096
5.106
5.100
5.100
6.372
5.207
13.056
7.846
5.111
5.906
5.476
5.733
5.099
5.126
5.096
5.098
6.714
9.307
5.163
5.104
8.316
5.401
5.762
5.287
14.701
5.264
5.096
5.103
5.093
5.277
5.260
11.299
5.090
5.098
8.529
5.089
5.363
15.648
5.282
5.087
5.093
5.156
5.290
5.292
17.672
5.093
5.415
5.214
5.113
5.087
5.147
6.105
5.629
5.065
5.547
11.458
5.065
5.060
5.240
5.366
5.060
13.468
9.229
5.040
5.020
7.026
5.010
5.013
5.289
5.077
5.011
5.053
5.191
5.573
5.059
5.012
5.771
5.077
5.010
5.155
5.659
8.651
5.165
5.000
5.000
5.009
5.018
5.000
8.632
5.209
5.109
5.229
5.001
13.074
5.041
5.000
5.092
5.000
5.028
5.110
5.000
5.000
5.001
5.133
11.228
5.014
8.545
5.095
5.414
7.992
9.297
5.004
5.019
5.008
5.094
5.001
5.003
5.145
5.025
5.060
5.036
5.206
13.200
5.356
6.194
5.000
5.462
5.278
5.128
6.287
5.000
6.270
5.000
11.707
5.020
5.000
5.000
6.440
5.110
5.064
5.113
6.765
5.151
8.452
5.001
5.037
5.047
7.758
5.000
4.999
4.972
10.509
4.984
5.725
5.675
4.972
4.973
12.719
5.023
4.999
5.002
4.972
5.663
5.117
5.240
4.974
5.025
4.972
9.126
4.973
4.962
5.028
5.170
4.992
4.962
5.312
4.952
4.952
5.172
7.719
5.048
4.985
4.952
4.968
5.019
5.455
5.993
5.317
19.349
4.946
4.937
9.105
4.945
8.118
4.965
7.236
7.476
4.937
5.014
6.746
5.225
6.030
5.004
4.937
4.956
7.789
4.941
4.963
4.982
4.938
5.840
4.943
4.956
4.972
4.900
5.074
4.882
6.272
4.887
4.882
4.882
5.828
4.893
4.895
4.883
4.893
8.164
4.882
9.070
4.884
4.866
13.326
4.870
4.869
4.869
4.866
4.966
4.883
4.872
5.120
32.029
4.865
4.865
4.919
4.874
4.865
5.787
4.859
4.859
4.917
5.242
4.914
4.871
7.337
4.864
4.859
4.898
4.854
7.005
8.929
4.854
5.091
4.857
5.220
4.853
4.853
5.084
4.863
4.915
7.734
7.815
4.860
4.856
5.295
10.197
8.890
4.897
4.872
6.985
6.616
4.888
4.853
5.071
4.870
4.881
8.575
4.858
6.171
4.853
12.476
5.527
4.853
4.853
4.853
4.853
5.253
5.356
4.837
4.853
7.401
4.839
5.053
9.750
9.757
5.729
4.838
4.837
4.833
5.170
4.829
5.837
4.828
4.903
4.828
4.897
4.969
5.323
8.574
4.828
12.966
5.750
4.831
7.717
4.828
4.842
4.975
8.468
7.030
5.030
7.898
5.568
4.828
4.835
4.819
5.667
10.868
4.904
4.820
4.880
5.788
15.824
4.934
4.818
4.928
4.835
21.460
4.817
4.822
9.181
4.904
8.919
4.871
4.954
4.915
15.004
4.817
4.959
4.827
11.831
7.492
19.298
4.846
7.538
4.973
4.856
4.818
4.828
4.817
4.913
4.860
5.194
5.203
4.842
4.818
4.993
4.966
4.831
8.637
6.071
5.756
4.817
4.820
4.859
4.815
6.419
5.105
4.851
7.385
5.051
29.358
5.474
10.100
4.830
9.944
6.058
4.833
4.820
4.816
4.946
21.420
6.907
4.921
6.895
4.883
4.865
4.815
4.815
4.816
7.233
5.211
4.897
7.894
4.945
4.822
5.482
4.948
9.283
4.820
17.252
18.863
5.326
4.932
4.874
10.131
4.888
28.622
7.210
4.814
8.945
4.828
4.814
4.814
4.814
4.840
11.419
4.992
5.516
4.824
8.861
5.505
5.659
4.814
4.814
4.814
4.824
5.042
7.778
4.846
4.965
4.815
4.814
5.254
4.823
7.502
4.849
5.545
4.858
4.840
4.813
4.858
8.029
4.923
9.500
4.830
4.860
5.056
4.815
4.915
11.787
4.842
4.897
4.918
4.818
4.846
4.790
9.542
4.796
8.244
4.817
4.790
4.759
4.759
4.734
8.671
4.734
5.341
5.061
4.910
6.895
4.734
5.390
4.732
4.736
4.731
4.731
4.938
4.723
4.854
4.735
4.732
4.918
4.725
4.732
4.727
4.818
4.723
4.878
4.759
4.723
5.624
4.832
4.704
4.711
4.848
4.714
4.706
4.717
4.703
4.935
5.854
4.704
27.773
5.199
4.707
4.741
4.759
9.692
5.793
4.724
4.725
4.703
11.093
4.704
8.657
4.890
7.785
4.710
4.985
4.740
9.069
4.764
4.703
4.701
4.721
5.415
4.701
16.830
4.675
4.778
4.646
13.023
4.725
4.647
4.639
4.597
4.600
4.597
5.280
4.597
4.618
4.597
14.080
4.609
6.664
4.874
7.289
17.593
4.915
6.742
4.600
4.632
4.578
4.574
4.586
4.578
17.276
4.574
9.724
6.098
5.968
19.646
4.574
9.490
4.576
11.774
4.572
4.562
4.664
4.562
5.799
4.567
8.711
4.574
6.468
4.563
4.562
5.965
5.254
18.639
5.200
4.562
4.599
4.562
4.564
4.552
5.454
4.552
4.548
4.718
11.717
5.213
7.708
5.488
4.548
8.334
4.557
4.568
4.565
4.560
4.554
10.609
4.547
11.224
4.548
4.825
5.077
4.544
4.540
7.261
4.540
4.560
4.540
6.227
4.541
4.540
19.158
4.818
5.021
4.539
4.539
4.847
4.654
4.607
4.564
10.711
4.540
4.539
4.590
4.545
4.559
4.796
4.539
5.811
4.539
4.547
4.747
4.868
4.612
18.730
12.815
4.541
4.546
4.539
4.567
4.539
4.675
8.724
4.539
5.450
4.542
4.540
14.042
4.603
11.964
5.788
4.502
4.502
4.505
4.502
4.504
4.502
4.502
6.608
4.502
4.547
4.591
4.918
4.501
4.498
4.499
9.174
4.501
5.404
5.465
4.503
4.498
8.355
4.500
4.604
4.498
8.803
28.623
4.611
7.254
4.499
4.498
4.522
4.726
4.580
4.586
4.498
12.068
4.498
4.499
5.261
4.945
4.501
4.590
4.499
4.514
4.508
4.865
6.433
7.482
4.499
4.510
4.635
5.850
4.498
18.874
4.815
4.576
4.498
13.280
12.346
4.499
4.557
4.633
4.505
4.503
4.550
4.498
5.400
4.498
6.467
4.803
4.537
4.774
5.194
4.498
4.503
4.497
4.782
4.500
4.531
4.940
4.502
5.119
7.568
4.501
4.497
4.769
4.505
4.498
4.497
10.839
4.506
5.526
4.522
4.491
4.745
13.151
4.644
4.695
15.036
4.491
4.490
4.490
4.495
5.402
4.489
5.951
17.526
4.517
5.056
5.381
5.972
5.333
4.485
14.150
5.136
4.530
5.215
4.485
4.486
4.494
4.743
5.578
4.490
4.669
4.987
4.824
5.712
11.997
4.459
4.459
4.459
4.459
4.521
4.480
4.447
4.447
15.698
4.483
4.464
4.518
10.483
4.448
4.554
4.447
4.507
4.590
4.458
4.486
4.459
9.995
4.447
4.484
4.633
4.448
9.795
4.447
4.449
4.663
5.605
4.447
4.480
4.447
10.633
4.446
9.387
4.446
4.446
4.446
4.549
4.446
4.446
4.951
4.447
8.901
4.457
4.539
4.577
4.447
8.127
4.727
4.446
4.446
4.446
4.468
4.451
6.816
4.542
4.446
7.549
5.896
4.447
4.446
4.441
18.402
4.501
12.394
15.357
4.458
4.441
4.502
4.840
4.479
4.438
4.405
7.603
4.405
4.405
5.835
4.405
4.443
4.405
4.812
4.405
4.742
18.233
11.601
4.905
4.438
4.840
7.356
4.381
4.346
5.346
4.291
4.377
7.774
4.291
5.209
4.302
5.060
4.291
4.291
4.740
4.294
5.388
5.888
5.560
4.290
4.290
4.290
5.292
9.977
4.297
4.290
4.302
4.289
4.289
4.249
4.238
4.238
4.728
4.241
4.237
6.011
4.237
4.246
4.392
4.239
4.237
4.237
12.410
4.452
9.041
7.274
4.387
4.220
4.217
4.211
4.217
4.550
13.477
4.211
4.211
4.252
9.760
4.210
4.245
4.210
4.514
4.211
10.928
4.213
4.210
4.256
4.905
4.210
4.211
12.405
4.216
4.199
4.298
4.200
4.199
4.235
4.199
4.199
4.354
4.200
4.669
4.199
8.845
5.881
10.326
4.231
5.414
4.211
4.199
5.557
4.199
6.484
4.203
4.627
4.544
5.122
4.193
4.198
4.229
11.719
4.309
6.346
4.193
4.193
4.306
4.185
9.461
4.185
4.185
5.574
4.229
4.185
4.185
4.217
4.185
4.302
5.663
7.523
12.098
4.699
7.001
4.792
4.278
10.886
4.466
7.426
4.418
4.190
4.181
8.413
4.227
4.182
4.181
15.580
4.334
4.219
5.760
7.980
4.181
4.181
4.392
4.445
4.237
4.186
4.659
4.253
4.197
4.181
11.079
4.181
5.846
4.390
4.235
4.181
4.245
4.181
4.181
7.522
4.324
11.765
4.181
4.183
4.598
5.348
5.620
4.184
4.234
4.185
4.963
4.181
4.199
4.181
9.720
4.181
4.481
4.181
13.050
4.479
4.229
4.181
10.788
4.207
4.179
4.195
4.182
4.615
4.180
4.279
4.177
4.177
4.183
4.179
4.181
4.751
4.177
4.178
4.212
6.259
4.177
4.177
4.177
4.177
4.177
4.304
4.177
4.169
4.169
10.650
4.385
4.169
4.408
4.348
4.169
8.704
4.169
5.744
13.714
5.257
4.169
5.459
4.463
5.230
4.359
4.176
9.241
15.548
4.247
4.180
4.214
4.187
4.169
4.169
12.237
4.189
4.158
4.268
4.392
16.186
4.619
6.298
4.158
4.354
4.176
4.165
4.164
4.192
9.507
4.158
4.158
8.025
5.642
4.158
4.164
13.703
5.156
4.158
4.189
9.537
5.498
4.158
4.158
5.443
12.428
4.158
4.133
4.158
4.133
4.126
4.126
4.094
4.412
9.633
4.717
4.107
4.089
5.505
8.883
4.083
13.429
4.083
5.836
4.404
4.083
4.084
13.567
4.083
4.083
6.902
4.461
4.083
4.116
4.083
4.092
4.423
4.083
4.293
19.589
4.257
5.549
4.442
4.349
4.260
6.115
4.121
4.177
4.083
4.122
4.084
4.259
5.424
4.098
24.198
4.068
5.144
17.993
26.623
4.068
4.155
6.726
5.919
4.069
4.048
5.747
4.055
4.102
4.464
4.066
4.053
5.898
4.184
4.738
4.045
4.056
4.046
4.216
4.045
4.083
4.048
4.046
4.141
5.676
4.055
4.100
4.132
4.303
6.559
4.148
4.207
5.824
11.731
4.048
4.046
4.300
4.034
5.544
4.034
4.014
4.014
4.053
4.014
6.614
4.034
4.023
14.160
4.022
4.014
4.040
4.014
4.014
4.034
4.014
4.014
4.014
4.873
4.014
4.008
4.011
4.282
4.035
5.380
5.086
4.003
4.003
4.140
4.026
4.054
4.004
4.005
4.233
5.119
4.003
4.003
3.991
9.102
5.072
4.910
4.098
4.089
3.997
9.191
3.983
3.983
3.951
3.957
3.951
7.579
6.804
7.882
5.077
3.951
3.952
4.031
7.151
3.956
3.952
12.172
3.951
3.951
3.951
9.093
6.992
15.027
3.951
3.945
3.945
4.450
3.945
4.605
16.292
3.961
3.945
7.993
4.335
3.975
7.433
6.392
3.948
4.010
3.945
3.945
7.308
3.945
3.946
4.228
3.945
4.100
3.945
7.796
7.281
4.874
12.600
3.945
3.953
3.945
3.954
3.962
3.945
3.958
3.941
4.413
3.946
3.944
4.203
3.938
12.438
4.149
3.981
3.938
3.938
3.950
10.323
3.938
3.938
3.938
5.897
4.497
3.981
4.143
3.938
3.955
3.943
4.193
3.938
3.935
4.061
4.192
3.936
4.304
4.856
7.912
3.934
3.934
5.906
4.113
4.052
3.940
3.934
13.383
3.935
3.935
4.254
4.232
13.766
4.076
6.343
3.934
4.193
4.133
3.934
3.934
4.031
3.934
8.415
3.936
3.935
3.934
3.956
3.934
8.355
3.934
17.915
3.929
4.130
4.287
4.459
3.933
4.729
3.929
3.930
7.564
3.929
3.944
3.929
6.140
13.189
3.929
3.929
11.132
3.933
3.929
3.956
3.975
3.931
3.930
4.212
3.874
7.485
4.934
3.928
3.874
3.874
3.874
7.360
9.192
3.875
3.874
9.396
4.107
3.843
3.843
4.973
3.843
3.841
3.841
4.925
3.887
3.841
3.841
3.958
11.041
3.869
3.841
3.841
3.850
5.209
3.841
4.730
18.914
7.612
3.851
5.623
3.841
3.840
3.843
3.841
4.628
6.782
3.930
3.840
3.840
3.840
3.840
13.463
15.404
3.840
3.846
3.840
3.857
3.840
3.900
3.923
6.254
3.904
3.840
3.853
3.840
3.840
14.018
3.828
12.166
3.858
3.828
3.828
3.824
9.707
12.974
3.824
3.824
12.821
3.796
3.796
4.023
3.796
4.753
3.803
3.808
3.881
3.790
3.790
8.316
3.790
3.757
3.757
13.200
3.757
3.757
3.758
10.806
3.757
11.293
3.757
4.544
3.757
3.768
4.201
4.955
3.757
3.757
4.729
4.216
7.629
3.757
3.816
3.757
4.214
9.472
3.757
3.757
3.757
3.716
3.968
3.716
4.883
4.574
3.799
3.716
13.423
3.794
3.709
3.737
3.709
9.546
3.711
4.128
9.713
5.826
3.709
3.710
3.709
13.364
6.928
3.723
10.365
3.780
3.709
3.709
3.709
4.888
9.712
3.714
6.992
3.684
3.698
3.685
3.666
4.418
8.508
11.387
9.712
3.667
3.824
4.098
21.587
3.782
3.668
3.666
3.666
3.668
3.649
3.649
3.649
3.649
3.649
8.850
3.873
3.688
3.652
3.649
4.725
3.649
3.649
7.262
3.649
10.863
3.649
7.054
7.021
14.174
3.649
14.023
3.649
7.578
3.674
10.848
4.537
3.644
3.644
4.020
15.857
3.644
4.785
4.084
3.644
3.644
3.964
17.879
3.645
3.660
3.645
5.763
3.872
3.616
3.719
3.617
3.956
6.786
5.391
3.617
4.383
3.618
5.499
3.618
5.187
3.617
5.066
3.617
13.729
3.616
3.616
3.623
3.616
3.670
3.618
3.616
3.616
4.608
3.616
3.618
9.555
3.616
3.646
3.613
3.613
3.613
3.782
4.006
3.768
11.856
3.613
3.863
3.696
3.620
3.613
4.475
3.685
14.602
3.613
3.613
3.613
7.353
4.289
3.613
4.139
5.384
3.613
3.613
8.527
3.613
6.035
3.666
3.613
11.864
15.617
3.613
3.621
5.779
3.618
3.613
3.613
13.571
3.613
3.606
3.589
15.422
3.589
3.589
3.719
3.589
8.699
3.589
21.018
4.043
3.589
3.589
3.589
3.681
3.589
3.589
3.578
7.824
3.602
10.981
5.372
3.615
3.578
3.578
7.333
3.578
3.578
3.733
4.193
3.578
3.583
3.879
3.627
5.274
3.578
3.578
13.936
9.469
3.578
3.578
3.578
3.643
3.578
3.578
3.687
3.607
3.578
3.578
4.957
9.116
3.766
3.578
3.578
6.025
3.581
3.578
3.578
3.578
3.578
3.603
3.578
3.578
3.865
3.578
3.578
3.589
3.588
6.194
13.026
3.578
3.578
3.578
3.697
3.578
3.578
3.578
3.578
3.578
3.578
3.578
3.664
3.578
3.578
3.652
3.853
3.578
3.894
7.517
3.578
3.578
3.578
3.589
3.578
3.578
3.578
3.591
4.193
3.578
3.578
3.578
7.221
16.348
3.578
3.747
3.578
3.690
3.583
3.578
3.578
3.578
3.578
3.761
4.039
13.322
3.578
3.578
3.578
3.578
4.163
4.384
3.582
4.246
3.577
7.592
3.577
4.129
3.577
3.578
23.324
3.577
3.577
3.687
3.577
3.577
4.605
5.029
3.664
5.513
5.973
20.404
3.578
3.577
3.577
3.577
3.577
3.584
3.586
3.577
3.625
3.577
3.580
3.577
9.244
3.764
3.666
3.577
16.890
3.577
3.577
3.577
6.029
3.584
3.577
19.018
3.577
3.847
3.577
3.572
3.908
4.306
6.045
3.572
3.572
3.572
3.706
14.984
3.619
3.691
3.569
4.528
3.570
3.569
3.807
3.569
3.569
4.566
3.736
4.030
3.569
4.074
3.569
10.494
4.343
3.569
3.534
3.701
3.656
3.572
12.294
6.009
3.534
3.534
3.534
3.536
3.857
3.534
3.552
3.633
3.534
3.579
10.298
12.434
3.534
3.743
4.548
3.568
7.765
3.535
3.534
5.207
3.534
13.686
3.589
3.536
3.534
3.739
3.816
3.534
3.516
3.516
3.516
3.527
3.869
9.110
3.854
3.516
3.516
4.282
3.516
5.908
3.590
3.537
7.408
3.516
3.526
3.516
3.516
3.516
3.645
3.520
3.516
3.516
3.635
3.492
3.492
3.492
3.553
3.493
3.492
3.505
11.844
3.492
3.492
3.492
3.492
3.492
3.492
3.492
3.513
3.492
3.644
3.492
3.492
3.492
3.492
3.959
3.492
3.492
3.493
8.297
16.754
3.492
7.485
3.464
11.178
3.974
3.464
3.464
3.464
5.950
10.077
3.439
4.951
4.004
3.595
10.252
3.444
4.157
4.602
3.439
3.439
3.440
8.624
3.439
3.439
3.441
3.439
3.633
9.073
3.439
3.477
3.496
6.991
3.439
3.442
3.439
3.439
3.796
3.439
3.439
3.439
3.439
3.439
6.698
4.460
3.439
3.511
4.288
3.439
3.439
3.439
7.628
3.443
7.189
3.439
4.460
3.439
4.439
3.439
10.539
3.439
3.439
3.485
3.439
3.439
3.439
3.616
3.439
3.439
3.439
3.434
3.436
3.434
15.765
3.435
3.434
4.491
3.489
3.434
3.444
6.424
3.434
3.432
3.432
5.392
3.432
3.447
3.474
3.432
3.432
3.432
3.432
3.432
3.432
3.432
3.434
3.454
3.453
3.504
3.419
3.423
3.693
3.419
3.419
10.886
3.568
3.708
6.105
4.048
3.419
3.445
3.419
3.592
3.419
3.419
3.419
5.581
3.419
3.495
3.420
3.419
11.332
3.422
3.505
3.446
3.419
3.420
3.892
3.419
6.398
4.377
3.419
3.419
3.419
3.420
3.419
4.928
13.531
5.250
3.419
3.419
8.432
3.419
3.426
3.495
3.419
3.426
3.419
3.420
3.465
3.420
3.549
3.419
3.482
4.610
3.419
3.418
3.421
3.418
8.262
3.418
3.418
7.862
3.418
3.418
12.203
25.204
3.418
3.418
3.711
3.418
3.418
4.386
3.418
3.851
3.418
4.557
3.418
14.318
3.473
4.068
3.418
3.400
11.186
3.544
3.400
3.400
3.400
5.429
3.400
3.400
15.019
7.789
3.484
3.452
5.884
3.400
5.016
3.400
3.721
4.995
3.498
5.162
3.397
3.397
3.472
3.397
3.397
3.397
3.397
11.303
3.397
22.178
3.468
3.403
10.457
3.397
3.397
3.506
5.181
3.398
3.498
3.867
3.397
3.397
3.397
3.438
3.397
3.409
3.397
3.397
3.397
3.397
3.397
3.422
3.426
11.884
4.507
3.397
3.396
3.494
3.398
4.176
3.395
7.639
3.395
3.396
3.393
10.394
3.818
3.467
3.394
4.316
3.395
7.842
5.481
3.393
4.847
4.587
3.393
3.847
3.393
4.264
3.393
8.317
3.393
3.418
3.501
11.638
3.393
3.613
3.393
3.393
3.570
3.393
3.596
3.393
4.038
7.063
3.393
3.392
3.392
3.393
4.603
3.394
3.392
3.392
3.392
3.392
4.029
3.392
3.392
7.790
3.479
3.503
3.468
3.392
3.392
3.750
3.392
3.392
3.392
9.200
3.650
3.735
3.392
3.391
9.238
4.996
7.570
3.391
3.386
7.732
3.386
3.387
3.483
3.386
3.386
3.603
5.543
3.386
3.386
3.386
8.062
3.386
3.386
3.386
3.386
3.575
23.058
3.386
3.386
7.531
10.369
3.388
3.388
3.386
3.765
3.386
3.386
7.940
3.776
3.386
3.386
3.628
3.386
3.386
3.470
3.392
3.386
3.386
16.574
3.386
3.386
3.386
13.053
3.720
3.386
3.470
4.390
3.512
3.386
3.675
3.386
3.333
3.333
5.913
3.335
3.715
23.345
4.199
13.348
10.614
3.333
5.348
4.430
3.333
3.859
3.741
3.362
5.055
3.333
3.375
4.337
12.139
3.333
3.333
3.335
3.330
3.330
6.035
3.330
6.309
3.330
3.539
3.319
4.979
10.889
7.619
13.797
7.907
6.444
8.447
3.402
3.320
12.473
3.403
3.392
3.319
3.319
3.316
3.379
3.316
3.317
3.316
13.168
3.316
10.228
3.672
3.316
11.311
13.593
3.316
12.275
3.316
3.316
3.316
3.736
3.316
3.331
16.758
3.295
11.241
3.295
3.333
11.893
3.295
3.297
3.571
3.295
3.295
3.295
3.295
8.320
3.308
3.437
5.115
3.295
5.714
3.295
3.297
3.295
3.295
3.348
3.295
16.057
3.297
3.295
3.295
5.552
3.383
3.295
3.279
6.910
3.459
5.045
3.504
13.650
4.748
11.810
3.279
3.284
13.894
10.238
3.280
6.013
3.279
3.279
3.279
3.302
3.279
3.279
3.279
3.261
3.261
3.595
3.340
6.045
3.261
3.526
3.998
3.261
3.401
3.264
5.424
3.270
3.531
3.780
7.097
8.207
3.261
3.325
11.516
10.336
3.258
7.667
3.489
4.621
3.259
5.016
3.258
3.266
3.258
3.259
3.303
3.258
3.244
3.244
3.244
3.244
8.801
3.596
16.902
3.244
3.244
17.721
3.244
4.627
3.244
3.260
3.362
3.244
4.300
3.244
3.244
7.087
3.244
3.244
4.247
3.244
3.244
9.594
3.244
3.244
3.244
6.698
3.350
3.244
3.244
3.244
3.883
3.244
3.244
3.244
3.244
3.506
3.244
14.949
3.234
3.834
3.234
3.234
3.420
11.692
3.234
6.506
3.407
17.716
3.234
3.525
3.234
3.234
3.323
3.234
3.211
14.006
3.212
3.211
3.206
13.945
3.374
7.051
3.206
3.206
3.206
6.801
3.206
3.210
3.372
3.332
3.205
3.205
6.839
3.205
3.205
11.888
3.205
3.205
3.205
3.416
11.669
3.205
16.989
3.205
3.205
4.892
3.205
3.979
3.205
3.205
3.926
3.205
3.328
3.205
3.495
16.724
3.205
3.195
3.431
4.214
3.206
3.219
3.195
3.195
3.195
3.195
9.112
3.195
3.195
3.195
14.786
3.195
3.324
3.378
3.195
3.195
3.195
3.195
3.202
6.313
3.195
3.287
3.304
3.361
3.195
20.837
3.208
3.195
17.357
8.405
3.195
16.595
23.710
3.195
3.196
7.496
9.671
3.280
3.195
3.195
10.814
3.195
3.865
3.310
3.206
3.195
14.276
3.195
3.195
3.195
11.280
3.237
3.195
3.244
3.143
3.143
3.160
3.143
5.704
16.465
4.607
3.290
13.841
3.143
3.143
3.177
3.143
8.768
3.145
3.143
6.410
3.143
3.505
3.665
3.135
3.135
3.135
15.440
3.339
3.135
3.135
3.135
3.135
3.136
3.135
3.133
3.133
3.342
6.434
3.133
3.166
6.983
3.133
9.456
3.134
6.961
3.133
20.136
3.097
3.129
7.275
3.107
3.098
3.143
3.097
9.420
3.097
3.097
3.267
3.097
11.436
3.289
16.280
32.731
3.097
3.097
3.097
4.287
3.097
3.097
3.137
3.097
7.826
3.335
3.097
3.097
3.097
3.121
3.097
3.094
3.095
3.120
3.094
3.094
3.094
3.094
28.021
3.100
3.086
5.061
3.086
3.086
11.672
3.086
3.088
3.082
3.082
3.082
3.082
3.082
17.580
6.155
3.082
3.082
3.594
3.082
3.599
3.084
3.082
14.610
3.082
4.354
3.082
3.354
3.079
3.316
5.778
3.039
3.072
3.039
3.061
3.039
3.567
6.158
13.076
4.197
3.039
4.562
4.375
3.031
3.579
3.067
3.031
3.031
8.327
3.031
3.031
3.031
3.794
4.094
11.361
3.089
3.031
3.162
3.152
3.031
20.137
3.031
3.031
3.638
3.032
3.031
3.031
3.030
11.148
3.030
3.030
23.797
3.030
3.227
23.500
3.118
3.312
3.030
7.469
3.054
3.065
3.030
3.044
3.030
3.030
3.039
3.030
3.030
3.732
3.030
3.030
3.030
3.180
3.033
3.030
3.031
3.887
3.031
3.030
3.030
3.030
8.996
3.030
3.095
14.896
3.030
3.030
3.030
3.030
3.030
5.650
3.369
3.030
3.030
3.030
3.013
3.484
3.156
7.560
3.013
7.525
3.027
3.013
3.013
3.014
3.013
3.015
3.019
3.615
3.013
3.013
5.749
15.265
19.196
10.102
14.276
3.041
3.013
10.646
14.980
3.074
3.013
3.013
12.376
19.354
3.013
3.031
3.055
3.013
17.374
3.013
3.557
3.018
3.013
3.179
3.013
3.013
3.013
3.013
3.025
3.013
3.039
3.014
8.685
5.518
3.019
3.013
3.563
3.013
3.013
5.300
3.039
3.013
3.013
3.013
3.013
3.013
3.013
3.013
3.013
3.013
3.115
3.049
3.013
3.016
2.980
2.980
5.381
2.976
6.184
2.958
2.958
30.772
13.402
26.298
2.958
2.960
3.092
4.193
3.114
2.958
3.271
2.958
3.004
2.974
20.907
4.382
2.955
3.017
2.955
2.976
3.957
17.303
2.955
2.953
2.953
2.953
2.951
2.951
2.951
3.002
2.951
2.951
2.951
2.951
2.951
2.951
12.352
10.851
2.951
29.841
3.943
2.970
4.354
10.251
2.951
3.027
8.333
2.951
2.951
2.957
2.951
2.949
2.949
2.949
2.956
7.079
2.949
14.924
2.915
2.915
2.915
2.915
2.915
2.919
2.916
2.941
5.310
2.915
2.916
3.691
2.921
3.122
2.915
19.251
2.983
14.836
2.915
2.915
3.194
2.912
8.887
8.152
2.913
5.106
2.913
3.000
2.912
2.913
2.955
2.912
2.912
2.907
2.917
2.907
14.927
2.907
3.963
2.907
2.907
12.324
2.907
2.907
2.907
2.907
2.907
2.907
4.422
2.871
2.871
7.263
4.107
2.871
3.092
2.871
2.887
2.871
5.590
2.870
2.873
2.870
2.870
2.870
2.870
12.230
2.876
2.870
2.973
2.870
7.091
2.870
2.926
2.870
2.870
2.870
2.870
2.883
2.870
2.872
2.870
2.903
2.870
2.904
4.498
13.408
2.870
2.904
5.329
2.877
2.870
3.151
2.870
2.870
2.870
14.704
2.870
6.819
2.870
2.870
4.985
14.560
2.870
2.870
3.815
4.445
15.410
5.173
2.883
2.870
8.824
2.870
2.870
2.874
2.904
2.870
2.900
2.883
2.870
2.870
6.693
3.028
2.883
3.031
3.190
3.209
2.870
2.919
2.870
6.632
2.870
2.870
2.870
9.408
2.876
7.447
2.971
2.891
12.098
2.870
2.951
2.870
3.966
7.131
2.846
2.846
2.904
20.158
2.846
2.846
17.621
2.846
2.846
2.846
2.846
2.846
3.599
2.846
2.846
11.052
2.846
16.214
2.846
2.846
19.865
18.865
13.906
2.846
2.846
2.846
2.846
5.515
2.846
2.846
2.846
2.846
2.846
9.024
2.959
2.846
2.841
2.841
2.841
2.842
2.841
2.841
2.841
2.841
2.841
7.953
2.857
2.853
2.841
3.027
2.841
2.841
2.842
2.841
2.841
25.314
14.227
10.294
2.841
2.842
2.841
2.848
6.994
2.841
2.840
2.840
3.033
2.881
2.851
7.032
2.840
2.840
2.840
2.918
2.840
6.007
2.840
2.840
2.840
2.840
3.856
3.342
2.900
2.860
2.840
2.840
2.840
2.840
2.840
2.840
2.840
17.451
3.550
2.840
2.886
3.306
3.819
3.008
2.840
2.840
2.840
12.661
14.462
2.840
2.840
2.840
21.363
2.840
2.871
2.856
2.840
2.850
2.840
2.840
2.840
2.844
2.840
2.888
2.840
2.840
5.869
2.873
8.714
11.449
2.840
2.840
2.840
2.840
2.840
6.951
2.864
2.840
2.952
2.840
17.235
2.978
8.385
11.218
2.840
2.840
3.095
2.840
2.873
2.857
2.889
2.840
2.840
14.784
2.840
2.840
2.840
2.840
2.847
2.840
2.840
2.840
2.840
2.840
2.840
2.839
2.839
13.748
2.855
2.853
3.668
2.917
2.918
2.840
2.989
2.839
2.832
2.832
2.832
2.832
2.832
2.832
2.831
2.833
3.148
2.831
2.834
3.114
2.831
2.831
2.834
2.832
2.832
2.831
4.948
3.345
2.831
6.549
2.831
4.939
2.831
3.183
2.978
2.831
2.831
2.831
2.831
15.076
3.978
2.935
3.136
2.870
2.830
2.830
3.290
3.779
2.830
2.829
2.923
7.874
2.829
2.829
2.829
2.842
2.829
2.835
25.341
2.829
2.829
11.482
2.829
2.832
3.209
19.820
2.829
2.829
2.829
10.979
6.502
2.830
2.829
3.034
4.044
2.829
2.842
2.829
2.829
2.829
16.644
2.859
3.047
2.914
2.828
3.318
7.800
14.794
3.076
3.741
4.032
2.846
2.828
3.818
2.828
2.828
2.828
3.532
2.828
13.770
2.828
12.762
2.828
3.190
2.828
15.017
2.962
2.828
20.531
2.828
2.828
2.828
7.829
2.828
27.090
2.828
2.855
2.828
2.836
2.828
2.842
2.833
2.828
6.647
2.828
2.828
11.086
2.912
3.210
2.828
3.318
2.828
10.612
8.185
2.886
2.835
2.844
2.828
2.828
2.825
2.825
2.834
2.848
2.825
4.786
2.825
2.825
2.825
2.842
3.020
2.825
2.825
2.825
6.501
2.825
2.825
14.103
2.840
2.825
2.823
2.823
2.823
2.823
2.823
4.111
2.847
9.704
21.463
2.928
3.029
3.134
2.823
2.823
5.573
2.840
2.823
2.838
2.997
2.852
3.974
2.823
3.749
4.864
2.823
2.831
2.823
2.823
5.755
4.152
2.823
2.821
5.067
2.821
2.824
2.823
3.431
2.821
2.821
2.889
2.825
2.821
3.000
2.821
18.685
10.428
11.611
2.898
2.821
2.821
2.824
9.067
2.821
3.054
2.935
2.821
2.832
5.226
2.821
2.821
2.821
2.865
7.503
2.821
3.492
2.836
4.442
16.495
14.985
2.831
2.821
2.821
2.821
2.850
2.828
3.585
2.974
2.821
2.821
18.133
2.821
2.821
2.821
2.833
2.821
2.842
2.841
4.111
2.821
2.833
2.821
2.950
2.821
2.821
2.829
2.821
2.821
2.821
2.925
2.821
2.823
2.821
20.852
2.952
8.563
2.962
2.827
2.821
2.960
2.821
2.821
2.900
3.110
2.825
2.821
2.821
2.824
2.821
5.555
2.822
2.821
11.708
3.830
2.821
6.950
2.932
2.821
6.264
3.144
4.344
2.821
2.915
2.821
2.821
2.824
2.821
2.913
2.896
3.108
3.412
14.290
2.821
2.821
2.954
2.821
2.823
2.821
2.821
2.866
25.725
2.830
2.822
3.236
2.822
2.821
2.821
2.821
2.821
7.341
2.846
2.833
2.822
2.873
2.821
4.426
3.380
2.821
2.821
2.821
2.830
3.119
2.821
2.821
2.821
18.176
2.821
2.821
2.829
2.821
2.846
3.085
2.838
2.996
2.821
3.000
16.263
2.845
2.844
2.821
2.821
2.820
2.960
2.823
2.820
3.298
2.820
2.821
2.820
2.820
4.225
2.824
2.820
5.127
2.822
15.688
2.820
18.348
2.820
2.844
2.820
2.820
2.981
3.416
2.823
4.676
2.820
2.820
2.820
26.916
3.080
2.820
2.935
2.820
2.820
3.035
2.862
3.254
3.288
2.820
2.820
5.887
2.833
2.827
14.424
2.820
2.824
9.845
18.634
2.858
2.846
2.876
2.820
2.820
2.820
2.820
2.820
2.819
2.832
2.819
2.822
2.819
2.819
2.819
2.819
2.819
2.820
2.819
2.819
7.112
2.819
2.819
2.819
2.941
2.819
2.823
7.603
2.822
4.077
3.131
2.824
3.014
3.185
2.819
2.819
2.819
2.884
2.889
2.819
2.905
2.819
2.819
2.819
2.819
2.831
2.817
2.852
3.024
2.984
2.823
4.171
2.817
3.313
2.911
3.408
2.817
3.018
2.821
6.193
2.821
2.978
2.817
2.817
3.131
3.347
2.818
2.817
2.817
2.817
2.817
8.953
2.914
2.817
2.817
2.817
2.817
2.817
2.817
11.051
2.817
6.371
2.899
11.062
2.817
2.821
2.817
2.818
2.982
2.831
2.797
2.905
8.416
3.003
2.797
2.797
2.797
2.797
2.797
4.255
2.797
2.797
2.797
2.879
2.797
2.801
2.797
2.797
2.811
2.797
3.776
4.862
2.797
2.797
2.797
14.479
2.797
14.386
3.014
2.974
2.802
2.791
8.870
2.875
2.782
19.985
4.662
2.754
18.769
2.754
3.275
5.061
2.754
2.754
2.754
6.355
2.754
2.754
2.754
2.754
2.754
2.754
16.411
2.726
20.818
5.373
2.727
2.726
2.726
3.448
2.726
2.726
2.726
2.726
2.962
2.735
2.726
3.801
2.726
2.726
5.750
2.719
2.719
2.813
2.719
11.570
2.719
2.719
2.719
2.824
2.719
2.736
15.393
2.857
2.719
15.237
2.718
2.721
2.750
2.718
2.760
2.718
2.718
2.754
2.718
2.718
3.242
2.718
2.718
2.718
2.718
2.718
2.718
2.718
2.879
2.718
3.634
2.719
2.718
2.718
2.718
24.599
2.709
2.710
2.709
2.709
5.249
2.709
8.178
2.863
2.709
2.709
2.709
2.709
2.709
2.759
2.737
2.709
4.773
3.705
2.749
2.710
2.709
2.709
4.829
2.709
3.072
3.349
2.709
2.730
2.709
2.709
2.709
2.709
2.709
3.360
4.425
2.709
2.709
2.709
3.781
4.308
11.242
3.318
2.709
6.484
2.708
4.100
2.708
7.483
2.708
3.057
8.992
2.708
2.708
2.708
2.759
2.708
2.708
2.708
2.708
2.708
2.708
2.708
2.708
2.708
6.320
2.708
2.708
2.708
2.708
2.708
4.732
2.708
2.708
18.000
11.363
2.783
15.875
2.708
2.727
2.820
18.424
2.708
2.724
8.788
2.719
2.723
2.708
2.708
7.595
2.708
2.708
2.708
2.708
2.786
2.858
2.708
2.710
2.708
2.708
2.708
4.464
2.708
2.708
2.713
2.708
2.742
2.708
2.709
2.708
4.613
2.708
2.735
2.708
2.708
2.708
2.708
28.358
2.985
2.708
2.712
2.708
2.812
2.708
2.708
2.708
2.708
6.392
2.708
2.708
15.973
2.708
2.708
2.974
3.615
2.847
2.804
2.708
2.708
2.708
2.708
37.775
2.708
2.708
2.708
2.721
2.789
4.291
2.708
14.213
2.708
2.708
2.708
2.735
2.708
3.410
2.708
2.708
25.097
9.666
2.708
11.856
2.708
2.708
5.828
2.711
2.708
2.884
2.708
4.848
2.708
2.718
2.709
2.698
2.698
2.698
22.066
3.378
2.713
2.698
4.928
2.906
2.698
2.698
2.698
12.324
2.712
2.799
2.698
2.698
7.292
2.698
2.698
2.698
9.746
5.627
2.924
2.698
2.814
23.742
2.698
2.768
2.896
3.790
6.110
2.698
6.726
3.116
2.698
2.698
2.698
2.698
2.698
5.159
2.698
2.698
2.698
2.698
15.352
2.698
2.698
12.255
2.726
2.698
2.698
2.698
2.898
2.734
35.416
2.873
2.698
2.698
2.698
3.625
2.881
2.698
2.698
3.599
2.965
2.698
4.566
2.698
2.698
2.698
3.993
2.698
2.698
2.698
2.698
2.698
2.698
2.761
2.698
2.698
17.830
2.698
6.195
2.698
2.708
2.706
2.698
2.698
2.698
2.698
2.965
2.698
2.711
2.698
2.697
3.865
2.697
4.803
2.697
28.123
25.887
2.697
2.697
2.697
2.697
2.882
3.452
2.697
2.697
17.012
2.697
9.328
2.697
2.698
4.059
2.697
2.697
4.191
2.697
36.733
4.463
6.405
7.506
2.697
2.697
3.656
2.789
4.636
2.697
2.697
10.579
3.014
9.914
2.697
2.697
2.697
2.864
3.882
5.390
2.697
2.811
2.697
2.697
4.339
2.705
3.620
2.697
2.697
10.227
2.697
2.697
2.697
8.870
2.697
2.697
2.697
2.697
2.697
2.697
2.697
2.698
2.697
2.697
12.939
3.357
2.697
2.697
2.697
2.697
2.697
2.697
2.831
9.515
2.697
9.979
2.697
2.697
2.697
2.697
2.697
2.697
2.697
9.653
2.697
2.697
2.697
7.398
7.029
5.627
2.683
2.697
2.683
3.768
3.352
2.683
9.719
2.693
19.813
8.972
2.683
2.683
7.632
2.890
2.693
6.973
4.521
2.681
2.681
2.973
20.214
11.605
2.683
6.739
5.796
2.681
3.110
2.681
8.329
2.681
6.148
2.681
2.681
2.681
2.681
2.681
2.681
2.730
3.763
2.997
3.499
2.815
3.667
2.681
2.681
2.681
2.681
2.681
2.681
2.681
2.681
2.681
7.597
2.681
2.733
2.681
2.682
2.681
2.681
2.681
2.681
3.565
3.922
2.681
5.828
2.686
2.681
2.689
2.681
2.681
2.681
2.681
2.776
2.681
24.422
3.277
2.681
2.681
2.681
2.681
2.681
2.857
18.023
2.681
3.010
2.681
2.681
2.681
5.207
14.352
2.681
2.681
2.681
2.681
2.681
2.681
2.681
2.682
2.681
2.916
2.681
2.681
2.681
2.681
2.700
2.681
2.681
3.423
2.698
2.686
2.681
2.681
2.681
2.681
2.682
21.965
2.681
2.681
2.681
2.681
3.234
2.681
2.681
2.681
2.920
2.714
2.681
2.681
4.339
2.681
2.681
7.165
3.532
2.681
2.681
2.762
2.681
2.681
2.681
2.703
2.689
2.681
2.681
2.684
18.769
2.681
2.681
2.681
2.752
2.682
2.681
2.688
4.524
2.937
2.681
3.604
2.681
6.852
2.681
2.681
2.681
2.681
2.743
14.256
2.716
2.773
2.681
2.681
2.686
2.681
2.681
2.681
2.823
2.688
2.681
2.681
2.689
2.681
11.477
2.684
2.681
2.681
2.817
2.681
4.201
4.861
2.681
4.345
2.681
2.681
2.681
35.592
19.660
2.681
2.758
2.681
2.681
2.681
5.116
3.873
2.681
2.681
2.681
2.943
2.681
2.681
2.679
2.679
3.224
2.679
2.679
2.679
2.679
2.679
2.680
2.679
2.679
2.679
2.679
2.697
2.679
2.679
12.597
2.679
3.038
2.678
2.678
2.678
4.465
2.678
2.678
2.718
2.678
2.678
2.678
2.686
2.678
22.968
2.678
2.678
2.685
7.062
4.499
2.678
2.678
2.678
2.891
7.768
2.678
8.135
22.407
2.678
2.681
10.417
2.681
2.678
2.987
2.826
3.543
2.678
2.691
2.678
4.638
2.678
3.746
2.678
13.934
2.688
8.673
2.678
3.000
2.672
14.020
2.672
2.672
2.837
2.672
2.672
38.191
2.672
2.672
2.672
2.717
2.672
2.658
2.658
2.649
2.649
2.649
2.649
2.653
2.649
11.038
2.649
2.629
2.629
2.629
2.629
2.629
2.629
6.347
2.629
15.752
2.629
2.629
2.629
3.231
2.633
9.619
5.287
2.632
2.629
2.837
2.629
2.629
2.693
2.629
2.857
2.629
2.629
6.431
4.136
2.837
3.640
2.629
2.644
2.685
3.308
2.629
2.629
2.629
3.024
2.629
2.629
2.629
2.629
2.629
3.752
2.629
2.629
2.629
2.629
2.756
2.629
13.872
2.629
2.642
4.494
2.672
2.633
2.629
2.629
2.629
2.629
2.629
2.629
2.629
2.629
3.099
2.813
2.629
2.790
5.999
3.097
2.641
4.346
2.629
2.629
2.629
2.629
2.674
2.629
2.629
13.743
2.629
5.888
3.611
2.824
2.629
2.629
2.658
12.344
2.629
2.629
2.629
2.629
3.304
2.629
5.918
2.639
2.629
2.680
2.637
2.629
2.663
32.226
2.702
5.646
2.629
2.701
2.629
2.629
2.629
2.641
2.702
2.698
2.969
2.629
2.629
3.452
5.961
2.629
3.082
2.629
2.629
2.629
2.629
21.051
2.629
2.646
2.629
2.686
2.629
5.452
2.629
3.314
12.265
3.732
2.666
2.628
2.628
4.712
2.628
2.628
2.628
2.623
2.841
2.623
2.629
2.623
2.615
2.615
2.615
2.621
4.021
2.625
2.615
2.615
11.227
2.615
2.615
2.615
2.615
19.393
2.615
2.615
2.615
2.615
2.615
12.722
2.615
2.615
39.324
2.827
13.642
2.615
2.615
2.615
5.521
2.618
2.615
2.615
2.615
2.615
2.615
2.615
2.615
2.615
2.615
2.622
2.615
20.912
2.615
2.615
2.615
16.182
2.615
2.615
2.615
2.797
2.718
2.615
2.615
2.615
2.631
2.863
3.947
2.615
5.713
2.615
2.643
2.615
2.615
2.643
3.643
2.703
2.615
2.615
2.615
2.615
2.615
2.615
2.615
2.615
2.615
2.615
2.615
34.072
2.615
2.615
2.705
2.638
3.621
3.374
2.615
2.615
3.817
7.226
2.615
2.615
2.637
11.376
2.615
2.615
3.234
2.611
4.984
2.611
12.776
15.995
2.611
2.807
2.611
2.612
2.900
2.816
2.792
2.709
2.611
2.611
34.773
5.020
18.233
7.243
2.611
4.161
2.776
2.611
2.702
2.611
2.611
19.546
2.611
2.610
2.610
2.610
2.610
2.716
2.610
2.610
2.774
2.610
2.604
2.604
2.604
2.597
2.597
2.597
2.597
9.335
7.362
2.597
2.785
2.597
2.597
2.597
2.597
2.600
2.724
2.597
2.718
2.702
2.597
5.421
7.730
7.499
2.597
3.072
12.998
2.597
2.597
2.606
2.597
2.597
2.597
2.597
3.461
2.634
2.597
2.597
2.597
2.597
2.597
14.297
2.597
6.443
39.845
2.597
3.249
2.657
2.597
2.841
2.628
7.452
2.595
2.595
11.002
2.595
2.595
2.595
2.595
2.595
2.595
10.573
2.595
2.601
2.806
2.624
2.595
2.595
7.457
2.595
2.595
2.595
2.595
2.595
3.405
2.595
2.595
2.595
2.595
3.848
2.595
2.595
2.595
6.940
2.595
2.595
2.595
2.595
2.595
7.333
2.595
2.595
2.595
2.595
2.595
2.595
2.595
2.595
5.908
3.326
3.290
2.590
2.579
2.579
3.442
2.987
2.579
2.578
2.578
3.044
2.579
2.578
2.578
2.578
2.578
2.578
2.578
2.578
2.578
2.578
2.644
2.578
2.873
2.578
2.624
2.641
2.578
2.710
4.972
2.688
2.578
2.578
2.578
2.578
2.578
2.586
2.578
2.578
2.578
2.578
2.580
2.578
2.578
31.241
2.683
2.578
2.578
2.578
4.573
4.721
3.285
2.578
2.615
8.488
3.485
26.907
4.098
4.521
2.578
2.578
2.578
3.838
2.689
2.578
2.604
2.828
2.578
2.578
2.578
4.881
2.578
2.578
10.934
2.573
2.573
4.017
2.573
2.573
2.944
42.242
2.573
2.573
2.573
2.573
2.573
8.106
10.269
2.573
2.573
2.573
2.573
2.573
5.270
16.644
2.573
2.573
4.820
15.408
2.573
2.573
3.589
3.251
2.573
14.956
2.573
2.573
2.723
2.573
2.573
3.059
2.573
12.877
2.573
5.912
2.573
2.570
2.570
2.570
2.570
2.570
2.570
7.863
11.714
2.570
2.803
25.182
2.578
2.570
2.570
2.619
12.229
2.570
2.570
2.658
2.570
2.570
2.611
2.570
22.439
4.727
41.242
2.570
2.570
2.570
2.570
2.607
2.570
2.570
2.570
2.570
38.250
5.561
2.679
2.570
4.919
5.577
2.570
2.570
2.570
2.570
2.570
2.570
2.960
5.297
6.981
2.570
2.603
2.570
12.594
2.570
2.570
2.570
10.613
2.570
2.570
17.175
11.381
8.759
2.570
2.617
3.341
2.570
5.263
2.591
2.570
2.570
20.379
5.932
2.570
2.939
2.570
3.480
2.655
2.570
2.768
15.917
2.570
2.570
4.980
21.493
2.570
2.570
2.570
2.570
2.570
2.570
2.570
2.570
8.511
2.580
2.842
12.388
2.570
2.570
2.570
2.570
2.570
2.570
2.570
2.570
2.570
2.570
2.679
2.610
7.716
2.570
2.570
2.562
2.756
2.562
7.967
3.451
2.562
3.011
2.562
2.562
2.562
8.559
3.193
2.562
2.562
2.562
8.154
2.562
5.730
2.591
3.717
2.562
2.562
2.562
2.562
2.562
9.418
2.718
16.720
2.562
2.562
2.562
2.562
2.562
11.748
2.562
20.898
2.735
2.708
2.649
9.288
3.044
2.562
2.562
2.776
4.381
2.573
2.631
2.562
2.562
2.865
5.434
5.274
2.562
2.562
2.963
2.558
2.580
2.610
2.558
2.718
6.311
15.066
2.663
5.371
2.558
2.560
2.549
2.549
2.549
2.549
4.362
2.549
2.549
2.549
2.554
2.549
2.549
10.685
2.549
2.717
4.180
2.601
42.380
2.549
2.548
2.548
2.548
2.548
6.351
2.562
2.557
2.543
2.543
3.489
2.769
2.543
2.543
2.561
2.543
2.540
2.540
2.540
2.544
12.123
2.540
2.780
2.539
2.539
2.539
9.904
2.539
2.539
8.750
2.538
2.873
5.195
2.538
2.638
2.538
13.498
2.538
2.680
2.538
2.538
5.957
2.538
2.538
2.538
2.538
2.538
2.538
2.538
2.538
2.538
43.190
2.538
2.538
2.538
2.532
2.532
2.754
2.532
2.532
2.532
2.532
7.581
2.532
5.540
2.529
3.580
2.539
2.529
2.529
2.529
2.529
2.529
2.529
2.529
33.720
2.529
29.915
2.529
2.529
11.891
2.529
2.529
2.529
6.720
2.548
2.592
4.914
2.529
2.529
2.529
2.529
43.340
2.529
2.529
2.647
2.529
2.529
2.529
2.529
2.529
2.529
2.529
2.988
2.529
7.478
2.529
2.529
23.946
3.127
4.089
2.529
24.205
2.529
2.529
5.941
2.939
5.185
2.529
2.529
2.568
9.538
2.599
2.529
2.529
2.533
2.529
2.529
3.537
2.531
2.655
2.689
2.529
2.529
2.529
2.529
23.328
2.529
5.645
2.525
2.566
2.525
3.247
2.525
5.757
2.525
2.525
2.525
2.525
2.525
11.724
2.744
2.525
3.025
2.525
2.525
2.525
2.670
2.525
2.543
2.809
2.850
2.525
2.525
2.525
2.534
2.525
2.525
2.525
2.525
2.529
2.525
2.525
14.459
2.525
2.525
3.892
2.540
4.429
2.525
2.525
2.525
3.976
2.523
2.523
14.853
4.614
2.523
2.523
3.684
2.523
21.873
2.523
2.523
2.523
2.892
4.594
2.531
6.834
2.523
10.163
2.523
2.538
2.523
5.895
2.523
2.523
2.523
2.523
6.893
2.523
2.523
4.794
2.532
2.523
2.523
2.559
2.523
5.228
2.516
11.453
2.665
2.516
2.516
3.722
2.516
2.516
2.516
2.516
2.516
2.516
2.516
2.514
2.521
11.425
2.514
2.514
2.514
2.514
2.842
2.580
2.514
5.049
2.514
4.035
2.514
2.507
9.293
4.138
2.507
2.507
2.507
2.507
2.494
2.494
4.363
2.999
2.749
2.494
3.793
2.494
3.277
2.494
13.623
2.640
2.494
2.494
2.480
2.480
3.133
2.481
2.480
2.480
4.652
2.508
2.480
2.480
42.911
2.603
2.490
2.480
2.480
2.480
2.544
8.712
2.480
2.480
2.480
2.480
2.578
2.523
2.480
2.480
2.480
2.480
2.480
2.480
2.481
2.480
2.480
8.575
2.480
2.480
2.480
2.480
2.479
2.479
2.479
2.479
2.479
5.988
21.627
2.479
2.779
2.560
2.479
2.479
2.628
8.121
2.479
2.479
10.411
2.526
2.479
2.479
3.999
3.626
2.479
2.479
9.456
2.479
2.479
2.479
2.587
2.479
2.705
2.479
2.483
2.533
9.300
2.479
2.472
2.472
2.472
2.545
2.582
2.472
3.553
10.405
4.811
2.472
9.256
2.474
2.475
2.472
2.472
2.472
2.491
2.472
2.472
2.975
2.472
2.472
2.472
13.313
2.472
2.472
2.572
2.472
2.472
2.472
2.472
2.472
2.472
11.960
2.472
2.472
2.472
45.912
2.472
2.721
2.472
2.472
2.472
2.545
2.472
2.472
2.472
2.472
2.472
2.472
2.472
2.472
2.537
2.472
2.472
2.599
2.622
11.159
2.472
3.339
12.729
2.472
2.481
2.472
3.357
2.472
2.496
2.472
2.472
7.871
2.472
2.463
2.463
3.720
2.463
2.463
2.463
2.520
3.247
12.547
2.463
4.827
2.463
2.561
2.465
2.463
2.488
2.463
22.392
2.463
2.463
3.663
2.463
2.970
2.463
2.781
3.169
2.532
4.902
3.900
2.463
2.463
2.463
2.463
2.717
45.937
2.463
2.487
3.215
16.044
2.463
2.765
2.463
2.474
6.736
2.999
2.463
2.463
2.467
2.463
2.463
7.820
2.463
2.594
2.463
37.930
2.463
5.669
6.639
2.463
2.463
14.204
2.463
2.486
4.687
2.946
2.465
2.463
46.615
2.463
2.463
2.801
2.463
2.463
2.463
2.463
2.463
2.463
2.471
2.749
2.463
4.806
2.471
3.331
2.535
2.463
2.463
3.773
2.463
11.602
2.470
16.017
2.463
2.463
2.463
2.463
2.463
2.463
11.368
2.463
2.463
2.463
2.463
2.825
3.386
2.463
8.789
13.199
2.463
2.463
2.463
6.341
2.463
3.038
2.463
13.025
2.470
2.463
2.463
2.463
2.463
19.238
2.463
2.463
2.674
2.463
2.463
2.463
2.557
2.934
2.463
4.098
2.592
2.463
14.348
2.463
2.463
4.270
2.463
3.720
2.463
2.759
4.214
2.463
2.463
2.463
2.463
23.535
2.463
8.215
2.463
2.463
4.418
4.138
2.463
4.731
2.463
2.463
2.766
9.953
2.463
2.463
2.463
2.463
14.793
2.463
3.876
2.579
2.463
2.463
2.463
10.528
2.463
12.262
2.872
2.463
4.769
2.463
2.463
2.463
45.658
2.463
13.617
2.463
2.461
2.461
2.614
2.459
2.485
2.459
2.459
2.459
2.504
5.720
2.459
2.459
2.499
2.459
2.459
2.515
2.459
2.459
4.681
2.459
2.459
2.459
2.946
2.479
7.669
2.468
2.459
2.459
2.459
2.459
13.810
2.462
2.459
2.459
5.944
2.494
2.459
2.459
2.459
2.459
3.954
2.459
2.459
2.484
2.458
3.030
2.458
2.458
2.458
2.458
5.609
3.505
2.458
2.458
44.466
2.458
4.117
2.458
2.458
2.458
2.458
2.457
2.661
2.457
4.652
2.457
2.457
2.457
2.457
2.457
2.457
2.457
14.327
2.457
2.598
2.457
2.696
2.457
2.457
2.457
2.512
2.457
7.517
2.457
2.457
2.457
5.124
2.457
2.457
2.588
4.048
2.457
3.351
3.678
2.457
2.457
23.365
2.457
2.672
2.457
2.578
2.471
2.457
2.457
2.457
2.457
2.457
2.457
2.457
12.216
2.457
2.457
2.457
2.457
3.538
7.677
2.457
26.874
2.457
2.599
2.457
2.457
2.599
2.457
2.457
2.457
2.880
2.451
2.451
2.451
12.119
3.567
2.473
2.450
2.444
2.444
2.444
2.642
2.456
2.444
2.444
2.444
4.118
2.444
4.816
2.444
2.444
2.444
2.531
2.444
2.444
2.444
2.444
2.444
2.954
2.683
2.462
2.444
10.051
2.452
4.685
4.265
2.443
2.443
22.475
2.443
2.443
2.443
2.443
2.443
17.166
2.447
2.443
2.443
2.443
7.956
2.443
2.443
23.705
2.443
2.443
2.443
2.443
2.443
2.443
2.443
2.443
2.536
2.443
2.443
2.443
2.471
2.443
2.443
2.434
3.033
2.434
2.435
7.141
2.434
2.434
3.583
2.434
46.682
6.682
2.410
2.419
2.472
2.410
6.611
2.410
2.410
2.410
2.438
2.410
9.101
2.410
2.718
8.668
2.410
2.439
2.410
2.410
2.742
2.413
2.410
2.410
2.410
2.410
2.410
2.410
2.410
2.410
2.410
2.410
2.410
2.410
4.991
2.410
2.410
2.473
2.410
4.681
2.410
5.822
2.410
2.410
2.410
2.410
2.410
2.410
2.410
22.971
2.410
2.415
2.410
2.574
2.753
2.971
2.410
2.496
2.410
2.856
2.415
2.473
2.410
2.410
2.410
2.410
2.410
4.945
2.410
2.410
22.879
2.454
2.410
2.670
2.410
2.410
2.410
2.797
2.680
2.410
3.863
2.408
2.408
2.408
2.408
2.408
9.897
2.408
2.408
2.503
2.408
2.596
2.408
2.408
2.408
2.408
2.407
12.731
2.407
2.568
3.144
9.440
2.407
2.407
2.407
2.407
2.414
6.514
2.407
2.407
2.407
2.551
2.407
2.407
2.585
2.664
2.407
2.407
2.407
3.145
11.354
5.427
2.408
2.407
2.407
2.407
3.978
2.407
2.473
2.950
2.530
2.407
2.550
2.408
2.407
2.403
2.403
2.801
2.403
11.264
4.651
4.550
2.403
2.403
3.337
2.409
2.403
2.405
2.403
2.403
2.403
2.403
3.051
2.403
2.407
2.403
2.405
2.507
2.403
11.054
2.403
2.410
2.403
2.403
2.403
2.403
15.454
2.403
2.403
2.435
2.403
2.403
2.403
2.403
2.403
2.403
2.547
4.834
46.076
2.576
2.410
2.403
2.403
2.401
4.884
6.386
9.666
2.401
2.401
2.733
2.417
4.522
6.762
10.299
26.841
2.671
4.121
2.401
2.401
2.401
2.597
2.401
2.401
4.981
2.401
3.732
15.782
4.745
2.401
2.401
2.495
2.401
24.251
2.401
2.401
4.009
2.401
2.463
2.588
5.354
2.478
2.401
3.526
2.400
2.400
2.400
2.400
2.400
2.400
2.400
2.400
2.403
2.400
2.417
2.404
2.400
2.400
2.400
2.400
2.483
2.400
2.426
2.400
2.604
2.400
2.400
2.597
2.400
2.400
2.388
2.388
2.388
2.388
2.388
2.388
2.385
2.385
2.529
2.385
2.385
2.381
2.381
2.794
19.386
5.288
2.746
2.381
2.381
2.381
2.381
6.304
2.381
2.381
2.388
2.380
2.380
2.380
3.368
2.721
2.401
4.980
2.380
2.380
2.387
2.497
2.380
2.489
2.380
2.380
2.380
2.380
10.492
2.380
2.380
4.216
2.373
2.506
2.426
2.373
5.645
2.373
2.381
2.370
2.373
2.370
2.370
2.400
2.369
2.369
2.378
2.372
46.760
2.508
2.369
2.369
2.369
2.369
2.369
2.369
2.369
2.582
2.369
2.459
2.462
2.369
2.369
2.369
2.371
2.369
3.099
4.078
2.702
2.369
6.536
7.796
2.395
22.192
2.375
2.369
7.905
2.369
2.369
2.369
2.369
2.369
2.369
31.958
7.908
2.730
2.369
2.401
2.369
2.371
10.088
3.973
2.369
3.962
2.369
2.369
27.318
2.369
18.120
2.369
2.372
2.369
2.411
18.194
2.369
2.369
2.369
2.369
2.426
2.369
2.369
2.369
3.219
2.432
29.420
2.444
2.369
24.623
10.784
17.467
2.369
2.369
2.392
2.369
2.912
2.369
2.369
3.093
2.369
2.754
2.369
2.411
2.369
2.369
2.369
2.369
2.369
2.369
2.369
2.369
2.369
2.420
2.369
2.369
2.589
2.369
10.068
2.369
2.367
2.367
2.367
2.367
2.367
2.367
2.367
2.367
2.394
31.475
2.367
2.367
2.367
2.367
3.301
2.367
2.503
2.367
2.372
2.367
2.371
4.046
2.522
2.404
2.367
2.367
2.369
2.367
2.367
2.367
2.355
2.355
6.682
7.324
2.355
4.672
2.359
2.355
2.355
2.355
2.351
2.351
18.251
2.344
2.344
3.140
24.766
2.475
2.344
2.344
2.478
2.344
2.344
2.344
2.344
2.344
2.654
2.344
6.662
2.344
2.344
2.344
2.614
2.344
2.546
2.337
2.337
4.801
2.741
2.337
2.441
2.337
2.337
2.335
2.335
2.337
2.649
2.335
2.335
2.884
2.465
2.335
2.335
2.335
2.335
2.695
6.049
2.344
2.335
2.335
2.335
2.436
2.335
2.324
2.324
2.324
2.324
2.372
2.324
2.324
2.705
2.324
2.324
2.324
2.326
2.324
2.324
2.324
2.324
2.324
13.911
2.324
2.324
2.334
2.324
2.512
2.324
2.325
2.324
2.325
2.324
25.564
2.321
2.321
2.321
2.321
2.321
2.321
2.326
2.321
2.321
2.510
23.746
2.321
9.796
13.037
2.321
4.559
2.321
2.321
2.321
6.342
2.321
2.321
2.321
2.321
2.538
2.321
2.366
2.321
17.867
2.500
3.324
2.321
2.321
2.331
2.321
2.321
45.963
2.321
2.425
2.321
11.727
2.421
2.321
2.321
2.321
2.321
2.321
3.613
2.321
2.852
10.718
2.497
24.209
8.738
4.823
2.321
2.321
2.321
2.361
2.321
2.523
2.892
2.321
2.617
19.340
2.399
2.321
2.321
13.259
2.460
4.151
2.524
2.321
2.321
2.321
2.528
2.321
2.321
2.528
2.321
2.321
2.321
5.357
2.398
5.919
2.321
2.323
2.321
2.321
2.321
2.321
2.321
2.362
2.321
2.321
2.316
2.345
2.344
3.249
2.319
3.836
2.374
2.316
2.316
2.316
3.866
2.359
3.469
2.316
2.316
2.428
7.797
2.316
2.316
2.316
2.316
2.316
2.316
2.367
2.316
4.684
2.316
2.315
2.901
2.317
2.315
14.550
2.315
2.314
2.314
2.314
2.314
2.504
2.314
2.314
2.314
2.314
2.314
12.404
2.424
2.354
2.314
2.314
2.314
2.314
2.314
2.314
2.325
2.314
3.357
19.433
2.314
2.314
4.163
2.314
2.314
2.314
2.314
2.344
2.314
2.314
2.314
13.507
2.314
2.314
44.180
2.314
2.314
2.314
2.314
2.314
9.778
2.314
2.314
2.314
7.595
2.565
2.314
2.314
2.314
2.318
4.825
2.305
2.324
2.459
2.305
2.305
2.575
14.925
4.190
10.557
2.305
2.305
3.791
5.720
2.407
2.305
2.305
2.305
3.604
2.305
2.305
3.126
2.346
2.346
2.305
2.305
2.305
2.305
2.305
2.305
2.315
6.359
2.305
2.305
2.305
2.305
2.307
2.305
24.845
3.127
2.305
2.305
2.305
2.305
2.304
2.304
2.302
2.302
5.856
2.969
2.450
2.302
2.302
2.302
2.346
2.331
2.308
2.302
2.302
2.302
2.302
2.339
2.302
2.302
8.436
10.297
2.302
2.302
2.302
2.302
2.316
2.310
2.302
4.929
2.302
2.302
2.302
2.454
2.306
2.302
2.307
47.114
2.302
2.339
2.302
2.302
2.302
2.302
2.317
2.302
2.314
19.302
2.302
2.301
2.301
2.434
2.301
2.301
2.406
2.327
24.842
2.301
4.791
2.301
2.301
2.301
2.301
2.301
2.301
2.301
2.928
2.304
2.301
5.602
2.301
2.301
3.325
15.078
2.301
3.437
6.120
2.301
24.731
2.304
2.301
6.461
2.301
2.301
4.994
2.301
2.301
2.876
15.006
2.301
2.301
2.303
2.832
2.301
2.341
2.301
2.315
2.301
2.433
2.301
3.127
2.301
5.184
2.331
2.301
2.312
2.700
2.361
2.383
19.522
5.031
2.301
2.303
2.561
2.301
2.301
2.584
2.300
2.300
6.252
2.432
2.353
2.496
2.300
2.383
2.300
2.300
9.956
2.300
2.300
2.300
2.300
2.429
2.300
2.368
2.300
2.300
2.486
2.300
2.300
2.300
14.002
2.430
2.300
2.300
2.300
2.310
2.323
2.300
2.300
24.291
2.300
2.300
2.300
2.300
2.301
2.307
2.300
2.336
2.299
2.299
2.297
2.297
2.430
2.297
2.297
2.304
2.487
4.930
2.297
2.301
2.297
2.297
2.297
2.297
2.416
2.450
2.297
2.297
2.300
2.297
2.297
2.796
2.297
2.297
2.297
2.297
2.297
2.297
2.550
5.559
12.974
30.439
2.297
2.297
5.443
2.297
2.297
2.374
2.297
2.297
2.411
2.297
2.297
2.297
2.297
2.296
20.544
3.213
2.296
2.296
3.512
2.296
2.330
2.296
2.306
2.296
2.296
13.668
2.296
2.296
2.296
2.891
2.296
2.296
2.296
2.296
2.296
2.784
3.343
2.296
2.558
3.845
2.296
24.353
2.688
2.296
2.296
2.296
2.296
2.296
2.296
2.296
2.375
2.296
20.225
7.916
2.296
2.296
2.837
2.454
2.312
2.296
2.296
2.296
2.495
2.296
2.296
2.428
2.296
2.296
2.617
2.296
2.296
2.296
2.296
2.296
14.968
2.296
4.744
3.311
2.296
3.620
12.232
2.296
2.296
2.296
2.296
2.399
2.296
3.581
2.296
2.628
2.296
2.286
2.286
2.407
2.286
4.714
2.760
2.286
2.286
2.286
24.193
2.286
2.286
2.286
2.302
2.286
2.284
2.284
2.284
2.317
2.418
2.284
2.422
20.524
2.284
2.284
2.284
2.284
11.706
2.284
2.284
22.561
2.284
2.284
2.278
2.278
2.278
2.278
2.278
2.274
2.274
2.274
5.410
2.595
2.274
2.274
2.274
2.284
2.274
2.281
3.044
2.274
2.315
2.274
2.269
2.269
2.269
14.583
2.269
15.153
10.691
2.269
4.918
2.269
2.269
2.305
2.269
19.607
2.269
2.269
12.497
2.269
2.269
8.735
2.356
2.269
2.269
2.269
2.388
2.271
4.005
2.273
2.269
2.269
2.272
4.206
2.339
2.330
2.269
2.269
2.269
2.269
2.269
2.269
2.269
2.275
2.269
19.552
2.269
2.262
3.067
2.262
2.261
2.261
2.261
4.006
2.261
2.318
2.261
4.232
2.261
2.261
2.581
2.261
2.261
2.261
3.477
2.261
2.298
2.514
2.262
2.538
2.270
2.366
4.307
2.261
47.633
8.557
2.366
2.261
2.261
2.261
2.263
2.270
2.885
12.033
2.261
2.261
2.260
2.908
2.260
2.260
2.261
18.267
2.260
2.260
3.544
2.260
2.416
2.259
2.259
4.085
15.299
2.293
2.259
2.266
2.303
2.304
2.259
2.337
2.259
9.630
2.259
2.259
2.259
2.289
2.259
2.463
2.259
2.259
2.259
2.259
2.282
2.259
2.259
2.259
2.749
3.498
23.862
2.449
2.422
2.932
9.486
2.579
2.259
2.259
2.259
2.298
2.259
2.489
2.259
2.259
2.259
4.606
2.259
2.259
2.259
2.259
2.259
2.259
2.308
2.259
2.259
4.808
2.715
2.260
2.259
2.259
2.274
2.259
2.260
2.259
4.570
24.659
4.037
3.560
2.265
2.289
2.259
2.262
2.259
2.259
2.259
2.259
2.259
2.276
2.259
3.896
2.259
2.259
2.259
2.259
2.259
2.259
2.417
2.259
6.102
2.854
2.261
2.260
3.324
2.265
2.259
3.652
2.382
5.884
2.294
2.285
2.259
2.259
2.259
3.513
2.259
2.259
2.953
2.259
2.259
3.915
2.259
2.259
41.982
4.746
2.669
4.045
2.311
4.082
2.259
2.259
2.282
2.264
2.261
2.260
2.259
2.259
5.481
2.259
2.259
2.259
2.259
2.259
2.259
2.259
2.267
2.259
18.710
2.259
2.975
11.261
2.279
30.113
2.259
3.659
2.359
2.259
2.259
2.259
2.259
3.582
5.044
17.750
2.259
2.259
2.259
2.493
2.259
2.259
2.259
7.274
2.259
2.259
2.429
23.464
2.250
2.250
2.250
2.250
2.250
2.250
2.259
19.533
4.693
2.250
2.249
2.404
2.324
2.262
2.249
2.249
2.249
8.291
2.249
2.249
2.249
2.333
2.249
2.278
2.249
2.254
2.323
2.249
4.223
2.249
2.249
2.249
2.249
2.308
2.249
8.321
2.249
2.254
30.676
2.251
2.249
2.249
2.249
2.249
2.533
2.260
2.249
2.249
2.249
2.247
2.247
2.247
2.530
2.247
2.247
2.247
2.249
2.247
2.247
2.247
2.247
2.268
2.247
2.247
2.253
23.979
2.247
2.451
2.247
2.247
10.508
2.247
2.248
3.698
2.247
2.247
2.246
2.246
2.246
2.246
3.323
2.370
2.246
2.368
2.246
2.246
2.569
2.246
2.246
2.246
2.246
4.085
2.704
21.321
2.544
2.246
2.660
2.246
2.266
2.836
2.246
2.246
2.246
2.246
2.596
2.246
2.246
2.246
2.246
2.246
3.612
2.294
2.246
2.246
2.246
2.466
2.246
2.246
2.246
2.246
2.246
2.246
3.370
2.246
2.246
3.854
2.246
2.246
2.246
33.558
2.246
3.878
2.246
2.246
2.246
47.019
2.245
2.245
2.245
2.245
2.245
2.245
2.351
2.245
2.245
2.245
2.245
2.247
2.245
2.245
2.245
2.245
3.409
2.245
2.245
2.245
7.093
2.253
2.245
2.245
2.245
2.245
2.245
2.318
2.245
2.245
2.366
26.506
2.245
2.245
9.130
15.053
11.150
3.728
2.248
2.245
4.251
3.336
2.245
2.245
2.245
2.245
2.245
24.882
2.245
8.715
2.272
2.245
2.245
2.245
24.363
2.245
2.247
2.247
2.246
2.245
2.937
2.245
2.253
23.900
2.260
2.245
12.317
21.734
2.245
2.245
2.245
2.245
3.436
2.245
2.340
24.262
2.245
2.249
2.245
2.366
2.245
2.550
2.247
2.245
3.441
2.245
2.245
2.245
2.245
2.245
6.944
2.245
2.245
3.001
2.245
2.252
19.790
2.245
2.245
2.245
2.246
2.615
2.245
2.245
2.245
2.245
3.468
2.245
2.245
2.330
2.245
2.245
2.245
2.245
19.633
2.865
15.446
2.245
2.245
2.245
2.245
2.245
2.326
2.248
2.245
2.245
2.245
2.245
4.725
2.245
2.245
2.245
2.245
2.245
2.245
2.237
2.770
3.843
2.237
2.237
2.297
3.765
2.238
25.158
2.237
2.237
2.237
3.900
2.237
2.237
3.931
2.278
2.237
2.237
2.237
2.237
2.237
2.237
2.237
2.237
2.751
2.237
9.153
2.603
3.766
2.378
2.299
3.844
2.237
2.237
2.237
2.438
2.237
2.250
2.237
2.237
2.237
2.237
2.234
2.234
2.234
2.234
2.234
2.234
2.234
2.241
2.507
2.234
2.834
2.234
2.234
2.234
4.835
2.243
2.322
15.469
2.234
36.813
3.151
2.234
2.913
2.392
2.234
2.234
2.234
2.234
2.234
2.471
2.374
5.907
2.234
2.234
2.234
19.585
2.234
2.234
2.234
2.234
2.262
2.234
2.234
2.235
2.323
2.234
2.234
7.042
2.251
2.349
2.234
2.419
25.177
2.235
2.851
2.234
2.267
2.234
2.902
7.133
2.234
2.234
2.234
2.234
2.265
2.234
2.234
2.234
2.234
2.234
2.234
2.234
2.234
2.234
2.234
2.234
2.227
2.227
2.227
3.905
2.430
2.227
2.227
2.227
2.223
3.875
3.199
2.223
2.223
3.591
2.472
2.539
2.223
2.223
2.223
19.455
2.639
2.223
2.223
2.223
2.223
2.223
2.223
2.223
2.223
2.223
2.287
2.223
2.223
46.040
2.958
2.693
2.219
2.219
2.219
15.811
2.219
2.209
2.209
2.209
2.209
2.311
2.209
2.209
2.209
2.209
2.209
2.209
2.513
2.209
2.330
2.209
2.501
10.872
2.209
2.209
2.480
2.209
2.223
16.830
2.235
2.209
2.209
2.314
2.209
2.209
46.413
2.209
2.209
2.209
2.209
23.498
2.209
2.487
2.207
2.224
2.371
2.207
2.207
2.207
2.207
2.207
2.207
2.207
2.207
2.206
2.206
2.206
7.911
39.113
2.673
2.507
2.362
2.205
2.201
2.206
2.201
14.630
2.201
2.201
2.201
2.201
2.236
2.214
2.292
45.857
2.201
20.634
2.207
2.427
2.201
2.201
2.201
2.201
2.213
2.201
2.201
2.341
2.201
2.246
2.267
2.201
2.201
2.201
2.201
21.203
2.210
13.884
17.507
2.201
2.201
2.297
2.201
2.201
2.201
2.201
3.698
15.876
2.201
2.201
2.201
6.715
24.814
2.201
2.201
3.420
2.201
2.201
2.201
2.252
6.661
2.201
2.201
2.335
2.201
2.387
24.536
2.201
18.947
2.201
2.201
2.203

Results for RHC
Target: Iris-versicolor: 
Correctly classified 144.0 instances.
Incorrectly classified 6.0 instances.
Percent correctly classified: 96.000%
Training time: 33.354 seconds
Testing time: 0.004 seconds

