-i 5000 -algo ga -popsize 100 
Iterations: 5000
Population Size: 100.0

Error results for GA
Target: Iris-versicolor
---------------------------
17.890
17.186
17.764
18.555
24.208
18.528
16.595
17.691
16.459
20.234
17.528
18.758
16.673
20.690
19.168
16.494
17.035
18.709
16.209
18.275
18.288
17.674
16.173
21.519
16.152
17.482
21.919
16.847
17.767
17.239
19.201
18.544
17.604
17.023
20.835
17.325
16.145
18.392
15.213
16.654
17.635
16.728
17.764
16.675
16.817
15.926
16.909
17.232
20.155
17.260
18.295
17.665
16.447
16.714
16.942
15.385
16.311
15.290
18.523
16.885
16.988
22.266
22.907
21.444
17.087
16.821
17.744
16.092
16.748
18.558
15.890
17.444
18.119
15.817
19.312
17.043
16.418
17.339
17.942
17.559
16.254
15.977
18.854
15.015
17.257
16.126
16.691
18.232
15.593
15.524
16.164
15.604
15.262
15.977
18.424
15.934
18.877
15.278
19.899
17.559
15.308
15.720
17.408
15.439
16.024
17.877
15.429
15.195
16.715
17.101
16.615
16.455
15.218
18.679
17.883
16.391
16.308
15.609
15.113
15.308
16.061
15.879
15.696
15.491
16.997
15.730
17.300
17.196
18.313
18.446
15.272
15.250
15.554
15.099
16.610
15.693
18.146
15.601
16.024
15.976
16.915
15.970
14.837
16.404
17.485
16.145
15.238
15.576
16.040
20.693
15.426
15.422
16.832
15.979
15.271
16.210
23.582
20.924
15.687
16.234
15.635
15.103
17.972
16.256
16.237
16.757
16.023
15.417
16.663
15.474
15.728
15.493
16.736
16.613
15.091
14.913
15.375
14.948
16.164
16.262
16.139
14.593
15.318
15.676
15.102
17.211
15.196
15.225
18.242
17.466
15.380
15.364
14.181
15.514
15.608
14.679
17.080
14.928
15.537
14.989
14.694
14.972
15.469
21.161
15.164
15.125
14.874
14.897
15.342
15.008
15.467
15.120
14.862
14.823
14.320
14.741
15.137
14.920
14.822
14.469
15.623
15.236
14.752
14.768
14.932
14.723
15.255
15.004
14.946
15.138
14.353
15.028
15.370
14.851
15.234
14.948
15.694
15.320
14.360
15.188
14.383
15.281
14.343
15.193
15.966
14.649
14.309
14.366
14.779
15.168
14.708
14.384
14.487
15.239
15.210
15.056
15.101
14.416
15.226
15.471
15.102
14.483
14.010
14.623
14.700
14.653
15.072
14.689
15.432
15.057
14.429
14.779
14.762
14.542
15.489
14.554
14.619
15.420
15.026
14.284
13.637
14.877
14.488
15.379
15.322
14.157
14.547
15.297
15.120
16.418
14.999
14.214
14.511
14.671
14.746
14.557
14.270
13.691
13.694
14.711
15.074
14.492
13.698
14.984
14.068
14.608
14.626
14.008
14.224
15.029
13.986
14.392
15.043
13.799
14.178
13.640
14.236
14.131
14.576
13.521
13.997
14.243
14.277
13.184
13.538
13.700
17.742
14.004
14.128
15.202
13.770
14.290
13.855
13.501
13.920
14.512
14.161
14.114
13.399
13.766
14.437
13.369
13.184
14.418
14.123
14.177
14.067
12.774
13.933
13.828
14.633
14.539
14.694
14.362
13.469
13.330
15.242
13.203
15.098
13.955
14.540
13.195
13.217
13.770
14.112
13.225
13.792
14.423
13.928
14.911
13.965
15.068
12.866
13.637
13.524
13.124
14.204
14.559
14.683
13.622
13.902
14.125
12.680
13.874
13.124
13.356
13.458
12.584
13.484
13.423
13.310
13.676
13.348
13.026
13.031
14.626
14.526
12.619
15.517
14.224
15.676
14.657
13.038
14.542
13.003
13.541
13.022
13.229
13.636
12.744
16.020
13.127
13.022
13.432
12.837
13.285
13.966
13.133
12.812
13.395
14.350
13.211
12.780
13.087
12.640
12.767
13.389
13.435
13.646
13.143
13.563
13.106
12.748
13.116
13.944
13.233
12.702
13.060
13.009
13.003
13.227
13.492
13.301
14.070
13.261
13.514
19.376
12.849
13.502
13.598
12.749
13.278
13.583
12.541
15.250
13.627
13.928
13.067
12.718
12.821
13.503
14.266
12.888
13.601
13.477
12.999
12.884
13.062
13.919
13.672
13.390
12.741
12.741
12.700
12.705
13.839
13.087
13.018
13.351
12.914
12.944
13.096
12.721
12.715
13.010
13.657
14.157
13.304
12.904
12.796
13.546
13.267
13.530
13.149
12.818
13.429
13.447
12.852
14.030
13.156
14.450
13.373
13.136
13.682
13.475
13.469
13.872
13.006
12.688
13.272
13.407
15.759
15.312
15.182
13.113
13.130
12.857
13.372
13.828
13.146
13.766
13.109
13.280
15.037
12.813
12.958
13.142
13.246
13.474
12.711
12.930
13.996
13.746
12.822
14.693
13.064
13.693
12.620
14.149
13.225
12.819
13.920
14.100
12.662
12.971
12.289
13.174
14.324
13.168
14.011
13.192
12.871
13.381
12.841
12.576
12.849
13.116
12.700
12.561
12.597
13.231
12.584
13.440
14.106
12.675
12.707
12.533
12.264
13.181
12.922
12.513
12.574
12.661
12.443
12.587
12.679
12.741
14.080
12.534
13.407
12.487
12.832
13.180
12.765
12.583
12.627
13.247
12.752
12.531
14.123
15.117
12.901
12.460
12.475
12.713
13.132
12.468
12.955
12.993
13.191
12.728
12.729
12.462
12.402
12.870
12.305
12.297
12.449
12.867
12.872
12.740
12.790
13.032
13.053
12.311
13.393
14.642
13.824
13.113
13.192
12.655
13.106
13.279
13.358
12.760
13.209
12.773
12.897
13.679
12.884
14.192
12.977
15.472
13.034
13.012
14.209
14.487
12.925
13.393
13.015
13.197
17.230
12.716
13.487
13.014
12.939
12.398
13.067
12.849
12.996
13.342
13.513
13.166
16.021
12.961
12.524
12.498
13.229
12.381
12.750
13.292
12.632
12.918
13.208
12.883
12.619
12.999
13.127
12.560
12.319
12.842
12.422
12.464
13.429
12.318
12.088
12.519
12.534
12.025
12.347
12.967
12.942
12.619
15.620
12.613
12.504
13.299
12.356
12.293
12.446
12.491
12.354
12.386
12.504
13.118
12.103
12.490
12.416
12.789
12.085
11.988
11.714
12.324
12.111
12.427
12.378
12.722
13.542
12.758
12.396
12.589
12.694
12.667
12.790
12.810
12.759
12.260
12.466
12.379
12.246
12.480
13.203
12.860
12.383
12.024
13.512
12.838
14.693
12.471
12.133
12.641
12.394
12.443
12.292
12.061
12.236
12.633
12.221
12.383
11.902
11.816
12.081
12.235
11.794
12.643
12.498
12.090
12.527
11.660
11.997
14.221
12.044
12.266
12.466
11.823
12.870
13.060
11.754
13.002
12.251
11.924
11.935
13.141
12.012
11.870
13.109
12.027
13.554
12.537
11.845
11.797
12.513
11.808
11.804
11.913
13.227
12.177
12.089
13.506
12.037
13.176
13.022
12.493
11.989
11.961
12.127
12.167
12.196
12.277
12.464
12.351
12.092
11.970
13.187
12.474
12.233
13.443
12.376
15.368
11.987
12.177
12.042
12.232
12.198
12.402
12.107
12.032
13.036
12.250
12.251
11.968
12.279
12.241
12.099
11.888
14.134
12.170
13.888
16.544
11.852
11.354
11.791
12.019
12.433
12.104
12.096
12.031
12.078
12.455
12.778
11.847
11.996
12.241
12.428
13.753
11.939
15.314
12.678
11.957
12.948
11.922
12.309
12.089
12.131
12.725
11.653
12.031
12.258
12.401
11.917
12.109
13.323
11.992
12.036
12.379
12.676
11.941
11.999
12.255
13.749
12.308
12.000
12.071
12.403
12.266
11.963
12.772
12.654
11.988
12.296
12.305
12.159
12.371
11.890
14.316
12.008
12.237
12.419
13.066
12.099
11.932
12.416
11.918
12.188
12.905
12.149
12.453
13.196
12.445
11.837
12.321
12.444
12.473
12.697
11.954
12.230
11.854
11.950
12.717
12.281
12.465
11.903
12.489
12.195
12.014
12.251
12.275
12.510
12.243
12.108
12.355
12.216
12.297
11.993
14.357
11.589
12.028
11.831
11.942
12.613
11.577
12.159
11.265
11.927
11.949
12.206
12.429
12.080
12.527
11.005
11.514
11.957
11.333
11.306
11.457
11.225
12.033
12.166
11.320
12.116
14.251
11.334
12.077
11.199
11.148
11.347
11.679
11.742
11.254
11.449
11.052
11.298
11.528
11.396
10.844
10.807
12.375
11.292
12.692
10.987
13.057
11.855
11.104
10.857
10.952
11.075
10.967
11.024
11.571
10.917
10.982
11.815
11.401
11.618
10.808
10.908
11.040
10.885
12.147
11.345
13.832
11.422
11.965
10.895
11.437
11.114
11.044
11.081
11.327
11.067
12.881
11.153
11.036
11.118
11.414
13.229
11.358
12.193
16.338
10.886
12.920
10.909
11.034
11.188
11.792
11.393
10.954
10.999
10.964
11.550
11.240
14.157
13.303
12.563
10.873
10.808
10.779
11.149
10.988
11.367
11.423
11.015
10.979
10.921
11.115
11.431
10.974
10.705
10.927
12.136
11.563
11.220
12.642
11.090
10.686
10.824
10.950
11.179
10.010
12.035
10.945
11.645
10.909
10.885
10.198
10.882
10.964
10.966
10.918
11.017
12.297
10.751
10.986
10.967
10.888
11.067
11.300
10.750
10.858
11.315
10.247
10.973
11.022
10.687
10.344
11.012
12.073
10.790
11.352
10.204
10.757
10.204
10.615
11.062
11.740
10.806
11.007
10.377
11.671
11.250
10.797
10.612
11.106
10.699
11.202
10.290
10.426
10.885
10.297
10.893
10.511
13.193
10.188
10.226
11.327
10.906
11.793
10.348
10.649
12.303
10.409
11.034
11.844
10.371
10.586
11.079
10.398
10.248
10.625
10.488
10.660
10.280
10.283
11.060
10.084
10.364
10.921
10.649
10.598
10.238
10.114
10.211
10.107
9.995
10.260
10.454
11.715
10.423
10.827
9.771
10.207
10.135
11.266
10.876
10.171
10.174
10.125
10.334
10.710
10.644
10.112
15.448
11.058
10.403
10.465
10.192
10.287
10.631
10.177
10.164
11.236
10.121
10.589
10.991
16.200
11.870
10.029
10.565
21.223
10.176
10.623
10.901
11.049
10.167
10.653
9.907
10.216
12.717
12.665
10.452
10.345
10.167
10.384
10.106
10.044
10.024
10.776
10.355
14.072
10.312
11.499
10.140
14.398
10.186
10.141
10.186
13.766
10.486
10.130
10.176
10.390
14.036
10.322
10.145
10.224
10.780
10.148
10.723
10.788
10.221
11.515
10.395
10.325
10.599
10.177
10.960
10.585
10.314
10.675
10.267
10.868
10.115
10.245
11.198
10.231
10.203
10.049
10.442
10.054
11.359
10.272
10.089
10.028
10.282
11.284
10.281
10.192
9.834
10.704
10.128
11.007
17.272
10.919
17.437
10.836
10.358
10.316
10.262
10.123
10.264
11.595
11.080
10.276
10.278
10.337
18.227
10.268
10.411
10.172
10.379
11.345
10.195
10.348
10.113
10.832
10.414
10.904
10.491
10.732
10.267
10.320
10.236
10.326
10.518
11.839
10.501
10.069
9.988
12.559
10.371
10.197
12.846
10.744
10.709
10.081
10.520
10.292
11.394
10.245
10.638
11.059
10.536
10.312
10.848
11.444
9.965
10.253
10.572
9.937
10.955
10.318
10.541
15.499
9.658
10.114
10.217
10.123
10.124
10.731
10.166
10.549
10.574
10.594
10.465
11.062
10.431
11.290
11.299
10.345
10.719
9.656
11.348
10.213
10.158
9.768
10.591
10.098
10.220
10.559
11.221
10.089
11.141
10.182
10.637
9.816
11.108
10.254
10.017
10.280
10.109
9.960
10.649
11.052
10.066
12.789
10.303
9.923
9.945
9.986
9.824
10.473
9.651
13.338
10.222
10.004
10.131
11.369
10.285
10.292
9.892
10.263
9.995
9.728
11.009
10.101
10.803
12.732
10.022
10.322
10.135
12.359
11.993
10.349
10.428
11.724
10.476
9.889
10.825
10.229
9.896
10.368
9.805
10.758
9.946
9.696
10.206
10.918
9.687
10.408
10.807
10.620
10.297
10.475
10.078
10.052
9.995
9.642
10.050
19.212
11.842
10.004
10.054
10.023
10.138
10.046
10.206
10.077
10.044
9.859
9.787
10.023
9.884
9.848
9.630
10.717
10.044
10.086
10.712
9.794
9.790
11.764
9.756
10.525
10.529
10.122
10.319
10.928
9.765
10.713
9.481
10.149
9.993
9.893
9.630
10.098
10.017
10.007
9.789
10.302
10.641
9.891
9.924
9.776
9.738
10.838
10.048
10.668
9.984
9.857
10.143
9.963
11.074
9.733
11.630
9.731
9.859
10.120
9.808
9.437
9.584
13.361
9.995
10.417
10.288
9.913
9.664
9.722
10.338
10.103
10.441
10.474
9.739
9.627
9.878
9.516
10.451
9.814
10.067
13.381
10.166
10.578
10.059
10.028
10.013
9.491
9.506
9.594
10.141
11.124
10.126
9.733
9.428
9.971
9.964
9.864
9.854
10.560
9.670
9.853
9.658
9.882
9.770
9.942
9.627
9.699
11.064
9.927
10.250
9.939
18.322
9.930
9.737
9.679
9.964
10.246
9.944
10.175
12.608
9.791
9.867
9.664
10.783
9.904
9.899
9.939
10.050
9.809
9.702
10.309
9.594
9.797
9.899
10.125
11.410
9.984
10.068
10.110
10.291
10.014
9.601
9.721
10.644
9.876
9.779
9.672
10.235
10.068
9.624
9.489
9.457
10.178
9.377
9.621
9.959
9.803
12.072
10.988
9.792
9.306
9.168
9.717
10.301
9.783
9.896
9.675
9.744
9.844
9.844
10.151
10.180
9.949
9.717
8.491
9.511
9.360
9.986
8.302
9.545
9.426
9.779
9.700
11.785
12.019
9.562
9.806
9.468
9.811
9.216
9.880
10.003
10.998
10.305
10.345
9.609
11.300
10.148
10.514
9.802
9.879
8.314
9.823
9.221
9.867
9.557
9.435
8.461
9.811
9.603
9.437
9.888
10.160
9.960
9.459
8.301
16.600
9.372
10.088
9.449
9.867
7.831
9.466
8.610
9.976
8.768
8.495
9.331
8.748
8.483
8.660
8.594
9.795
8.936
9.472
9.638
9.412
9.014
8.498
8.056
8.181
8.927
8.465
8.687
8.624
8.835
8.648
8.604
9.015
8.639
8.166
8.748
8.700
8.074
9.613
8.535
8.639
8.653
14.019
8.801
8.037
9.078
8.588
8.305
7.958
8.305
7.841
8.148
8.035
9.201
8.036
9.283
8.039
8.166
9.269
8.191
7.931
7.831
8.059
8.929
7.955
8.082
8.241
9.649
8.162
8.576
7.919
8.408
8.151
8.727
8.438
8.439
7.932
8.059
8.128
8.213
8.070
8.002
8.038
8.067
8.127
7.431
8.141
7.950
9.696
7.772
8.003
8.434
7.901
7.419
8.038
8.063
7.788
7.923
7.907
7.538
7.767
7.818
7.938
8.031
7.906
7.912
8.256
8.004
7.780
8.005
7.906
7.910
7.898
8.462
8.971
8.781
8.028
9.401
8.186
8.672
7.892
9.854
17.493
7.920
9.122
7.820
7.951
7.783
8.001
8.199
8.283
7.854
8.237
8.005
8.091
8.283
7.951
7.953
7.933
7.918
9.776
7.765
7.827
7.944
7.735
8.683
8.566
7.912
7.762
9.504
7.793
7.856
8.988
7.988
7.726
7.957
7.727
9.054
8.959
7.948
8.290
7.829
7.605
8.027
8.114
9.285
10.706
7.960
7.908
8.169
8.199
9.041
8.045
7.762
7.838
7.969
8.415
7.720
8.069
8.030
9.049
7.687
8.031
9.652
7.966
7.786
8.574
8.036
7.987
7.613
8.546
8.813
7.934
9.081
7.708
8.531
8.003
7.764
7.965
7.654
7.728
8.179
8.082
7.632
7.665
7.921
8.892
7.929
8.012
8.080
7.692
7.961
8.048
8.017
8.421
7.913
7.866
7.930
7.762
7.960
7.837
7.730
7.761
7.641
7.698
8.640
7.762
7.762
7.929
7.762
8.331
7.944
7.632
9.676
8.705
7.894
14.370
7.698
8.349
8.519
8.372
8.389
7.870
8.047
9.506
7.913
7.693
7.775
7.894
8.086
8.234
7.963
7.693
7.912
7.760
7.897
8.653
7.898
7.919
8.042
8.643
7.897
8.213
8.504
9.291
7.966
7.886
7.698
7.919
8.899
7.814
7.770
7.899
7.782
8.005
7.700
7.889
8.220
7.751
8.089
7.779
7.815
7.754
8.393
8.008
7.676
7.589
7.810
7.976
7.755
7.693
7.703
7.840
7.779
7.698
8.992
7.929
8.170
7.929
7.633
7.567
7.698
8.134
8.010
8.502
7.888
8.041
7.621
8.030
7.885
8.619
7.637
7.714
7.923
7.705
7.858
17.856
7.786
8.048
8.696
7.689
7.676
7.677
7.929
9.648
7.598
8.011
7.572
11.868
7.568
7.670
7.707
7.681
7.721
7.706
8.187
7.718
7.797
7.475
7.726
7.815
7.661
7.796
7.787
7.660
8.305
7.689
7.801
7.598
7.694
7.606
7.976
7.804
7.796
7.461
7.985
7.939
7.478
7.767
8.006
7.720
8.174
7.575
8.051
7.426
7.757
7.754
7.880
7.688
7.964
8.363
7.833
7.580
7.576
7.746
7.866
7.688
7.434
13.684
7.601
14.067
8.579
7.658
7.863
7.530
10.237
7.512
7.759
7.543
8.256
7.404
7.450
7.955
7.895
7.719
8.239
7.520
7.621
7.377
7.557
7.462
8.696
7.743
7.654
7.530
7.631
7.557
7.383
7.531
8.204
12.843
7.541
7.625
15.298
7.629
7.569
7.620
8.751
7.686
7.881
7.610
8.766
7.397
7.557
7.496
7.421
7.509
7.685
7.512
8.295
7.538
7.489
7.579
7.496
9.690
7.821
8.258
7.358
7.966
7.383
8.662
7.762
7.433
7.384
8.500
7.470
7.542
7.503
8.041
7.649
7.632
8.284
7.834
7.552
8.107
7.786
7.492
7.493
8.386
7.910
7.657
7.657
7.717
7.469
7.376
7.839
7.859
7.330
7.929
7.834
7.499
7.735
7.373
7.694
7.585
7.510
7.844
7.381
7.365
7.369
7.506
7.573
11.446
8.691
7.533
7.335
7.397
7.544
8.342
8.396
7.361
7.281
7.986
7.526
7.368
7.465
7.255
7.465
7.426
7.423
7.362
7.320
7.284
8.274
7.324
7.384
7.597
7.518
7.376
7.611
7.230
7.347
7.377
7.562
7.274
7.317
7.363
7.955
7.395
7.344
7.504
7.451
7.332
7.424
7.556
7.638
7.300
7.211
7.331
7.293
7.450
7.508
7.390
8.914
7.521
7.342
7.261
7.509
7.231
7.309
7.344
7.415
7.550
7.155
7.771
7.362
7.560
7.744
7.464
7.376
7.497
7.461
7.200
7.672
7.522
7.444
7.375
7.451
9.782
7.477
8.096
7.816
7.230
7.517
8.626
7.527
7.559
7.305
7.288
7.439
7.488
7.478
7.423
7.461
7.460
7.462
7.597
7.573
8.095
7.495
7.787
8.129
7.389
8.254
7.538
14.226
7.466
7.435
7.648
7.539
7.637
7.482
7.646
8.426
8.791
7.214
8.048
7.486
7.393
7.493
8.340
8.077
8.174
7.360
7.131
7.439
7.360
7.424
7.457
9.007
8.610
7.578
8.054
7.068
7.282
7.325
7.158
7.794
7.947
7.385
6.829
7.646
7.381
7.495
7.295
6.967
7.106
7.882
7.267
7.737
7.201
8.021
9.788
7.811
7.454
7.466
7.152
7.288
7.395
7.108
7.376
7.339
7.183
7.119
7.800
7.075
7.017
7.044
7.623
7.283
7.510
7.008
7.376
6.908
7.395
7.467
8.347
7.383
7.317
7.062
7.560
7.672
6.854
7.079
7.288
8.687
6.953
7.281
7.028
7.272
6.949
7.005
7.055
7.283
6.968
7.150
6.630
6.912
7.030
6.934
8.520
7.401
7.775
6.987
7.292
6.983
7.414
7.260
6.944
8.302
7.818
7.147
7.129
8.586
7.202
7.186
7.267
10.217
7.195
7.755
7.468
7.660
7.709
8.923
6.999
7.750
7.028
7.279
11.696
8.107
7.131
8.215
7.133
7.279
7.363
7.702
6.699
7.174
7.115
7.956
7.242
7.520
6.492
8.115
7.344
6.871
10.215
7.513
6.638
6.839
8.266
7.311
6.639
6.984
6.477
6.397
7.013
6.662
6.712
7.162
7.195
6.761
6.724
7.454
6.992
6.868
7.229
6.856
6.389
7.000
6.939
7.270
14.007
7.699
6.010
6.577
6.911
8.096
6.052
6.085
6.818
6.581
6.199
6.958
6.329
6.916
7.254
6.142
6.286
9.744
7.688
7.308
6.153
6.038
6.169
6.038
6.521
6.636
6.027
6.073
6.154
6.848
6.353
6.294
6.345
6.339
5.847
6.127
6.141
6.203
6.064
6.439
6.333
6.348
6.290
6.049
6.038
6.139
6.361
6.344
6.221
6.211
6.292
6.604
10.225
6.345
6.120
6.070
5.962
6.225
6.242
8.635
5.966
6.452
6.801
6.050
6.197
6.343
6.161
6.104
6.058
6.115
6.138
6.275
6.360
6.728
6.216
6.246
6.144
6.434
6.064
6.223
6.059
6.005
6.208
6.235
15.762
6.312
6.728
6.083
5.982
6.530
5.932
6.054
6.292
6.219
6.450
6.246
5.907
6.251
6.627
6.343
6.217
7.493
6.029
6.608
5.947
6.053
6.053
6.273
9.500
5.930
6.179
7.777
6.774
5.964
7.173
5.915
6.193
6.040
6.397
6.163
6.102
5.782
5.796
5.955
6.800
6.079
6.371
5.992
6.641
5.974
6.339
5.805
5.879
6.012
6.676
5.767
6.007
5.847
6.123
6.068
12.939
5.980
6.369
5.824
5.832
6.054
5.937
5.869
5.935
7.590
5.875
5.982
5.875
5.933
6.206
6.745
5.802
6.009
5.977
6.216
6.354
6.092
6.000
6.828
6.179
5.916
5.952
6.171
5.985
5.885
5.929
5.791
6.146
5.928
6.495
5.939
7.406
7.045
6.381
5.954
6.223
5.881
5.849
6.383
5.830
6.430
5.797
7.048
6.061
6.197
5.782
6.514
6.028
6.931
6.183
6.268
5.857
5.814
5.831
5.942
6.094
5.877
6.353
6.055
5.936
5.987
5.862
6.058
6.157
5.842
5.801
6.456
6.368
6.069
5.761
5.995
5.865
6.257
5.992
5.751
5.929
5.796
6.052
6.391
5.839
6.899
5.806
5.847
5.799
5.936
6.016
6.107
5.936
5.845
8.013
5.926
6.375
6.038
6.157
5.859
5.995
6.160
6.129
5.975
5.916
5.997
5.813
6.018
5.688
6.050
5.887
6.175
5.979
6.049
6.993
6.011
5.691
5.817
6.111
5.662
5.924
6.100
6.249
5.875
5.840
6.745
5.867
5.839
5.717
7.254
5.790
6.125
6.192
6.096
6.194
7.089
6.066
5.669
6.188
6.255
6.748
6.166
5.988
6.540
6.434
9.485
6.387
6.026
5.915
6.485
6.431
6.127
5.871
6.510
6.193
5.903
6.069
5.859
6.170
6.166
5.770
6.187
6.307
5.773
7.120
5.856
6.060
5.976
5.857
6.174
7.061
6.112
6.520
7.948
6.073
5.863
6.251
6.142
6.169
5.966
5.911
5.901
5.738
6.029
5.950
5.896
6.556
6.248
6.159
6.898
6.285
6.462
8.398
6.126
5.930
6.157
8.857
6.209
5.987
5.909
6.409
6.126
5.871
6.146
7.411
6.168
6.137
15.431
6.181
6.340
6.442
6.215
5.864
5.868
5.906
5.915
6.338
5.836
6.649
5.978
5.906
6.819
6.856
6.968
6.268
5.916
6.017
6.358
6.173
5.887
6.153
5.868
5.871
6.146
5.880
6.247
5.880
6.744
5.897
6.105
6.160
6.197
6.689
6.205
5.956
6.143
5.906
6.788
5.877
5.871
6.463
6.322
6.977
5.624
6.283
6.197
6.320
6.106
5.825
6.019
5.661
6.012
5.864
7.197
6.259
6.156
15.405
6.201
5.864
5.971
6.309
6.147
7.450
6.175
6.209
6.299
6.326
6.109
6.156
6.051
6.464
5.870
5.906
5.907
6.348
6.111
6.141
6.596
6.109
6.108
6.122
5.864
5.870
6.147
6.114
5.869
5.711
6.213
6.109
6.163
5.924
5.489
5.893
6.157
5.992
6.144
6.322
5.388
13.396
6.381
6.262
10.727
6.257
6.758
6.203
6.134
5.802
6.122
6.446
6.474
5.898
6.283
6.292
5.861
5.855
5.882
5.956
5.970
6.135
5.703
8.498
6.452
6.324
7.168
5.952
5.820
6.936
6.012
6.455
5.864
6.155
5.531
6.294
5.536
5.839
5.908
5.537
17.833
5.911
5.844
5.908
6.259
5.754
5.911
5.875
5.362
6.151
6.013
5.878
5.613
5.122
5.536
6.018
6.150
6.071
5.585
6.772
5.836
5.510
6.884
5.950
5.254
6.145
5.755
6.177
6.670
6.222
5.976
5.379
5.587
5.512
5.948
6.809
5.878
5.383
5.687
5.329
5.826
5.317
5.332
5.815
5.462
5.569
5.916
5.354
5.399
5.349
5.828
5.379
5.477
5.387
5.315
5.461
5.701
5.618
8.065
5.611
5.563
5.301
5.508
5.430
5.201
5.411
5.395
5.300
5.338
13.102
5.261
5.331
5.462
5.309
5.344
5.258
5.251
5.594
5.313
5.877
5.403
6.067
5.313
5.479
5.749
5.315
5.403
5.730
5.241
4.799
11.268
5.337
5.078
5.260
5.248
5.319
5.522
5.530
5.987
5.655
5.488
5.416
5.417
5.886
5.232
5.324
5.344
5.246
5.006
5.247
5.242
5.418
5.677
5.264
5.125
5.327
5.616
5.212
5.224
5.344
5.388
5.691
5.335
5.315
5.354
6.365
5.194
5.636
5.378
6.050
6.168
5.428
5.329
5.283
5.340
5.315
5.725
5.280
5.223
5.328
5.358
5.292
5.341
5.280
5.370
5.252
5.269
6.488
5.358
5.801
5.714
6.277
6.986
5.331
5.286
5.336
5.315
5.374
5.328
5.348
12.170
5.335
5.309
5.328
5.220
5.369
5.219
5.193
5.309
5.394
5.323
5.235
5.309
5.265
5.360
5.233
5.196
5.306
5.330
13.040
5.448
5.245
5.275
5.391
5.314
5.310
5.925
5.584
5.326
5.268
5.162
5.416
5.526
5.290
6.110
5.239
5.188
5.037
5.508
5.365
5.325
5.651
5.303
5.358
5.302
5.191
5.310
5.342
6.637
5.163
5.266
5.285
5.397
5.464
5.377
5.768
5.281
5.320
5.483
7.717
5.797
5.344
5.373
5.313
5.502
5.548
5.297
5.728
5.254
5.494
6.609
20.207
5.558
5.299
5.942
5.444
5.357
5.327
5.311
5.303
5.351
5.344
5.368
5.585
5.439
5.234
5.072
4.959
5.273
5.343
5.632
5.297
5.326
5.474
5.281
5.497
5.295
5.532
5.213
4.960
5.278
5.719
5.297
5.570
5.388
5.380
5.741
5.236
5.335
5.167
5.764
5.332
5.174
5.300
6.312
5.258
5.131
5.352
5.197
5.548
5.374
5.225
5.000
5.413
5.226
5.477
5.155
5.117
5.490
5.103
5.125
5.032
4.889
5.579
6.048
5.546
5.117
5.294
4.869
5.228
5.212
5.330
5.123
5.114
5.720
5.416
5.395
5.812
5.063
4.796
5.124
5.437
4.906
6.895
4.930
4.886
5.009
4.845
5.617
4.864
4.986
5.124
5.557
5.027
5.665
5.042
5.109
4.986
5.151
4.803
4.990
5.106
4.842
5.666
4.929
5.007
4.864
4.977
4.805
4.861
4.841
5.006
4.828
4.966
4.956
4.849
4.877
5.133
6.948
4.838
5.893
4.835
4.994
4.856
4.963
4.898
4.759
4.961
4.958
6.083
4.838
4.842
4.836
5.225
5.889
4.802
4.839
4.833
4.838
5.191
4.837
4.672
4.774
4.829
4.773
4.916
5.113
4.838
4.811
4.760
4.833
4.847
5.006
4.868
4.940
4.806
4.823
4.887
5.112
5.165
5.066
4.875
4.825
5.008
5.106
5.006
4.884
5.009
5.041
6.633
5.357
5.960
4.930
4.664
4.665
5.157
4.995
4.885
4.634
4.921
4.857
4.851
5.061
10.414
4.902
4.898
4.862
5.277
5.291
4.877
4.810
4.656
4.852
4.944
4.854
4.887
4.848
8.714
4.877
5.049
5.295
5.476
4.621
4.874
5.602
4.969
5.161
4.891
5.100
4.868
5.023
4.844
4.862
5.581
4.876
5.069
4.996
4.811
4.876
5.578
17.597
4.871
4.805
5.202
5.094
4.876
6.204
5.290
4.838
4.851
5.243
4.865
5.218
4.878
6.209
4.848
4.865
6.353
4.845
4.876
4.848
4.821
4.868
4.877
4.877
4.877
4.848
4.877
4.877
4.951
4.877
4.898
4.907
5.001
4.877
4.878
4.855
4.878
5.111
5.066
4.897
4.875
4.877
5.259
4.842
5.162
5.006
5.013
4.952
4.880
5.069
5.274
6.626
4.881
4.877
4.878
4.960
4.876
4.876
4.876
4.836
4.877
4.877
4.898
4.877
9.747
4.897
4.812
4.926
4.898
4.898
4.895
4.896
4.868
4.897
4.871
4.900
4.979
6.136
4.896
6.130
4.898
5.013
4.897
4.962
4.897
4.871
5.093
5.226
5.158
4.896
5.232
5.299
16.355
4.898
4.897
5.234
5.305
4.690
4.802
4.839
6.523
5.789
4.897
4.757
4.872
4.764
4.841
4.959
4.871
4.923
4.897
5.537
4.896
4.750
9.865
4.978
4.897
5.805
4.996
4.806
6.632
4.917
4.996
5.349
4.984
12.958
4.887
5.013
4.898
4.898
4.992
4.769
4.977
16.571
4.805
4.803
4.762
4.958
4.941
4.897
4.711
5.220
4.761
4.762
5.131
5.077
5.188
4.891
4.712
4.806
5.024
4.906
4.868
4.929
4.869
4.762
4.899
5.022
5.615
4.993
4.789
4.788
4.981
4.901
4.699
4.874
4.996
9.210
4.895
4.768
6.388
4.869
4.742
4.695
4.831
4.822
4.805
4.752
4.824
11.449
5.146
4.985
4.740
4.886
4.826
4.732
5.251
4.831
4.725
4.722
4.741
5.278
4.994
4.890
4.706
4.827
4.768
5.003
4.849
6.049
4.746
4.744
4.748
4.845
4.772
4.439
4.733
4.786
4.820
4.418
4.728
4.794
5.432
4.790
6.726
4.822
4.749
5.011
4.697
5.147
5.928
4.805
4.907
4.893
5.567
4.977
4.944
5.299
4.429
4.858
4.835
5.200
6.353
4.300
4.785
4.536
5.953
4.151
4.301
6.949
6.409
4.830
5.135
5.268
8.080
5.143
6.089
5.015
8.326
4.311
4.185
4.571
4.888
4.835
4.341
4.384
4.387
4.344
4.843
4.401
4.791
4.722
7.420
4.295
4.965
4.062
4.315
4.521
4.291
4.340
4.223
4.168
4.762
4.181
4.259
4.234
4.918
4.668
4.373
4.220
4.234
4.212
4.153
4.216
4.511
4.297
4.214
4.218
4.187
4.730
4.182
4.468
4.264
4.208
4.169
5.157
4.214
4.221
5.755
5.724
4.258
4.245
4.217
4.165
4.402
4.379
5.323
4.357
4.208
4.495
4.226
4.266
4.253
4.259
4.373
4.127
4.141
4.198
4.185
4.515
4.296
4.370
4.212
12.480
4.360
4.235
5.050
4.884
5.807
4.286
4.216
4.255
4.289
4.340
4.219
4.641
4.629
4.155
4.165
4.165
4.165
4.753
4.232
4.330
4.261
4.357
4.296
4.287
4.407
4.857
4.255
4.154
4.358
4.602
4.258
4.263
4.345
4.297
4.254
4.146
4.359
4.398
4.256
4.344
4.146
4.342
4.534
4.295
4.439
5.105
4.207
4.320
4.585
4.474
10.255
4.486
4.924
4.295
4.661
4.745
4.188
4.171
4.281
4.465
4.361
4.287
4.321
4.032
4.055
4.384
4.053
4.330
4.084
4.072
4.315
4.188
4.148
4.187
4.131
4.335
4.153
11.001
4.502
4.217
4.098
4.162
4.223
10.269
12.003
4.187
4.217
4.048
4.292
4.198
4.510
4.265
4.117
4.197
4.218
4.142
4.678
4.031
4.191
4.061
4.084
4.166
3.993
4.055
4.142
4.026
5.686
4.021
4.246
4.043
4.030
4.080
4.518
12.015
4.134
4.074
4.117
4.112
4.092
4.080
4.113
4.465
4.081
4.569
4.230
4.031
4.818
4.076
4.233
4.026
4.031
4.054
4.036
4.180
4.031
4.598
4.563
4.081
4.084
4.096
4.137
4.215
7.164
4.075
4.137
4.724
4.192
4.144
4.549
4.035
4.027
4.065
4.029
4.539
4.052
4.551
4.025
4.055
4.030
4.188
4.011
4.144
4.412
10.780
4.529
4.002
4.999
4.514
4.011
4.147
4.137
4.056
3.990
4.066
4.391
4.186
4.269
4.218
4.001
4.114
4.053
4.075
4.047
4.608
5.749
3.947
4.014
4.015
4.003
4.017
4.030
4.008
3.999
4.002
4.131
4.020
4.093
4.086
3.986
4.008
3.989
3.978
3.989
3.928
3.938
4.144
3.937
4.179
4.021
4.021
4.059
3.988
4.284
4.260
3.977
3.913
3.979
5.179
4.385
3.951
3.964
3.951
4.093
4.119
4.195
4.021
3.944
4.154
3.902
4.101
4.020
3.710
3.972
3.950
3.993
4.236
4.001
3.987
3.933
3.928
3.882
4.026
4.094
4.097
3.974
4.051
3.953
4.085
4.179
3.967
3.873
5.291
3.972
3.935
3.832
4.032
3.985
5.288
3.965
4.548
3.935
3.926
4.007
4.210
3.869
3.885
3.960
3.940
3.906
3.968
3.887
3.876
3.898
4.607
3.898
4.334
4.420
3.989
4.363
3.877
4.143
3.945
4.021
4.043
3.864
10.903
4.035
3.937
4.112
3.902
3.928
3.923
3.966
3.900
3.976
4.022
4.031
3.871
5.254
3.919
4.100
3.929
3.909
3.955
3.969
3.907
3.890
3.866
4.361
3.864
3.908
4.166
3.924
3.998
3.853
3.898
3.974
3.885
3.919
3.838
3.899
3.884
3.958
3.954
3.981
3.959
3.894
4.050
15.888
3.925
3.982
3.984
3.963
3.882
4.124
3.967
3.926
3.974
3.930
4.083
4.924
4.951
4.029
3.867
4.119
3.883
4.287
4.267
3.797
4.069
3.940
4.444
3.962
4.186
3.962
3.835
3.844
3.843
3.896
4.183
4.091
4.176
3.859
3.842
4.168
3.950
3.872
3.858
4.143
4.195
3.910
4.181
4.623
3.739
3.879
3.874
3.866
4.545
3.956
3.752
3.849
3.887
3.922
3.815
3.977
3.877
3.882
3.995
4.196
3.893
3.899
4.024
3.933
3.929
3.897
4.072
3.886
3.905
3.874
4.612
3.865
3.945
3.936
3.835
3.845
3.844
3.914
4.087
3.823
3.794
4.673
3.846
4.111
3.887
4.260
3.878
3.856
3.951
3.800
4.261
4.095
3.801
3.847
3.839
3.897
3.836
3.807
3.827
3.834
3.906
3.859
3.847
3.823
3.939
4.147
3.843
3.902
3.815
3.840
3.872
3.944
3.899
3.847
3.925
3.860
4.167
5.345
4.527
4.009
3.922
3.915
4.202
3.888
4.961
3.860
3.873
3.852
4.104
3.869
4.262
4.019
3.903
3.824
4.003
3.891
3.930
4.699
3.803
8.972
4.081
3.828
3.849
3.876
3.987
3.809
3.849
3.916
4.350
3.827
3.823
4.712
3.804
3.829
3.901
3.855
3.833
3.843
3.844
3.970
3.833
3.839
3.839
3.848
4.260
3.863
3.860
3.987
3.940
3.960
4.048
3.858
3.829
3.946
3.846
4.160
3.930
3.972
3.830
3.894
4.080
3.797
3.817
3.804
3.824
3.817
4.179
3.844
3.859
4.071
3.965
4.190
3.852
3.885
3.870
4.008
3.882
4.246
3.839
3.855
3.828
3.866
3.838
4.246
3.855
3.861
4.390
3.845
3.816
3.847
3.834
3.847
3.843
4.323
4.093
3.836
5.508
3.824
4.067
3.832
3.822
3.844
3.843
3.857
3.898
3.832
3.893
3.836
3.994
3.974
3.876
3.797
3.844
3.890
3.864
3.895
3.976
4.185
4.491
3.749
3.922
4.220
4.153
4.277
3.725
3.719
3.807
3.748
4.119
3.869
3.601
3.605
3.678
4.509
4.016
5.872
4.155
3.626
3.858
3.867
3.673
3.765
3.657
3.872
3.951
3.654
3.721
4.280
3.610
3.914
3.857
3.609
3.542
3.892
3.744
3.651
3.873
3.686
6.462
3.697
3.553
3.498
3.740
3.769
4.091
4.532
3.641
3.906
3.809
3.829
3.671
3.824
3.733
3.532
11.069
3.560
3.828
3.968
3.797
3.662
3.646
3.547
5.390
6.481
3.480
3.637
3.648
3.934
3.617
4.914
4.064
3.757
3.670
3.620
4.465
3.600
3.644
3.518
3.566
3.601
3.499
4.401
3.840
3.653
4.350
3.764
3.737
3.471
3.571
3.773
3.772
3.538
3.816
3.545
3.686
3.651
3.666
3.942
3.407
3.487
5.993
3.723
3.674
3.720
3.632
3.881
3.584
3.652
4.307
3.647
3.545
3.522
3.555
3.835
3.778
3.531
3.723
3.787
3.595
3.625
3.671
3.758
3.861
3.731
3.716
3.528
3.915
3.737
4.247
3.688
3.632
3.943
3.817
3.793
3.526
3.734
3.716
4.033
3.652
3.724
3.835
3.606
3.728
3.718
3.682
3.642
3.600
5.848
3.658
3.613
3.827
3.647
3.745
3.641
3.727
3.489
3.684
3.603
3.752
3.636
3.634
3.619
4.396
3.627
3.739
3.632
3.701
3.818
3.715
4.200
3.631
3.510
3.685
3.635
3.525
3.702
3.530
3.632
3.769
3.592
3.609
3.819
3.549
3.611
3.626
3.499
3.717
3.654
3.605
3.657
3.791
4.369
3.660
3.850
3.562
5.747
3.739
3.884
3.668
3.907
3.548
3.669
3.792
4.352
4.337
3.650
3.811
3.549
3.789
3.479
4.880
3.634
3.420
3.685
4.079
3.694
3.985
3.607
3.640
3.771
4.048
3.573
4.329
3.459
3.964
3.595
3.462
3.514
3.556
3.466
3.483
4.650
3.324
3.467
3.549
3.515
3.675
3.892
3.440
3.803
3.846
5.279
3.648
3.752
3.428
3.767
3.812
3.452
3.648
3.925
4.047
3.526
3.498
3.490
3.400
3.409
3.351
3.829
3.741
3.513
3.979
4.034
3.296
3.248
3.565
3.355
3.667
3.470
3.702
3.518
3.401
3.603
3.484
3.518
3.748
3.373
3.487
3.555
3.524
3.535
3.562
3.499
3.519
3.472
4.161
3.523
3.448
4.157
3.397
5.086
5.339
3.553
3.535
4.156
17.831
3.492
4.121
3.388
3.684
3.509
3.404
13.724
3.355
3.529
3.522
3.542
3.518
3.712
3.502
3.484
3.472
3.536
3.786
3.909
3.503
3.535
3.516
7.968
3.383
3.550
3.379
3.668
3.393
3.521
3.496
3.485
3.484
3.494
4.331
3.379
3.560
3.378
4.417
3.376
3.357
3.435
3.392
3.319
3.405
3.436
5.259
3.506
4.553
4.208
3.726
3.371
4.619
3.377
3.381
3.483
3.422
4.198
3.377
3.425
3.365
3.367
3.598
3.364
3.408
3.468
3.446
3.421
3.483
3.292
3.372
3.389
3.369
3.254
3.907
3.559
3.318
3.589
3.397
3.377
3.415
3.366
3.468
3.488
3.508
4.107
3.451
3.398
3.450
3.300
3.441
3.460
3.385
4.312
3.452
3.439
3.298
3.442
3.614
3.876
3.291
3.898
3.400
3.777
3.294
3.369
3.441
3.283
3.524
3.374
3.431
3.346
3.427
3.389
3.248
3.364
3.381
3.639
3.566
3.475
3.384
3.320
3.467
3.333
3.448
3.453
3.281
3.436
3.244
3.580
3.278
3.244
3.299
3.229
3.302
3.286
3.231
3.424
3.246
3.265
3.293
3.539
3.466
3.801
3.264
3.244
3.369
3.295
3.505
3.293
4.110
3.347
3.437
3.356
3.871
3.910
3.263
3.385
3.375
3.389
3.532
3.974
3.230
3.572
3.231
3.328
3.295
3.240
3.318
3.395
3.380
3.289
3.380
3.262
3.225
3.309
3.291
3.459
3.360
3.808
3.608
3.263
3.239
3.856
3.245
3.246
3.268
3.267
3.305
3.508
3.271
3.222
3.272
4.286
3.259
3.380
3.256
3.428
3.246
3.240
3.357
3.337
3.296
3.254
3.218
3.292
3.453
3.258
3.245
3.339
3.244
3.285
3.318
3.313
3.314
3.240
3.347
3.256
3.240
3.288
3.255
3.260
3.410
3.349
3.288
3.250
3.241
3.251
3.295
3.270
3.288
3.265
3.242
3.300
3.260
4.508
3.441
3.209
3.349
3.250
3.258
3.271
3.285
3.300
3.534
3.356
3.242
3.188
3.249
3.205
3.298
3.201
3.124
3.238
3.315
3.219
3.335
3.252
3.368
3.207
3.333
3.282
3.562
3.536
3.265
8.453
3.306
3.322
3.240
3.191
3.246
3.219
3.197
3.280
3.196
3.220
3.779
3.198
3.471
3.202
3.163
3.228
3.550
3.268
3.227
3.224
3.788
3.301
3.345
3.458
3.223
3.427
3.249
3.370
4.446
3.388
3.279
3.158
3.226
3.234
3.306
3.242
3.235
3.230
3.249
3.222
3.270
12.519
3.232
3.247
3.221
7.529
3.170
3.221
3.225
3.198
3.283
3.107
3.267
3.605
3.109
3.186
3.237
3.218
3.475
3.474
3.514
3.154
3.254
3.187
3.275
3.652
3.247
3.175
3.256
3.218
3.905
3.464
3.178
3.246
3.773
3.144
3.703
6.422
3.144
3.149
3.245
3.287
3.423
3.331
3.357
3.379
3.318
4.098
3.182
3.238
3.184
3.209
3.201
3.236
3.231
3.167
3.447
3.097
3.208
3.111
3.187
3.179
5.177
3.252
3.200
3.071
3.218
3.756
3.431
3.217
4.223
3.221
3.141
3.199
3.145
3.180
9.325
3.350
3.175
3.216
3.201
3.147
3.196
3.197
3.196
3.156
3.211
3.198
3.468
3.190
5.360
3.234
3.197
3.074
3.268
3.186
3.460
3.159
3.081
3.193
3.066
3.193
3.267
3.449
3.214
3.112
3.196
3.560
3.220
3.068
3.325
3.208
3.199
3.235
3.746
3.588
3.157
3.312
3.136
3.325
3.097
3.405
3.187
3.204
3.168
3.218
3.577
3.244
3.103
3.121
3.078
3.075
3.202
3.302
3.223
3.267
3.233
3.044
3.130
3.164
3.204
3.052
5.377
3.396
3.118
3.149
3.203
3.494
3.064
3.182
3.117
3.116
3.200
3.117
3.204
3.244
3.089
3.165
3.057
3.082
3.111
3.213
3.171
3.125
3.133
3.125
3.231
3.116
3.022
3.114
3.170
2.998
3.223
2.942
12.935
2.997
3.076
3.234
3.017
3.076
2.905
3.443
3.362
3.002
3.115
3.069
3.133
3.161
9.044
3.029
3.134
3.133
3.114
3.158
3.508
2.990
3.207
2.994
4.686
3.207
3.241
3.081
3.371
2.923
2.980
3.215
3.552
3.039
3.113
3.052
3.121
3.179
2.946

Results for GA
Target: Iris-versicolor: 
Correctly classified 146.0 instances.
Incorrectly classified 4.0 instances.
Percent correctly classified: 97.333%
Training time: 425.212 seconds
Testing time: 0.005 seconds

