-i 5000 -algo ga -popsize 300 
Iterations: 5000
Population Size: 300.0

Error results for GA
Target: Iris-versicolor
---------------------------
23.601
21.688
16.844
20.003
16.336
16.088
19.780
23.762
17.218
21.475
20.202
16.516
23.213
29.205
16.603
19.540
17.435
18.083
16.431
17.423
17.900
16.968
16.929
19.967
17.427
26.570
18.377
20.467
30.166
18.134
19.444
16.058
20.969
17.611
18.339
14.366
26.834
16.768
17.671
17.261
16.019
17.026
17.320
17.535
15.987
16.194
16.695
17.440
18.505
15.505
19.631
15.717
19.616
29.617
18.724
24.047
15.560
18.833
18.934
22.481
20.071
15.968
19.854
16.654
17.499
16.521
17.685
15.373
17.785
15.250
15.675
18.412
16.689
15.877
19.792
17.081
18.841
17.496
17.727
15.114
20.048
18.722
19.688
14.770
18.087
18.412
14.911
19.889
15.518
15.160
15.311
20.458
16.594
15.115
18.408
16.053
16.908
17.386
18.725
15.776
15.171
16.531
15.703
15.183
15.598
15.733
15.284
15.175
15.065
15.927
14.838
16.487
17.084
16.753
19.289
15.336
15.221
16.488
16.285
17.701
14.460
18.224
15.473
15.396
14.831
13.836
13.537
14.896
15.155
15.383
14.979
17.433
16.223
14.556
14.425
16.381
14.386
14.421
18.060
15.805
17.687
15.676
13.720
14.300
19.197
14.667
16.079
14.298
15.565
15.435
13.953
16.003
14.934
14.684
14.460
14.598
15.675
15.533
14.043
15.339
15.196
14.967
17.971
14.920
13.368
14.389
15.753
14.443
13.442
14.396
15.182
19.151
14.327
14.207
16.155
14.102
14.535
14.350
13.920
14.539
13.994
18.283
14.306
15.422
15.088
14.169
13.946
14.553
15.287
14.400
15.826
14.041
14.345
15.467
13.647
14.242
13.836
14.143
15.409
14.470
14.510
13.591
13.628
14.021
14.411
16.394
14.045
14.188
14.038
14.752
15.369
14.069
13.739
15.509
14.120
13.791
13.814
14.254
14.413
14.202
14.796
14.222
13.997
13.728
13.507
13.985
15.636
14.167
13.853
14.866
13.886
13.985
14.492
14.128
14.149
13.692
15.268
13.725
14.455
14.194
14.446
14.478
15.140
14.500
16.373
14.371
14.471
14.746
15.525
13.531
15.341
14.109
15.779
14.331
14.021
14.162
14.264
14.209
13.935
13.616
15.278
15.520
14.115
14.758
15.505
13.940
13.516
14.343
13.980
13.801
14.378
13.599
14.165
13.868
16.748
15.095
13.760
16.047
13.917
15.077
13.630
14.108
13.988
13.988
14.561
15.218
14.097
14.794
14.989
13.850
13.813
14.016
17.416
13.788
14.943
15.973
13.780
14.013
13.744
13.221
16.191
13.829
14.952
13.715
14.731
14.785
13.775
13.905
16.301
13.510
13.647
13.401
13.664
14.267
13.713
13.913
15.250
14.349
14.170
13.906
13.188
14.153
13.801
14.200
13.720
13.834
15.516
14.380
14.231
13.810
13.744
13.718
13.853
13.552
14.573
14.241
14.576
15.091
13.482
13.865
13.723
14.759
14.240
13.913
14.782
14.017
13.577
14.062
13.600
13.727
13.884
13.983
13.955
13.620
15.500
13.744
13.623
13.659
13.841
13.429
14.297
13.792
13.712
13.686
13.554
14.036
13.811
13.938
13.560
13.600
13.924
14.271
15.213
14.327
13.847
13.598
13.610
14.618
13.771
13.946
13.454
13.938
13.889
13.796
14.042
13.348
13.655
14.289
13.818
14.498
13.776
13.878
13.729
13.601
13.563
13.067
13.669
13.148
13.135
13.578
14.070
13.329
14.366
13.752
14.450
13.358
13.539
14.477
13.386
13.546
15.780
13.462
13.719
13.858
13.601
13.296
14.057
13.607
13.060
14.440
13.477
13.598
13.290
13.602
13.243
13.784
13.513
12.960
14.662
13.448
13.725
13.686
13.288
14.631
13.886
13.493
13.531
13.573
12.975
13.296
15.066
13.628
13.515
14.397
14.080
13.003
13.838
14.164
13.249
13.434
13.244
14.315
13.458
13.363
13.966
13.037
14.279
13.339
14.009
12.697
13.488
13.391
13.699
13.221
13.533
15.644
13.124
14.370
13.976
13.436
13.335
12.988
14.255
13.461
12.767
13.680
13.337
13.326
13.009
13.814
13.278
13.711
13.437
13.031
13.940
13.429
13.169
13.304
13.254
12.852
13.706
13.311
14.252
13.150
13.592
13.080
13.670
13.547
13.671
13.798
13.036
13.007
13.663
13.748
13.301
13.603
14.484
13.538
13.475
13.154
13.296
13.093
15.380
13.339
15.015
13.514
12.960
13.569
13.523
13.079
13.469
13.825
13.599
13.514
13.248
13.451
13.207
13.429
13.373
13.223
13.267
13.422
13.233
13.530
13.154
13.560
13.390
13.496
13.056
13.355
12.877
13.380
13.243
13.179
13.024
13.267
13.570
12.821
13.046
13.257
13.520
13.577
13.448
13.477
13.140
13.088
13.133
13.353
12.933
13.142
13.101
12.757
13.797
13.559
13.969
13.338
13.009
13.470
13.333
13.792
12.994
13.602
13.166
13.598
13.169
13.255
12.930
12.918
12.956
12.844
13.424
13.449
13.253
17.498
13.175
13.256
13.207
12.902
13.336
13.159
12.881
13.300
13.644
13.109
13.295
12.831
13.170
13.089
13.571
13.140
13.005
13.110
12.700
12.953
14.241
13.398
12.942
13.806
13.692
13.215
13.074
12.852
13.134
13.244
12.709
12.859
13.731
13.872
12.902
13.201
12.537
12.440
12.447
12.154
13.334
13.901
13.234
14.685
12.504
13.005
12.787
13.852
13.322
12.919
13.058
14.343
12.835
13.482
12.440
12.669
12.961
13.255
12.664
13.063
12.902
12.747
12.584
13.400
16.348
13.520
12.338
13.396
12.926
12.925
12.942
13.426
12.813
12.800
13.355
14.559
12.074
12.757
13.518
12.691
13.314
13.821
12.973
12.864
12.947
12.735
12.265
12.759
12.656
13.880
12.474
13.236
12.785
13.164
13.381
12.591
13.495
12.490
12.769
13.715
12.464
12.895
12.778
12.563
13.230
12.733
12.520
12.722
13.209
12.724
13.010
12.285
12.608
12.540
12.794
12.489
13.079
13.046
12.810
12.708
12.284
13.158
12.187
12.540
13.237
13.434
12.595
12.285
12.899
13.240
12.699
12.564
13.044
12.591
13.044
12.920
12.740
12.954
12.292
13.036
12.724
13.062
14.267
12.534
13.019
12.941
12.635
12.293
12.294
12.660
12.578
12.520
13.059
12.832
12.700
13.057
12.598
13.049
12.565
12.414
12.526
14.500
14.209
12.646
12.812
12.948
12.141
12.349
14.113
12.841
12.530
12.874
12.766
12.602
12.605
11.900
12.733
12.948
12.592
12.870
12.394
11.873
13.379
12.804
13.218
12.558
12.792
13.139
12.407
12.674
12.572
12.555
14.674
12.868
12.493
12.576
12.750
12.839
12.801
12.695
12.656
13.502
13.138
13.065
13.201
12.471
12.865
13.396
12.218
12.644
11.934
11.960
12.710
12.455
12.754
12.677
12.195
12.164
12.754
12.523
11.873
12.336
12.127
12.302
12.705
11.974
13.106
12.236
12.412
12.529
12.623
13.226
12.472
11.899
12.373
12.390
12.266
12.467
12.306
12.134
12.103
13.449
12.879
12.101
11.958
12.473
13.624
13.563
12.451
11.988
12.626
12.867
12.416
12.310
12.129
12.416
12.484
11.862
12.367
12.229
12.533
11.891
11.999
12.390
12.640
12.051
11.904
12.042
12.497
12.066
14.321
12.099
13.421
11.874
12.247
12.025
12.945
12.010
11.881
12.229
13.085
14.686
12.423
12.169
13.595
12.649
11.762
11.981
12.660
12.340
12.637
11.876
12.183
11.685
12.057
12.114
13.315
12.318
12.021
12.102
12.202
12.415
11.135
12.335
12.311
12.074
11.933
11.921
13.018
13.191
12.023
11.530
12.186
12.998
12.176
12.118
11.347
12.410
12.354
12.829
12.103
11.047
11.677
12.916
12.440
12.068
11.694
12.731
11.217
11.856
12.005
11.617
11.732
11.065
12.265
13.257
11.686
11.539
11.241
11.185
11.746
11.988
13.444
12.200
12.190
12.514
12.165
12.663
11.996
11.128
12.491
11.320
12.387
11.659
11.933
12.735
11.971
11.577
12.137
12.180
11.394
11.329
11.836
12.150
11.985
12.130
11.133
11.357
12.339
11.168
11.650
10.559
11.532
10.229
11.977
11.532
11.410
11.838
11.383
11.560
11.171
11.188
11.025
11.268
10.842
11.410
13.300
10.856
10.423
10.773
11.630
10.364
11.298
11.048
10.792
10.689
10.772
10.856
11.065
10.896
10.562
10.481
13.131
10.564
11.043
11.023
10.796
10.815
11.104
11.057
10.544
12.173
12.430
10.551
10.383
11.421
11.633
11.055
10.880
10.912
10.941
10.740
11.047
10.735
11.037
10.442
10.385
10.786
10.557
10.420
10.467
10.453
11.567
10.753
10.535
10.613
10.067
10.908
10.556
10.922
10.726
11.212
10.270
10.992
10.774
10.144
10.483
10.613
12.902
14.029
10.525
16.603
10.992
10.995
10.720
11.059
10.459
10.665
10.666
14.330
10.750
10.287
11.261
10.499
11.002
10.690
11.416
10.848
10.647
10.944
11.203
10.941
10.671
10.539
10.736
10.858
10.309
10.448
10.700
10.678
10.736
10.715
10.711
10.742
11.159
10.412
10.662
10.649
10.505
10.608
10.453
10.774
10.377
11.259
10.701
10.700
11.171
10.723
10.549
10.846
10.710
11.086
10.477
11.330
10.519
10.647
10.508
10.660
10.517
11.312
10.500
10.692
10.855
10.481
10.253
10.394
10.609
10.684
10.452
10.641
10.638
11.620
10.342
10.522
10.536
10.704
10.765
10.443
11.035
17.421
10.525
10.614
10.400
10.535
10.589
10.777
10.904
10.587
11.629
10.496
10.468
10.690
10.736
10.533
10.490
10.841
10.600
10.406
10.512
11.448
11.275
10.543
10.327
10.531
10.446
10.461
10.823
10.283
10.250
10.441
10.256
12.268
10.397
13.217
10.659
10.255
10.429
10.682
11.145
10.312
10.673
10.481
10.744
10.907
10.360
10.355
9.957
9.943
10.391
10.158
9.955
10.481
10.385
9.999
10.589
10.659
10.417
10.645
10.308
10.115
10.402
10.287
9.997
10.437
10.368
10.817
10.357
11.020
10.736
9.953
10.429
10.068
10.323
9.911
10.443
10.185
10.394
10.036
10.279
10.181
10.343
9.982
10.398
10.704
10.061
10.360
9.828
11.125
10.540
10.575
9.571
11.533
10.123
10.425
10.557
10.096
10.294
9.767
9.797
9.662
9.975
10.031
10.387
10.096
10.146
10.137
10.647
10.823
10.163
9.859
10.129
10.282
17.378
9.694
10.094
10.301
9.983
10.131
9.719
9.779
9.990
9.807
10.603
9.914
10.505
10.028
10.013
10.077
10.265
10.377
10.277
9.607
10.364
9.965
10.050
9.921
10.553
10.140
10.690
9.753
10.032
9.793
10.685
10.091
9.869
10.066
10.019
10.876
10.000
9.980
9.749
10.646
9.668
10.237
10.058
10.147
9.555
10.031
10.329
9.601
10.683
10.233
10.422
10.272
9.627
10.170
9.975
9.816
10.121
9.708
9.809
9.124
9.757
9.982
9.717
9.852
10.765
10.334
9.961
10.524
9.966
9.634
9.357
10.006
9.677
9.761
9.888
10.171
10.779
9.849
10.026
9.765
9.334
10.099
10.261
9.740
9.291
10.291
9.815
9.766
10.232
9.271
9.392
10.581
9.999
9.092
9.165
10.308
9.878
9.895
9.919
9.964
9.709
9.530
9.774
10.029
9.156
9.072
9.652
9.187
9.203
9.528
9.185
9.665
9.493
9.738
9.841
9.180
9.706
9.670
9.743
12.944
8.962
9.322
9.502
9.154
9.291
9.238
9.201
9.319
9.828
9.751
9.163
9.250
9.584
9.665
9.183
9.161
9.286
9.142
9.112
9.010
9.427
9.212
9.212
9.515
9.366
9.221
9.177
10.331
9.123
9.577
9.261
9.209
9.744
9.528
9.981
9.635
9.584
9.247
9.213
9.202
9.373
9.143
9.565
9.171
10.001
9.213
9.225
9.786
9.432
9.702
9.182
9.285
9.074
9.156
10.387
9.112
9.190
9.552
9.541
9.134
9.204
9.214
9.263
9.208
9.171
9.573
9.278
9.204
9.297
9.186
10.508
9.294
9.276
9.095
9.174
9.209
10.289
9.144
9.209
9.066
9.253
9.611
9.212
9.068
9.106
9.276
9.469
9.470
9.793
9.168
9.179
9.252
9.158
9.158
8.802
9.155
9.059
9.394
9.079
8.784
8.958
8.680
8.658
9.272
9.799
9.298
9.214
9.137
9.018
9.083
9.206
9.096
8.836
10.503
9.380
8.866
10.091
9.238
9.081
9.285
9.370
9.324
9.143
9.065
9.375
8.775
9.094
9.219
8.788
9.194
9.300
9.657
9.313
9.969
9.012
9.141
9.472
9.116
9.402
9.412
9.113
9.265
8.810
9.861
9.280
9.067
9.372
8.678
8.801
8.651
8.931
9.604
9.083
9.154
8.618
8.836
9.321
8.930
8.642
8.661
8.764
9.063
8.952
8.916
8.608
8.741
8.926
8.946
9.119
9.118
8.751
8.865
8.626
8.813
8.839
9.202
8.700
8.714
9.302
8.668
8.664
8.639
9.457
8.846
10.074
9.216
8.931
11.236
9.259
9.566
8.937
8.651
8.635
9.103
8.763
10.296
9.172
8.921
9.429
8.730
8.680
9.429
9.394
9.768
8.732
8.715
10.076
8.714
8.714
9.144
8.935
8.673
8.776
8.806
9.660
8.887
9.459
8.812
8.655
9.815
8.826
9.330
8.695
8.904
8.721
8.886
9.444
8.932
8.810
8.889
8.836
8.595
8.647
8.846
12.022
8.787
8.605
8.866
8.845
8.727
8.660
8.810
8.754
8.966
8.657
8.688
8.664
9.488
8.772
8.624
8.626
8.705
8.947
8.699
8.674
8.627
8.762
8.448
8.678
9.175
8.686
8.647
8.625
9.020
9.147
8.700
8.625
8.643
10.032
8.642
9.650
9.090
8.285
8.118
8.858
8.220
8.126
8.183
8.767
8.328
8.539
9.887
8.096
8.384
8.379
9.750
8.637
8.712
9.061
8.322
8.245
8.833
8.231
8.600
8.270
8.581
8.746
8.154
8.229
9.379
8.465
8.234
11.016
8.689
9.456
8.206
9.534
8.253
8.632
9.943
8.164
9.523
8.129
8.436
8.246
8.626
8.496
8.454
8.327
8.683
8.132
10.774
9.135
7.983
8.960
8.198
8.175
8.343
8.680
8.260
8.686
8.222
8.263
8.728
8.871
8.252
8.165
8.505
8.276
8.108
8.256
8.544
8.095
8.534
8.338
14.882
8.263
8.290
8.161
8.536
8.530
8.043
8.055
8.230
8.360
8.583
8.379
8.273
10.633
8.065
8.100
7.964
8.326
8.206
8.136
8.136
8.307
8.333
9.070
7.919
8.284
7.852
8.412
8.341
9.070
8.596
7.913
8.140
8.004
8.697
9.244
8.190
8.500
8.113
8.263
8.482
7.846
8.030
7.952
8.476
8.019
8.146
7.949
8.140
8.488
7.857
7.979
8.539
9.383
8.090
8.900
7.812
8.021
8.410
8.056
7.947
7.858
7.887
7.992
7.821
7.905
8.187
8.160
7.857
8.764
8.345
8.060
7.954
7.983
8.082
7.883
7.837
7.857
8.106
7.855
8.040
7.956
7.983
7.903
8.526
7.907
8.119
9.147
7.828
7.874
7.999
7.828
8.934
7.261
8.135
7.256
7.333
7.837
7.223
8.561
7.797
8.206
8.149
10.141
7.599
8.443
8.029
7.821
8.000
7.544
7.955
7.272
8.194
7.362
7.267
7.377
8.134
7.313
7.349
7.357
7.285
7.676
7.434
7.306
7.435
7.274
8.066
7.200
7.506
7.071
7.301
7.111
7.196
7.203
7.135
8.843
7.585
7.078
7.594
7.108
7.326
7.555
7.168
7.172
6.951
8.090
8.197
7.510
7.275
7.487
8.099
7.314
7.324
6.938
6.875
7.773
7.243
7.065
7.425
7.653
7.239
7.248
7.107
7.285
8.637
7.773
7.010
7.648
7.115
7.240
7.751
7.140
7.613
7.244
7.182
7.601
7.044
6.935
7.073
7.194
7.079
7.200
6.878
7.116
7.154
7.163
7.174
7.056
7.373
6.958
7.046
7.017
7.240
7.192
7.598
7.103
7.006
6.893
11.357
7.013
6.969
7.252
7.253
8.864
7.314
7.307
7.124
7.179
6.984
7.042
7.149
7.318
7.655
6.819
7.162
7.233
7.403
7.070
7.328
7.202
7.135
6.919
7.131
6.937
7.080
6.878
7.078
7.445
7.155
10.797
7.210
6.864
7.210
7.467
6.873
7.098
7.047
7.404
7.144
7.308
7.154
7.065
6.876
7.238
7.140
6.991
7.138
7.149
7.175
7.445
7.105
6.981
7.108
7.311
7.052
6.844
6.979
7.222
7.331
6.968
8.283
7.661
6.905
6.967
7.139
7.103
17.968
7.047
6.603
6.848
7.386
6.700
7.012
7.814
13.976
6.575
6.642
6.751
7.004
6.670
6.613
7.159
6.741
9.620
7.130
6.643
6.664
7.417
7.146
7.130
6.649
6.520
6.513
6.706
7.022
6.605
6.822
6.686
6.948
6.754
6.617
6.828
6.646
6.516
6.556
7.263
6.552
6.544
6.545
6.573
6.842
6.683
6.589
6.806
7.380
6.690
6.728
6.962
6.522
6.659
6.550
6.782
6.645
6.915
6.612
6.737
7.243
6.652
6.616
6.457
6.650
6.498
6.713
6.552
6.484
6.803
6.480
6.957
6.546
6.678
6.606
6.540
6.628
6.597
6.681
6.597
6.458
6.638
6.633
6.646
6.538
6.639
6.574
6.534
6.461
6.800
7.088
6.456
7.269
7.108
6.527
6.745
6.811
6.538
6.536
6.431
6.476
6.896
6.514
6.609
6.639
6.564
8.146
6.563
6.840
6.658
6.544
6.673
6.943
6.694
6.627
6.651
6.700
6.693
6.610
6.858
8.384
6.527
6.605
6.661
6.719
7.233
6.568
6.777
6.575
6.475
6.564
6.540
6.496
6.452
7.844
6.529
6.822
6.878
6.650
15.018
6.509
6.323
6.595
6.588
6.567
6.626
6.586
6.485
6.384
6.678
6.479
6.637
6.657
6.606
6.552
6.921
6.541
6.558
6.741
6.544
6.556
6.597
6.569
7.284
6.560
6.520
6.515
6.323
6.658
7.367
6.667
7.374
6.565
6.796
6.614
6.249
6.644
6.539
6.558
6.567
6.270
6.535
6.634
6.534
6.516
6.783
6.571
6.366
6.272
6.334
6.612
8.975
6.636
6.244
6.474
6.546
6.716
6.527
6.666
6.254
6.156
6.682
6.530
6.307
6.571
6.533
6.270
6.431
7.648
6.302
6.368
6.811
10.704
8.187
6.465
6.566
6.592
6.379
6.485
6.173
6.296
6.537
5.932
6.767
6.107
6.268
5.939
6.415
5.941
6.302
6.557
6.353
6.264
5.953
6.545
6.266
6.690
6.006
6.099
5.990
7.945
6.293
6.369
5.976
5.993
5.989
5.937
6.304
6.197
5.973
5.946
5.971
5.908
6.389
5.761
6.148
6.366
6.013
5.653
6.816
6.288
6.071
6.386
6.140
5.962
6.271
5.609
6.013
5.996
6.057
5.619
6.460
9.872
5.922
7.857
6.811
5.983
6.305
6.244
5.969
6.066
5.927
6.014
6.259
6.007
5.895
5.884
5.952
6.600
5.862
5.769
6.040
5.939
6.511
5.893
5.947
6.550
5.882
8.795
5.902
5.989
6.139
5.944
6.173
6.030
6.120
5.988
5.966
5.925
6.009
6.296
6.212
6.282
5.662
5.912
6.145
23.066
22.963
5.904
5.880
6.044
6.851
5.481
5.995
5.919
5.997
5.828
5.868
5.896
6.025
5.856
5.944
22.037
6.029
5.896
5.773
5.814
5.971
5.860
5.908
6.075
6.232
5.893
5.906
6.685
5.945
6.142
5.815
5.979
5.723
6.025
5.943
5.820
5.799
5.996
6.046
6.447
6.010
5.687
6.190
6.198
6.700
5.954
5.899
6.286
5.832
5.764
5.828
6.350
5.948
5.956
5.915
5.889
5.895
6.054
5.848
5.899
5.831
6.213
5.858
6.018
6.462
5.950
5.694
5.838
5.457
5.900
7.328
6.659
6.256
5.891
6.006
5.790
5.710
11.732
6.425
5.388
5.981
6.007
5.906
7.513
5.630
5.815
6.583
6.558
5.355
6.555
6.206
5.341
5.889
5.621
5.470
5.344
6.260
14.058
5.319
6.037
6.358
5.678
5.356
5.379
5.859
5.666
5.802
5.652
5.589
5.387
10.271
5.409
5.744
5.679
6.754
5.382
5.262
5.587
5.662
5.360
5.402
5.962
5.815
5.382
5.294
5.326
5.594
5.393
5.587
5.191
5.312
5.427
5.224
5.553
5.298
5.405
5.789
5.380
5.312
5.372
5.356
5.312
5.800
5.527
5.476
5.379
5.840
5.525
5.319
5.384
5.275
5.245
5.321
5.272
5.279
5.273
5.467
5.276
5.294
5.371
5.732
5.329
5.362
5.200
5.482
5.313
6.536
5.241
5.402
5.301
5.375
5.343
5.420
5.581
5.483
5.213
5.439
5.334
5.225
5.325
5.366
5.352
5.269
5.374
5.257
5.380
5.221
5.194
5.234
5.495
5.331
5.293
5.347
5.299
5.386
5.223
5.262
5.265
5.281
5.141
5.322
5.365
5.261
5.308
5.319
5.531
5.520
5.275
5.803
22.824
5.340
5.343
5.369
5.321
5.190
5.346
5.467
5.264
5.476
5.676
5.744
5.397
5.542
5.283
5.277
5.273
5.240
5.378
6.853
5.210
5.242
5.352
5.197
5.283
5.454
5.260
5.458
6.918
5.283
5.205
5.312
5.472
5.625
5.717
5.373
5.316
5.312
5.276
5.602
5.271
5.372
5.479
5.285
5.155
5.372
5.330
5.293
5.551
5.260
5.191
5.928
5.405
5.339
5.447
5.258
5.602
5.630
5.106
5.220
5.897
5.316
6.317
5.081
6.154
5.341
5.195
5.160
5.154
5.282
5.235
5.201
5.320
5.061
6.254
5.437
5.179
5.329
5.585
5.642
5.472
5.710
5.136
5.529
5.156
5.127
5.116
5.396
4.836
5.981
4.967
5.716
5.257
5.667
5.434
5.214
5.603
4.736
5.167
6.102
5.263
5.288
5.535
4.946
5.251
4.974
5.027
4.835
5.287
4.881
5.658
4.935
4.867
5.070
4.744
4.712
4.791
4.788
4.888
4.688
5.105
5.005
5.124
5.139
5.084
4.917
5.062
4.824
4.790
16.153
5.623
5.092
5.299
4.997
4.832
24.142
4.665
4.727
5.045
4.695
4.730
4.717
4.839
4.843
4.817
5.177
4.961
4.666
5.161
4.935
4.809
5.148
4.756
4.809
4.956
4.745
4.871
4.879
4.780
5.500
4.712
4.829
4.798
4.975
4.704
5.103
4.718
4.920
4.784
4.879
4.842
4.971
4.845
4.787
4.750
24.724
6.247
4.886
4.766
4.735
4.878
4.740
4.937
4.753
4.678
4.788
5.045
4.754
5.068
5.738
4.881
4.636
4.700
4.719
4.797
4.711
4.842
4.636
4.742
4.709
4.905
4.933
4.794
4.736
4.639
4.750
4.844
4.738
4.872
4.720
4.624
4.740
4.710
4.761
4.796
4.817
4.695
4.717
5.458
4.821
4.624
4.717
4.747
4.734
4.719
5.245
4.690
4.677
4.589
4.766
4.923
4.680
5.006
4.791
4.653
5.140
4.638
5.056
4.699
4.760
4.739
4.790
5.048
4.724
5.237
4.750
4.729
4.767
6.021
4.571
4.860
4.784
4.846
4.809
4.727
4.783
4.806
5.102
4.900
5.113
21.870
4.754
4.906
4.784
4.920
4.734
4.680
4.726
4.746
4.693
4.557
5.547
4.631
4.635
4.779
4.669
4.633
4.616
4.837
4.715
4.826
4.622
4.990
4.710
4.690
5.088
4.709
4.971
4.743
4.790
4.593
4.694
4.804
5.094
4.736
4.894
4.704
4.771
4.871
4.571
4.711
5.140
4.737
4.967
4.688
4.673
4.739
4.684
4.704
4.641
4.754
4.602
4.705
8.726
5.704
4.677
4.672
8.926
4.730
4.631
4.869
4.528
23.576
4.420
4.635
4.771
5.752
4.584
4.674
4.653
4.802
4.819
5.191
5.104
4.710
4.649
4.739
4.886
4.781
4.956
4.639
6.679
4.739
4.867
22.595
5.020
4.699
4.971
4.986
4.436
4.696
4.883
4.825
6.244
24.307
4.783
4.752
4.619
5.512
4.777
4.908
4.764
4.938
4.737
4.617
4.776
4.826
4.718
4.636
4.831
4.811
4.715
4.601
4.477
4.678
4.710
4.676
4.730
4.695
4.626
4.743
4.710
4.671
4.969
4.650
4.664
4.773
4.799
4.680
4.665
4.658
4.868
4.681
4.699
4.604
4.699
4.754
5.447
4.596
4.640
5.199
4.652
4.665
4.685
4.767
4.568
4.698
4.900
4.624
4.696
4.604
4.656
4.744
4.607
4.627
4.714
4.702
4.693
4.598
4.399
4.652
4.662
4.440
20.142
4.548
4.580
4.651
4.667
23.828
4.587
4.588
4.733
4.423
4.805
4.430
4.509
4.557
4.519
4.652
4.780
4.437
4.765
4.656
7.458
4.420
4.568
4.572
4.717
4.640
4.567
4.574
4.938
4.767
4.838
4.602
4.528
4.597
4.407
4.546
4.607
4.595
4.625
5.290
4.554
4.580
4.598
4.263
4.777
4.507
4.521
5.891
4.801
4.363
4.339
4.490
4.241
4.312
5.233
4.357
4.600
4.607
4.607
4.575
4.422
4.616
4.515
4.743
4.331
4.768
4.578
4.540
4.627
4.574
4.528
4.577
4.472
4.618
4.530
20.147
4.483
5.806
4.508
4.460
4.597
4.637
4.631
4.534
4.632
4.520
4.432
4.666
4.677
4.694
4.526
4.573
4.614
4.767
4.316
4.604
4.569
4.626
4.412
5.238
4.583
4.495
5.057
4.730
6.203
4.486
4.786
4.434
4.562
4.388
4.482
4.617
4.730
5.108
4.675
4.796
4.613
4.503
4.574
4.909
4.482
4.320
4.619
4.597
4.716
5.180
4.359
4.404
20.701
4.530
4.435
4.536
4.528
4.608
5.505
4.766
18.079
4.534
4.600
4.557
4.580
4.458
4.401
5.283
4.453
4.567
4.355
4.389
4.608
4.628
4.617
4.611
4.707
4.805
4.389
4.659
23.810
4.500
4.539
4.404
4.523
4.598
4.770
5.183
4.381
4.724
4.444
4.507
4.458
4.388
4.464
5.122
4.577
4.904
4.819
4.547
4.632
4.472
4.803
4.391
4.398
4.664
4.718
4.542
4.600
4.411
4.370
4.391
4.852
4.420
4.550
4.509
4.441
4.837
4.533
5.022
4.609
4.746
4.497
4.441
4.518
4.394
4.483
4.731
4.461
4.946
4.615
4.555
5.001
4.763
4.447
4.387
4.628
4.416
4.392
5.290
4.449
4.514
4.588
4.404
4.587
4.706
4.414
4.374
5.250
4.742
4.567
4.484
4.455
4.517
4.881
4.420
4.502
4.548
4.449
4.501
4.426
4.709
4.387
4.431
4.483
4.445
4.396
4.413
4.641
4.522
4.424
4.450
4.316
4.476
4.393
4.870
4.389
4.506
4.500
4.391
4.479
4.479
4.507
4.427
4.453
4.464
4.252
4.353
4.580
4.485
4.403
4.244
4.547
4.307
4.407
4.398
4.498
4.415
4.420
4.339
4.407
4.352
4.549
4.467
4.228
4.575
4.460
4.490
4.569
4.427
4.646
4.325
4.559
4.487
4.336
4.212
5.240
4.276
4.440
4.451
4.421
4.400
4.652
4.319
4.588
4.763
4.538
4.816
5.118
4.347
4.414
4.473
4.457
21.388
4.360
4.497
4.411
4.247
5.185
4.257
4.838
4.619
4.388
4.230
4.308
4.361
4.254
4.568
4.372
4.295
4.381
4.306
4.303
4.225
4.405
4.358
4.270
4.265
4.307
4.450
4.207
4.373
4.600
4.437
4.336
4.295
4.207
4.424
4.193
4.234
4.345
4.424
4.300
4.210
4.245
4.348
4.268
4.202
4.312
4.303
4.289
4.257
4.276
4.586
4.236
4.262
4.494
4.374
4.344
4.401
4.311
4.637
4.223
4.228
4.197
4.215
4.186
4.353
4.307
4.301
4.215
4.631
4.611
4.349
4.337
24.466
4.244
4.282
4.381
4.875
4.207
4.294
4.308
4.194
4.224
4.276
4.342
4.262
4.271
4.317
4.350
4.293
4.147
5.181
4.334
4.158
4.278
4.338
4.187
4.277
4.290
4.393
4.234
4.272
4.437
5.916
4.210
4.368
4.514
4.344
4.472
4.333
4.144
5.147
4.199
4.285
4.372
4.199
4.212
4.213
4.224
4.253
4.259
4.280
4.386
4.262
4.271
4.484
4.200
4.213
4.280
4.250
4.123
4.113
4.277
5.472
4.228
4.705
4.254
4.213
4.200
4.680
4.188
14.884
4.218
4.505
4.208
4.179
4.125
4.224
4.536
4.704
4.154
4.201
4.280
4.435
4.121
4.192
4.174
4.239
4.212
4.284
4.089
4.259
4.307
4.115
4.251
4.665
4.210
4.112
4.416
4.244
6.128
4.296
4.368
4.247
4.192
4.329
4.320
4.433
4.219
4.330
4.218
4.377
4.147
4.097
4.334
4.470
4.200
4.110
4.307
4.197
4.638
4.128
4.230
4.418
4.135
4.209
4.030
4.081
4.173
4.118
4.087
4.150
4.122
4.081
4.130
4.094
4.127
4.112
4.037
4.078
4.403
4.099
4.150
4.206
4.097
4.124
4.146
4.083
4.093
4.047
4.209
4.086
4.458
4.146
4.138
4.671
4.065
4.195
4.210
4.086
4.148
4.108
4.082
4.539
4.074
4.128
4.129
4.068
4.103
4.260
4.123
4.066
4.109
4.075
4.134
3.996
4.129
4.068
4.111
4.098
4.128
4.328
4.089
4.078
4.094
4.010
4.086
4.104
4.100
4.023
4.211
4.011
4.113
4.058
4.077
4.127
4.109
4.579
4.704
4.111
4.137
4.024
4.168
4.751
4.233
4.045
4.122
4.095
4.607
4.583
6.648
4.131
4.264
4.124
4.068
4.178
4.115
4.146
4.074
4.075
4.118
4.524
4.176
4.078
4.054
4.316
4.054
4.060
4.114
4.087
19.680
4.372
4.056
4.109
4.009
4.123
4.276
4.046
23.565
4.095
4.073
4.002
4.022
4.065
4.011
4.107
4.225
4.115
4.218
4.198
4.310
4.102
4.101
4.071
3.885
4.144
5.033
5.024
4.085
4.064
4.099
4.121
4.049
4.615
4.024
4.063
4.055
4.847
4.038
3.983
4.151
4.142
3.981
4.097
4.080
4.024
4.042
4.026
4.303
3.972
4.041
4.061
4.017
4.102
4.086
4.084
4.001
4.050
4.022
3.890
4.135
4.055
4.117
4.074
4.046
4.088
4.060
4.023
4.018
4.082
4.153
4.191
4.106
4.216
4.020
4.123
4.130
4.038
4.101
4.061
4.360
4.246
4.454
4.038
4.054
4.155
3.980
4.850
3.973
4.053
4.151
4.159
4.030
6.331
3.994
4.086
4.052
3.985
4.165
4.100
4.042
4.094
4.115
3.994
4.112
4.162
3.951
4.199
4.039
4.010
4.103
4.582
4.052
4.084
5.399
4.353
4.021
4.013
3.976
4.029
4.773
3.981
4.112
4.126
4.053
4.041
4.009
4.022
4.154
4.281
4.299
4.357
4.080
3.918
4.387
3.935
4.428
4.178
4.013
4.007
4.007
4.150
9.867
4.107
4.055
4.023
4.024
4.028
4.206
4.048
4.159
4.230
4.036
4.087
4.084
4.051
4.193
4.003
4.152
3.996
4.236
4.018
3.772
3.988
4.092
3.973
3.935
4.053
4.030
4.044
4.251
4.179
4.125
4.054
3.919
4.195
4.037
10.721
4.053
4.017
3.910
4.528
4.042
3.904
4.462
4.097
3.871
3.978
3.999
4.065
3.972
3.994
4.086
4.768
3.915
3.988
4.057
3.942
6.408
3.958
3.974
3.916
4.083
3.921
3.983
4.287
4.028
4.232
4.013
4.067
3.860
3.911
4.194
3.939
3.969
3.958
4.163
3.834
3.915
3.941
3.873
24.747
4.216
3.950
3.953
3.861
3.932
3.886
6.877
3.975
3.940
3.841
3.898
23.081
3.872
4.188
4.061
3.979
3.988
4.091
4.132
4.227
4.065
3.896
3.989
3.932
3.908
4.251
3.850
3.958
3.874
3.908
4.039
3.920
4.145
3.955
3.954
4.151
3.902
4.293
3.862
4.008
3.977
4.281
6.704
3.942
3.849
5.033
3.851
3.982
4.267
3.926
3.890
3.932
3.881
3.923
24.356
3.929
4.099
3.830
3.880
3.944
3.929
3.968
3.916
4.087
3.889
3.929
4.141
4.040
4.360
3.823
3.859
3.926
3.884
3.813
3.813
3.903
3.832
4.605
3.888
3.933
3.946
3.909
3.833
3.949
3.841
3.820
4.375
3.842
3.991
3.944
3.907
3.843
3.860
4.074
3.897
3.820
3.892
3.846
3.909
3.837
3.840
3.940
3.845
3.879
3.846
3.848
3.889
3.871
4.049
3.866
3.962
3.955
3.818
3.809
3.982
3.809
18.615
4.028
3.823
3.845
3.831
4.137
3.909
3.976
3.936
3.933
3.919
3.977
3.852
3.911
3.832
3.923
3.856
3.830
3.805
3.907
3.829
3.820
3.833
3.884
3.883
3.907
4.049
4.024
3.828
3.807
3.890
3.883
3.852
3.872
3.831
3.816
3.779
3.794
3.816
3.960
3.847
3.834
3.785
3.881
3.866
3.817
3.788
3.798
3.979
3.816
3.820
3.912
3.989
3.812
3.962
3.847
3.919
4.273
3.787
3.825
3.855
3.756
3.844
3.762
3.902
4.179
3.924
3.797
3.800
4.351
3.989
4.053
3.754
3.857
3.820
5.280
3.827
3.816
3.775
3.908
3.853
4.144
3.716
3.857
4.554
3.855
3.886
3.847
3.878
3.862
3.825
3.826
3.860
3.911
3.848
3.867
3.790
3.832
3.940
3.784
3.804
3.758
3.891
3.949
3.782
3.750
3.796
3.805
3.782
4.483
3.818
3.829
3.810
3.816
3.829
3.893
3.920
3.874
3.722
3.888
3.730
3.794
3.746
3.811
3.705
3.872
3.705
3.905
3.799
3.651
3.675
3.822
3.731
4.027
3.761
3.701
3.817
3.828
3.824
3.751
3.834
3.759
3.784
3.834
3.799
3.749
3.808
3.776
3.873
3.790
3.813
3.827
3.768
3.731
3.790
3.837
3.795
3.806
3.778
4.007
4.018
4.155
3.940
3.820
3.869
3.899
3.756
3.892
3.729
3.756
3.894
3.782
3.703
3.717
3.859
3.738
4.114
3.757
4.301
3.674
3.721
3.739
3.750
3.968
3.839
3.797
3.802
7.970
3.980
4.044
3.644
3.771
3.886
3.849
3.692
3.710
3.901
3.826
3.742
3.745
3.730
3.901
3.735
3.887
3.890
3.716
3.634
3.710
24.322
3.675
3.799
3.912
3.763
3.717
3.726
3.740
3.748
3.831
3.714
3.943
3.751
3.765
3.622
3.883
3.857
3.913
3.990
3.764
3.870
3.847
3.684
3.727
3.790
3.743
4.003
3.708
3.651
3.952
3.718
3.753
3.642
3.660
3.736
3.698
3.627
3.725
3.713
4.250
3.621
3.805
3.788
3.750
3.808
3.767
3.750
3.792
3.737
3.703
3.638
3.676
3.662
4.292
3.746
3.704
3.779
3.740
3.735
4.607
3.799
3.731
3.719
3.774
3.692
3.757
3.994
3.859
3.715
3.681
3.630
3.732
3.746
3.652
3.817
3.680
3.839
3.698
3.726
3.878
3.719
3.769
3.784
3.650
3.808
3.811
3.706
3.977
3.719
4.142
3.888
3.667
3.699
3.681
3.942
3.757
4.086
3.677
3.713
3.594
3.669
3.704
3.706
3.842
3.615
3.695
5.499
3.720
4.003
3.719
3.690
3.721
3.663
3.818
3.715
3.678
3.611
3.574
3.857
3.733
3.577
3.743
3.560
3.607
3.660
3.575
3.678
3.600
3.694
3.669
3.634
3.930
4.147
3.627
4.117
3.855
3.586
3.689
3.644
3.664
3.559
3.577
3.576
3.593
3.631
3.677
3.592
3.587
3.723
3.627
3.667
3.626
3.605
4.746
3.616
3.628
3.643
3.822
3.842
3.620
3.918
3.610
3.527
3.622
3.553
3.774
3.632
3.599
3.835
3.576
3.589
3.618
3.602
3.539
3.580
3.603
3.634
3.631
3.579
3.605
3.661
3.578
3.609
3.601
3.617
3.687
3.568
3.668
3.548
3.583
3.569
3.641
3.689
3.577
3.577
3.761
3.677
3.574
3.569
3.601
3.691
3.525
3.558
3.551
3.683
3.683
3.673
4.976
3.637
3.592
4.207
3.865
3.534
3.560
3.575
3.706
3.548
3.719
3.566
3.648
4.033
3.643
3.565
3.632
3.533
3.583
3.622
4.217
4.510
3.537
3.604
3.632
3.534
3.595
3.642
3.617
3.682
3.685
3.719
3.667
3.694
3.661
3.560
3.667
3.553
3.868
24.791
4.048
3.602
3.602
3.640
3.756
3.744
3.533
3.665
3.581
4.196
3.556
3.601
3.524
3.536
3.672
3.558
3.538
3.531
3.592
3.661
3.787
3.646
4.242
3.644
3.510
3.615
3.540
3.556
3.759
3.626
3.521
3.590
3.573
3.548
3.648
3.573
3.506
3.543
3.702
3.538
3.634
3.473
3.771
3.525
3.547
3.600
3.533
3.910
3.613
3.614
3.706
3.548
3.528
3.731
3.768
3.558
3.703
3.521
3.597
3.662
3.633
4.068
3.854
3.578
3.624
3.810
3.516
3.594
3.604
3.529
4.015
3.546
3.444
3.575
3.563
3.483
3.754
3.554
3.951
3.509
3.457
3.627
3.526
3.689
3.557
3.643
3.589
3.541
3.532
3.507
3.454
3.863
3.854
4.089
3.629
3.575
3.780
3.725
3.589
3.625
3.563
3.497
3.547
3.562
3.557
3.528
3.657
3.601
3.481
3.911
3.523
3.537
3.549
3.548
3.581
3.518
3.540
3.525
3.584
3.575
3.513
3.594
3.414
3.597
3.520
3.465
3.564
4.693
3.552
3.647
3.599
3.536
3.550
3.513
3.478
3.635
3.538
3.597
3.763
3.793
4.168
3.593
3.655
3.624
3.632
3.538
3.572
3.511
3.552
3.742
3.544
3.514
3.672
3.661
3.544
3.580
3.567
3.640
3.524
3.692
3.622
3.701
3.644
3.653
24.258
3.498
3.681
3.571
3.575
3.587
3.540
3.632
3.625
3.563
3.567
3.570
3.565
3.666
3.619
3.819
3.547
3.578
3.583
4.093
3.678
3.660
3.548
3.587
3.549
3.564
3.571
3.499
3.784
3.567
3.615
3.561
3.555
3.650
3.615
3.787
3.570
3.577
4.465
3.612
3.571
3.670
3.811
6.678
3.597
4.013
3.588
3.517
3.565
3.475
22.630
3.593
3.598
3.580
3.622
3.575
3.566
3.878
3.617
3.559
4.013
3.476
3.490
3.534
3.671
3.447
3.567
3.615
3.553
3.478
11.663
3.468
3.500
3.614
3.555
3.712
3.568
3.505
3.478
3.835
3.678
3.492
3.628
3.652
3.475
3.493
3.577
3.616
3.454
3.547
3.652
3.569
3.641
3.902
3.540
3.475
3.558
3.615
3.639
3.372
3.555
3.577
3.577
3.538
3.476
3.501
3.489
4.044
3.593
3.592
3.562
3.556
3.486
3.626
3.686
3.505
3.567
3.521
3.703
3.524
3.559
3.406
3.534
3.547
3.613
3.669
3.697
3.612
3.433
3.492
3.588
3.526
3.586
3.671
3.489
3.528
3.491
3.588
3.526
3.534
3.510
3.498
3.502
3.528
3.504
3.491
3.498
3.501
3.675
3.483
3.504
3.532
3.537
3.595
3.583
3.504
3.502
3.566
3.487
3.490
3.378
3.504
3.549
8.490
3.498
3.538
3.503
3.559
3.454
3.644
3.438
3.350
3.679
3.546
3.466
3.483
3.473
3.802
3.508
3.777
3.516
3.873
3.526
3.356
3.600
3.525
4.067
3.553
3.546
3.955
3.789
3.966
3.506
3.519
3.473
3.481
3.810
3.501
3.499
4.277
3.447
3.549
3.843
3.553
3.517
3.348
3.481
3.375
4.058
3.695
3.488
3.915
4.025
3.632
3.498
3.527
3.608
3.384
3.380
3.239
3.389
3.500
3.467
3.528
3.530
3.853
3.355
3.469
3.359
3.641
3.557
3.774
3.581
3.622
3.473
3.466
3.415
3.361
3.745
3.359
3.621
3.352
3.713
24.717
3.571
3.490
3.353
3.335
3.855
4.416
3.458
3.347
3.820
3.439
3.516
3.341
3.358
3.337
3.356
3.422
3.486
3.413
3.509
3.461
3.448
3.250
3.386
3.343
3.407
3.451
3.374
3.375
3.410
3.360
3.365
3.408
3.348
3.840
3.327
3.370
3.355
3.344
3.402
3.353
3.301
3.831
3.272
3.386
3.456
3.349
3.344
3.319
3.337
3.438
3.359
3.280
3.598
3.383
3.318
3.313
3.349
3.360
3.357
3.387
3.449
3.457
3.408
3.347
3.271
3.318
3.380
3.429
3.424
3.362
3.380
3.384
3.505
3.793
10.366
3.415
3.616
3.348
3.386
3.512
3.349
3.417
3.499
3.450
3.358
3.403
3.378
3.412
3.386
3.476
3.379
3.348
3.363
3.368
3.607
3.436
3.427
3.359
3.357
3.347
3.380
3.385
3.387
3.396
3.379
3.379
3.342
3.363
3.570
3.384
3.462
3.381
3.499
3.381
3.348
3.382
3.386
4.034
3.386
3.385
3.425
3.361
3.379
3.371
3.666
3.404
3.339
3.478
4.680
3.422
3.402
24.706
3.330
3.352
3.374
3.400
3.538
4.000
3.363
3.367
3.334
3.605
3.340
3.355
3.395
3.374
3.345
3.344
3.348
3.354
3.332
3.374
3.780
3.355
4.761
3.326
3.539
3.384
3.468
3.371
3.363
3.340
4.015
3.339
3.336
3.456
3.382
3.395
3.545
3.465
3.412
3.338
3.435
3.378
3.548
3.466
3.381
3.505
3.346
3.383
3.359
3.396
3.342
3.368
3.566
3.343
3.528
3.377
3.384
3.379
3.391
3.499
3.336
4.678
3.329
3.593
3.588
3.715
3.423
3.389
3.423
3.360
3.539
3.369
3.380
3.337
3.368
3.490
3.361
3.356
3.517
22.809
3.392
3.394
3.337
3.333
3.364
3.321
3.404
3.366
3.538
3.360
3.344
3.379
3.332
3.528
3.795
3.745
3.323
3.354
3.351
3.365
3.708
3.333
3.325
3.364
3.340
3.645
3.360
3.322
3.458
3.320
3.337
3.365
3.330
3.338
3.343
3.359
3.344
3.507
3.332
3.338
3.335
3.334
3.372
3.406
3.341
3.324
3.390
3.332
3.332
3.327
3.354
3.343
3.363
3.447
3.340
3.327
3.392
3.342
3.343
3.341
3.444
3.351
3.354
3.461
3.354
3.380
3.362
4.287
3.348
3.375
3.404
4.374
3.346

Results for GA
Target: Iris-versicolor: 
Correctly classified 145.0 instances.
Incorrectly classified 5.0 instances.
Percent correctly classified: 96.667%
Training time: 446.543 seconds
Testing time: 0.004 seconds

