-i 5000 -algo ga -popsize 200 
Iterations: 5000
Population Size: 200.0

Error results for GA
Target: Iris-versicolor
---------------------------
24.452
19.603
18.773
16.468
18.850
16.802
15.965
22.422
20.070
16.447
16.751
20.952
20.173
16.294
19.967
18.931
20.790
17.576
16.898
19.846
17.307
22.286
19.660
18.242
17.649
16.487
16.966
16.659
18.011
17.012
17.767
17.227
18.183
16.630
21.596
16.453
17.944
16.709
19.194
17.170
19.847
17.020
20.403
16.979
19.470
17.251
18.979
15.827
17.269
19.384
16.983
19.020
19.197
21.934
16.803
16.833
17.287
16.325
17.374
17.727
16.763
17.339
16.477
18.119
19.504
17.513
17.269
19.349
16.986
15.760
16.098
16.756
18.902
18.754
18.174
15.703
16.023
16.851
15.795
16.423
17.711
18.998
16.334
17.195
16.868
16.529
15.046
16.387
17.861
15.721
19.489
17.183
16.067
15.920
16.420
16.848
16.524
17.103
16.987
15.256
16.297
18.128
15.633
16.668
16.211
17.472
18.337
16.775
18.532
15.889
14.981
17.212
18.438
16.261
15.175
16.420
16.333
16.664
17.381
17.804
18.206
15.880
17.545
16.237
17.209
17.934
16.446
16.902
15.957
16.007
17.741
15.820
15.376
16.650
23.747
16.582
15.579
17.369
15.957
18.938
15.645
16.438
15.626
15.677
15.062
15.955
17.437
16.260
16.268
15.551
16.159
15.623
16.331
15.499
17.266
14.660
15.943
15.074
16.526
15.235
16.236
16.488
17.468
16.204
15.449
14.803
21.956
15.053
16.896
17.504
15.130
16.576
14.586
16.474
15.137
16.109
14.811
15.276
16.266
14.930
15.531
14.612
16.872
15.561
16.188
15.399
17.158
15.047
17.306
16.111
14.872
15.747
14.713
15.586
15.152
16.722
17.184
15.284
14.389
15.760
16.146
15.590
14.754
16.844
15.313
15.510
26.511
15.006
15.245
16.962
16.024
15.461
14.848
14.641
15.010
16.825
17.123
14.385
15.767
15.671
15.227
17.500
14.467
14.674
15.329
16.773
14.554
14.927
15.246
15.429
14.462
15.004
18.282
14.514
16.114
14.977
19.097
16.938
14.851
16.095
15.509
14.920
16.155
16.291
14.514
14.351
15.833
14.740
14.467
20.435
15.005
14.269
14.923
15.438
14.687
15.987
16.328
15.327
15.057
15.931
18.550
15.629
14.824
14.707
16.776
17.180
14.919
16.427
14.611
15.392
17.598
15.196
15.906
16.564
16.032
14.825
14.407
14.791
14.899
17.889
15.111
14.563
15.335
15.644
16.250
14.513
14.562
14.335
15.301
14.389
14.766
14.552
14.672
14.523
14.989
14.933
14.215
14.294
14.744
14.291
14.002
15.117
14.231
14.509
14.544
17.180
16.526
14.380
14.446
14.500
17.121
14.789
14.405
14.148
14.966
14.299
14.807
15.017
17.121
13.846
14.285
14.616
15.074
13.627
15.337
14.942
14.662
15.045
14.475
14.656
14.504
14.103
14.913
13.829
13.918
14.314
14.378
14.529
14.056
14.620
14.039
14.207
14.513
13.462
15.814
14.330
13.858
14.329
15.914
13.796
14.415
14.280
14.538
14.432
14.042
14.033
14.157
14.021
14.137
13.789
17.484
14.441
14.876
14.276
13.991
14.739
14.395
13.957
14.184
14.553
14.349
14.881
14.517
16.374
14.087
14.295
15.326
14.199
14.733
14.089
14.149
14.376
13.542
14.375
14.362
14.216
14.175
13.665
14.139
13.757
14.276
14.273
13.700
13.594
15.139
14.643
15.851
14.693
14.687
14.292
14.690
14.924
14.854
15.719
13.632
14.835
14.315
13.841
14.006
13.957
13.917
14.266
14.065
14.181
14.304
13.951
13.967
13.604
14.150
15.711
15.457
13.941
15.384
13.431
14.066
19.204
14.126
14.031
15.197
13.890
14.538
13.511
14.428
14.696
14.606
14.830
14.388
16.812
14.261
13.827
14.039
15.288
14.089
13.583
13.646
13.965
14.460
14.086
13.779
13.966
14.562
14.075
13.812
14.216
14.059
15.663
13.523
14.331
14.375
14.689
14.225
14.944
15.086
13.607
15.031
14.420
14.281
13.538
13.904
13.814
14.250
15.211
14.765
14.170
13.513
14.447
14.147
14.451
14.019
13.624
14.237
14.006
13.530
13.764
15.602
14.111
14.465
14.244
13.922
14.754
14.244
14.571
14.364
13.904
18.187
13.879
14.328
13.861
13.710
13.900
14.065
13.294
13.830
13.905
13.770
14.019
13.594
14.338
13.980
13.858
13.498
13.913
16.415
13.887
13.770
13.501
14.264
13.614
13.732
13.566
13.927
13.596
16.230
16.965
15.485
15.428
13.470
13.577
13.808
13.670
14.369
14.958
14.127
13.876
14.118
13.597
13.475
14.059
14.313
14.483
13.806
13.843
14.214
14.146
13.696
14.353
14.328
14.070
14.706
13.821
13.862
14.747
14.195
13.780
13.132
13.320
13.345
14.288
14.106
14.794
14.334
14.236
14.524
13.555
13.840
13.553
13.632
13.871
13.941
13.689
15.173
13.687
13.124
13.468
13.924
13.966
13.701
13.916
13.679
14.173
16.087
14.292
13.390
13.940
13.334
13.970
13.641
14.199
14.246
13.769
13.960
15.086
13.656
13.074
13.505
13.558
13.743
13.477
13.720
13.251
14.761
13.750
13.664
13.978
14.077
16.186
13.374
13.578
14.332
13.479
14.221
13.904
13.330
13.758
13.864
13.154
13.301
13.737
13.540
14.049
13.683
13.213
13.696
13.001
13.477
13.090
13.068
16.484
13.237
14.580
13.290
14.352
13.995
14.036
13.845
14.298
13.458
13.977
14.004
13.642
14.309
15.383
14.046
13.773
13.521
13.362
13.327
13.445
13.840
13.000
16.324
14.034
13.744
14.011
14.218
13.567
13.430
14.423
14.504
14.276
13.220
12.929
14.136
13.681
13.705
13.925
13.600
13.269
13.366
13.276
17.049
13.137
14.055
13.291
13.409
14.152
13.364
12.881
13.564
13.581
13.733
13.941
13.358
13.007
14.049
14.297
13.310
13.177
13.485
13.258
13.177
13.385
15.662
16.321
13.937
15.465
13.308
14.136
14.652
13.781
14.495
13.550
13.380
13.410
12.930
12.470
14.383
13.465
13.688
13.469
12.970
13.080
15.294
13.372
13.386
13.663
14.795
13.602
13.452
13.924
13.434
13.233
13.146
13.110
12.870
13.125
15.139
13.183
13.509
13.384
15.248
13.048
13.098
13.020
13.024
13.694
13.190
13.068
13.731
13.237
14.257
13.022
12.903
13.119
14.038
13.584
13.277
13.253
13.558
13.864
14.046
13.574
12.862
13.796
13.356
13.877
14.055
14.228
13.540
12.820
12.681
12.981
13.956
12.628
13.969
13.176
13.109
12.648
13.119
14.068
12.365
14.331
13.377
13.394
13.323
14.101
12.946
13.165
13.049
13.035
12.791
13.324
12.941
13.142
13.132
13.093
12.837
12.859
12.807
12.982
12.932
13.450
13.590
12.675
13.006
13.067
13.501
13.154
13.698
12.162
13.377
12.856
12.570
13.291
13.086
12.691
12.304
12.665
13.443
12.778
13.221
12.993
12.331
13.204
13.101
12.571
12.225
13.337
12.892
13.036
12.483
12.639
12.191
12.535
13.057
12.932
12.339
12.191
12.038
12.301
13.540
12.033
12.372
13.964
16.362
13.272
12.946
12.362
12.971
12.350
12.759
12.323
12.014
11.988
12.220
12.245
11.960
12.189
14.156
12.262
12.881
12.983
12.356
12.952
12.141
11.926
12.276
12.414
12.641
12.823
12.411
12.567
11.592
12.154
12.005
12.327
11.742
11.961
12.879
12.312
11.896
12.460
12.263
12.522
12.114
12.423
11.911
12.152
12.301
12.031
13.138
12.575
12.744
12.146
12.392
12.173
12.583
14.400
12.691
12.406
13.159
12.510
12.314
12.142
12.305
12.321
10.831
12.740
13.801
15.890
11.882
12.446
11.627
12.432
12.245
12.795
12.443
15.423
12.555
15.008
12.239
12.157
12.034
11.917
11.763
11.746
12.400
12.455
12.195
12.414
12.062
12.569
12.080
13.419
11.693
12.156
12.256
11.477
11.895
12.206
12.163
12.251
13.132
12.355
12.062
11.745
11.440
11.350
12.459
12.288
13.533
15.257
12.831
11.952
11.462
12.370
11.623
12.261
12.165
12.226
11.817
11.407
11.680
12.098
11.584
11.252
11.990
12.542
12.018
12.201
12.499
12.915
13.740
13.271
11.955
13.350
11.257
11.405
13.867
12.440
11.977
12.102
11.351
10.846
14.054
11.214
11.397
11.328
10.372
12.050
13.601
11.727
11.937
11.900
11.915
10.538
10.659
11.802
12.453
10.551
10.716
10.476
10.643
10.646
10.501
12.226
10.874
11.282
10.432
10.693
12.209
10.198
10.403
11.439
10.307
10.829
10.592
12.250
10.360
10.909
10.942
10.646
10.274
10.755
10.465
10.531
10.416
10.647
10.236
10.359
10.292
10.472
10.344
10.722
10.499
11.773
10.902
10.370
10.479
10.417
10.583
10.505
14.837
11.510
10.315
10.408
10.308
10.267
10.479
10.786
10.746
10.073
10.179
10.449
10.094
10.441
10.325
10.395
10.271
10.401
10.726
11.045
10.898
10.677
10.416
10.391
10.592
10.172
9.903
11.175
10.987
10.409
10.521
10.301
10.818
10.694
10.654
11.096
10.369
10.513
10.445
10.410
11.031
10.532
10.492
11.009
10.773
10.422
10.508
13.245
10.271
10.633
10.377
11.373
10.470
10.199
12.256
10.430
10.542
10.365
10.399
9.913
10.252
10.475
10.391
10.721
10.642
10.233
10.573
11.182
9.961
10.683
10.661
10.597
9.951
12.348
10.288
10.075
10.347
10.547
12.303
10.309
10.151
12.503
10.732
10.217
9.938
9.736
10.350
10.716
10.222
10.445
11.341
10.401
10.991
10.434
10.257
10.071
10.604
11.075
10.262
10.291
10.886
10.143
10.296
10.226
10.084
10.633
11.051
11.295
11.012
10.021
10.095
10.432
10.524
10.786
10.472
11.366
10.357
10.339
10.231
10.419
11.038
10.333
10.836
10.294
10.054
10.133
10.376
10.145
10.127
10.272
10.095
10.766
9.783
10.013
10.051
10.317
10.099
10.225
11.374
10.121
11.476
9.918
14.956
12.268
10.421
10.001
9.911
9.842
9.914
10.110
9.662
10.281
11.078
9.737
12.278
9.972
10.059
10.086
10.085
10.198
9.908
9.699
10.151
10.709
9.998
10.579
9.823
9.937
12.657
9.903
10.289
10.896
10.671
10.004
9.618
9.634
9.840
9.742
9.995
9.697
9.884
9.685
10.292
10.690
10.031
10.453
10.246
10.880
10.102
10.125
9.686
9.988
9.973
10.087
9.701
10.094
10.961
10.208
9.965
10.078
9.632
9.954
10.102
10.642
10.217
9.761
9.903
9.889
9.695
10.231
10.791
9.759
9.806
11.162
9.720
10.542
9.577
10.085
11.880
10.237
9.967
9.552
9.862
10.397
12.680
10.209
9.826
9.627
10.432
10.587
10.428
12.570
12.309
13.917
10.011
10.875
10.316
10.620
10.619
9.813
10.171
10.284
11.746
9.828
10.020
9.943
9.933
10.515
10.124
9.529
9.471
11.159
9.728
9.980
10.160
10.152
12.016
10.013
9.902
9.321
9.629
9.813
10.287
10.144
9.766
10.442
9.944
10.623
9.764
10.292
10.105
10.430
10.405
10.020
9.872
10.045
10.053
9.806
10.023
10.352
9.798
10.130
9.572
9.538
9.415
9.667
9.949
9.425
10.507
9.711
10.364
9.338
10.261
10.105
9.529
9.641
10.197
9.872
10.048
11.351
9.777
10.001
9.900
9.775
14.048
10.266
9.857
9.779
11.017
9.580
9.390
10.068
9.784
9.744
9.340
10.257
11.258
10.413
9.906
10.771
9.690
10.010
9.806
9.828
9.851
10.323
9.961
11.177
9.808
9.613
9.698
9.545
10.389
9.756
9.492
10.902
10.347
10.098
9.592
9.884
9.892
9.754
10.230
10.382
9.754
9.439
9.823
9.731
9.869
9.974
9.757
9.674
9.614
10.411
9.562
9.575
10.062
9.912
9.497
9.615
9.625
9.497
10.262
9.750
9.824
9.827
9.586
10.179
9.517
9.508
9.844
9.555
9.565
9.620
9.540
9.667
12.194
9.677
9.717
9.630
9.466
9.373
9.753
10.999
9.782
9.667
9.602
9.477
9.704
9.605
9.337
9.350
10.298
9.896
11.486
10.065
10.218
9.341
9.296
9.543
9.745
9.732
9.764
9.799
9.289
9.468
9.197
9.515
11.511
11.021
9.315
9.587
9.907
9.588
10.542
9.416
9.378
9.783
9.313
9.480
9.730
9.569
9.740
9.365
9.529
12.083
9.332
9.718
9.629
12.644
9.790
9.115
9.666
9.879
9.909
10.144
9.662
9.382
9.413
9.691
9.679
9.898
10.612
9.543
8.985
9.989
9.561
9.743
9.681
9.524
9.283
9.423
9.543
9.344
9.601
9.818
9.835
9.507
12.622
11.448
10.754
10.824
9.824
9.600
9.982
9.644
9.598
9.399
9.426
9.389
9.641
9.702
9.648
9.740
9.652
10.062
9.412
9.359
9.485
9.582
10.558
9.589
9.651
9.477
9.506
9.807
9.823
11.610
9.906
9.592
10.439
8.913
9.376
10.193
10.306
9.270
9.911
9.407
9.559
9.831
9.153
9.702
8.635
8.668
9.283
8.933
8.750
9.392
9.402
10.722
8.787
9.506
9.732
9.118
8.669
11.094
8.639
8.712
9.308
8.885
9.452
11.537
8.598
9.343
10.044
13.326
10.147
9.921
9.365
8.811
9.144
8.898
10.182
9.253
8.859
9.480
10.071
9.589
8.879
10.551
9.985
8.802
8.978
8.882
8.746
12.215
8.981
9.093
9.011
9.052
8.295
8.979
8.661
8.593
9.470
11.094
10.392
9.265
8.677
8.722
8.500
10.504
8.668
10.017
9.158
12.556
8.756
8.593
8.881
8.693
10.546
8.968
8.548
11.282
9.571
8.688
8.639
8.580
8.573
9.382
8.449
9.159
9.010
8.892
8.861
9.664
8.655
13.227
9.708
10.038
8.843
10.022
8.695
8.346
8.692
8.287
8.216
8.629
10.436
9.049
8.728
8.569
9.504
9.217
8.665
8.505
8.616
8.569
7.413
8.596
9.107
8.473
8.216
8.585
8.394
7.772
9.213
8.477
9.945
8.324
8.273
8.027
7.916
9.336
7.829
7.855
9.911
8.853
8.955
7.875
8.180
8.382
7.699
7.634
10.562
8.127
7.577
8.730
8.679
8.848
8.333
8.250
7.377
7.804
10.736
7.725
7.994
7.216
7.783
8.072
7.997
8.116
12.254
8.060
7.497
8.542
8.071
9.098
7.906
9.860
7.717
7.622
6.953
7.771
7.299
7.427
8.371
7.786
7.567
7.639
7.199
7.480
7.413
7.907
7.800
7.797
7.381
10.062
7.321
7.512
7.382
7.946
7.320
7.872
7.601
7.600
8.774
7.480
7.135
7.645
7.513
7.435
8.008
7.539
7.525
7.681
7.559
11.452
7.872
8.664
7.411
7.783
7.328
7.490
10.589
7.104
7.911
7.380
7.860
7.643
7.818
7.313
7.636
7.626
9.961
7.214
6.813
7.283
17.980
7.755
7.610
7.299
7.882
7.325
7.211
7.653
7.843
7.048
7.910
14.448
16.084
7.262
7.377
8.078
7.975
7.690
7.999
7.515
7.849
7.964
7.744
9.095
7.949
7.550
7.317
7.604
7.934
7.584
7.039
7.106
7.141
9.474
7.616
7.701
7.156
7.657
7.021
7.325
6.347
6.527
6.966
6.570
8.364
6.487
6.641
6.466
7.313
6.291
6.518
6.848
6.616
7.075
6.772
6.884
6.625
6.505
7.313
6.823
6.360
6.797
6.873
6.384
6.482
6.683
6.485
7.831
6.815
6.485
7.434
8.095
6.744
6.552
6.904
6.769
6.369
6.899
6.706
6.554
7.337
6.578
6.508
6.647
6.848
6.681
6.762
6.657
10.025
6.424
6.350
6.459
6.578
7.171
7.471
7.009
6.629
6.559
6.471
6.719
6.440
6.603
6.382
7.045
6.794
6.415
6.605
6.659
6.490
6.523
8.091
6.615
6.667
6.492
6.752
6.437
8.030
6.521
6.874
6.351
6.810
6.599
6.538
6.331
7.397
6.585
7.070
6.477
6.666
6.843
6.574
6.265
6.050
6.760
6.062
6.550
6.738
7.088
7.059
6.347
6.147
6.445
6.307
6.105
6.393
6.653
6.457
9.402
7.000
6.304
7.199
6.144
6.328
6.237
5.909
6.058
6.083
6.189
6.005
6.610
6.339
6.347
6.727
6.407
6.081
6.502
6.325
6.037
6.900
6.546
7.569
6.095
6.537
7.033
6.352
6.121
6.320
6.054
6.606
6.434
6.052
6.025
10.775
7.059
6.077
6.400
6.255
10.386
6.076
6.305
6.706
6.057
6.095
6.039
7.870
6.489
6.729
6.744
5.937
5.947
6.134
6.077
6.842
6.049
7.788
6.201
6.130
6.445
6.282
6.121
6.182
6.342
6.597
6.278
5.744
6.199
6.564
9.559
5.964
6.946
5.939
6.636
6.362
6.156
6.816
6.843
6.100
6.001
6.147
6.124
6.549
5.978
6.186
5.999
6.029
5.952
6.092
6.244
6.231
6.093
6.012
6.951
6.015
6.039
5.944
6.114
6.076
6.034
5.937
5.969
6.057
6.073
6.021
6.020
6.036
6.086
9.217
5.936
6.711
6.399
7.786
5.991
5.983
5.956
6.058
6.056
6.044
8.262
5.999
7.018
5.990
8.098
7.010
6.017
6.015
6.005
6.481
6.100
6.542
6.179
6.428
5.965
7.919
6.061
6.023
5.977
6.039
5.999
6.619
6.020
6.044
5.956
6.005
5.979
5.959
6.017
6.243
7.537
6.049
6.076
6.443
6.639
6.074
6.555
6.075
6.057
6.062
6.305
6.060
6.060
6.955
6.014
6.040
6.444
6.004
6.145
6.091
5.950
6.202
6.168
5.941
9.180
5.943
6.348
6.254
6.180
5.941
8.496
6.470
6.186
5.981
6.001
5.913
6.529
6.025
6.071
8.685
6.034
6.086
5.770
5.928
6.301
6.014
6.740
6.073
6.049
6.187
6.548
5.946
5.864
6.252
5.946
6.315
6.220
6.204
5.911
6.292
7.190
6.109
6.247
5.925
6.052
6.571
6.771
6.081
6.034
5.922
5.949
6.112
6.353
6.026
6.196
6.341
6.089
6.091
6.651
6.025
6.117
6.202
6.332
6.148
5.958
6.097
6.461
6.067
6.644
6.175
5.897
5.889
6.224
6.228
9.253
5.943
6.584
6.144
6.289
6.752
6.928
5.831
6.063
6.163
6.099
5.499
5.717
5.901
5.664
5.953
6.203
6.562
6.984
17.959
6.048
6.324
5.756
5.968
7.697
5.649
5.693
6.303
6.628
6.354
6.274
6.402
5.786
6.610
5.498
6.279
6.056
5.961
6.065
6.011
5.520
5.241
5.720
6.217
5.507
5.650
5.690
5.606
5.861
8.048
5.678
5.425
6.083
5.911
6.032
5.409
5.758
5.400
5.526
7.554
6.139
5.918
5.297
5.050
5.874
5.299
5.549
5.372
5.313
5.163
5.523
5.435
5.774
5.021
5.663
5.576
5.195
5.528
6.236
5.253
5.249
5.041
5.991
5.505
5.541
5.599
5.749
5.114
5.121
5.645
5.413
5.296
5.502
5.230
5.037
5.253
11.613
5.064
5.159
5.456
5.251
5.231
5.207
5.775
5.515
5.221
6.101
5.023
5.440
5.235
5.135
5.303
5.240
5.788
5.014
5.028
5.181
5.034
5.058
5.034
5.067
5.152
5.210
4.961
5.087
5.288
4.974
5.629
5.225
4.814
6.527
5.198
5.097
5.027
4.971
5.104
5.291
5.841
4.900
5.291
5.232
5.173
4.913
4.979
5.552
5.016
5.779
5.616
5.030
5.231
6.280
5.771
5.221
5.863
5.531
5.144
5.822
5.069
5.184
5.058
5.093
5.199
5.017
5.087
5.305
4.999
5.376
4.795
5.046
4.712
4.751
5.612
5.206
5.114
4.946
6.358
5.104
5.108
4.907
4.741
6.789
5.096
4.977
5.007
5.389
5.230
5.381
4.891
4.726
4.977
5.080
4.741
5.444
5.312
6.102
4.732
5.049
5.507
4.963
5.082
4.585
6.224
6.835
5.085
4.916
4.927
5.074
4.748
4.953
4.613
6.002
4.793
4.474
6.028
6.538
5.338
5.037
4.993
4.723
4.898
5.078
5.890
4.952
4.710
4.777
5.282
4.624
5.409
5.749
5.041
5.439
4.766
4.791
4.894
4.878
4.573
5.017
4.708
5.111
4.622
4.478
4.689
5.283
4.479
4.747
5.019
5.107
6.992
4.725
5.093
9.623
5.460
4.837
5.672
4.648
4.693
5.109
4.549
4.817
4.690
5.624
4.566
4.840
4.774
10.043
4.482
4.880
4.549
5.515
5.410
4.584
4.589
4.267
4.790
4.826
4.486
5.245
4.235
9.432
5.343
4.946
4.462
4.437
4.793
4.630
4.681
4.293
5.123
4.285
5.727
4.663
4.232
5.890
4.370
4.263
4.681
4.151
4.202
4.586
4.461
4.024
4.514
4.752
16.829
4.176
4.486
5.036
4.232
4.351
4.698
4.416
4.146
20.618
4.318
3.837
4.658
4.543
4.236
3.926
4.362
4.324
4.590
4.358
4.968
4.204
4.304
4.157
4.297
4.839
4.413
4.361
4.347
4.434
4.163
4.438
4.798
4.875
4.547
4.211
4.400
4.359
7.637
5.305
4.384
4.432
4.519
4.036
4.308
4.408
4.255
4.134
4.316
4.427
4.109
4.585
4.296
4.707
4.393
4.664
4.431
4.436
4.641
4.020
4.425
4.445
4.338
4.174
4.059
4.136
4.136
4.141
4.073
4.600
4.459
4.262
4.181
4.824
7.536
4.475
4.267
3.804
4.083
4.288
3.958
4.904
4.661
4.337
4.124
3.792
4.965
4.344
4.286
4.561
4.208
5.233
4.098
4.183
4.141
3.805
4.159
4.148
4.302
4.054
4.007
4.135
3.831
4.135
4.098
4.052
4.002
3.931
4.233
3.923
4.479
4.115
4.023
4.142
3.868
4.015
4.383
4.424
4.055
4.171
3.960
4.170
4.033
4.384
4.215
4.136
3.648
4.625
3.995
9.058
3.775
3.793
4.114
4.444
4.110
3.736
4.014
3.720
3.716
5.288
4.541
4.057
3.706
3.809
3.742
3.979
3.964
3.808
3.881
4.008
3.857
3.882
3.594
3.816
4.065
3.852
3.690
4.066
3.787
3.709
4.023
3.873
3.966
3.750
4.147
3.725
3.855
3.955
3.843
3.933
3.796
3.741
4.056
3.907
3.811
4.156
14.117
3.747
3.650
3.537
3.673
3.490
3.528
3.888
3.713
3.693
3.472
3.877
3.459
3.458
3.739
3.523
3.570
3.945
3.542
3.445
9.313
3.490
4.244
3.252
3.665
3.346
3.394
3.568
21.341
3.406
3.428
3.588
3.653
3.434
3.625
3.478
4.611
3.494
3.341
3.368
3.569
4.012
3.446
3.334
3.489
3.498
3.746
3.496
3.524
12.164
3.330
3.345
3.573
4.217
9.063
3.576
3.407
3.523
3.559
3.592
4.462
3.420
4.091
3.322
3.641
3.759
3.402
3.373
3.296
3.304
3.340
3.495
3.295
3.375
3.346
3.389
3.578
3.696
3.096
3.086
3.346
3.377
3.394
3.283
3.321
3.288
3.492
3.318
3.278
3.350
4.087
3.314
3.350
3.271
3.427
3.462
3.327
3.404
3.370
3.401
3.353
3.323
3.390
4.103
3.346
3.335
3.358
4.763
3.308
3.944
3.492
3.175
3.382
3.612
3.397
3.256
3.071
3.240
3.383
3.519
3.329
3.502
3.327
3.373
3.190
3.161
3.162
3.609
3.346
3.308
3.272
3.255
3.597
3.574
3.293
3.448
3.267
3.229
3.384
4.551
3.632
3.395
3.388
3.231
3.240
3.434
3.409
3.335
3.251
3.285
3.276
3.120
3.101
3.142
3.209
3.297
3.146
3.431
3.359
2.982
2.939
3.254
3.156
3.184
3.081
3.342
2.857
2.836
3.112
3.288
3.013
3.043
3.414
2.990
3.103
3.033
3.092
3.048
2.747
3.012
3.763
3.040
2.691
2.926
3.153
3.044
2.872
5.066
2.990
3.324
3.099
3.355
2.807
4.630
2.772
2.844
2.774
3.265
2.706
3.796
2.724
2.982
3.164
2.875
2.705
3.442
2.787
2.675
3.187
2.650
2.687
3.258
2.846
2.885
2.692
2.828
2.804
3.217
2.734
2.960
2.653
2.663
2.946
2.962
3.046
2.728
3.042
2.710
2.714
2.684
2.718
3.091
3.122
2.689
2.647
2.695
2.769
3.124
2.743
3.171
2.700
4.501
2.826
2.708
2.651
6.000
2.686
2.897
2.617
2.674
2.736
2.812
2.703
2.751
2.881
2.734
2.736
2.773
2.595
3.234
2.709
2.677
2.771
2.779
2.618
2.924
2.857
2.643
2.712
2.653
2.595
2.661
2.677
2.593
2.663
2.700
2.685
5.776
2.732
2.600
2.899
2.763
2.629
2.679
2.737
2.824
2.581
2.739
2.691
2.593
2.611
2.938
2.875
2.689
2.822
2.834
2.575
2.995
2.660
5.913
2.720
2.674
2.706
2.649
2.676
2.595
2.782
2.839
2.654
2.883
2.754
2.625
2.760
2.840
2.582
2.761
2.797
2.760
2.689
2.694
2.639
2.620
2.744
2.618
2.663
2.623
2.700
2.861
2.574
2.987
2.812
2.723
2.865
2.575
2.582
2.783
2.582
2.626
2.597
2.664
2.591
2.847
2.579
2.992
2.550
2.591
2.642
2.630
5.446
4.228
3.510
2.550
3.604
2.558
2.636
2.579
2.887
4.613
2.584
2.545
2.724
2.612
2.562
2.576
2.743
2.797
2.590
2.680
2.550
2.578
2.586
2.638
2.576
2.617
2.586
2.574
2.550
2.574
2.636
2.548
2.562
2.571
2.580
2.667
2.562
2.572
2.597
2.588
2.545
2.668
4.071
2.568
3.688
2.574
2.567
2.550
2.579
2.555
2.531
2.593
6.376
2.572
2.571
2.577
2.726
2.538
2.575
2.651
2.568
3.783
2.653
2.587
2.601
2.762
2.668
2.636
14.094
2.627
2.641
2.630
2.589
2.798
2.565
2.581
2.521
2.565
3.489
2.924
2.557
2.616
2.550
3.217
2.571
2.576
2.593
2.625
2.578
2.553
2.565
3.078
2.568
2.556
2.732
2.572
2.658
2.620
2.562
2.551
2.590
2.558
2.611
2.567
2.679
2.570
2.597
2.582
2.581
3.387
9.916
2.591
2.671
2.763
2.640
2.557
2.573
2.554
2.701
2.538
2.562
2.586
2.575
2.605
2.586
2.593
2.593
2.589
2.608
2.629
2.582
2.614
2.573
2.619
2.587
2.587
2.592
2.571
2.574
2.582
2.602
2.717
2.574
2.678
2.581
2.562
2.618
2.571
2.820
2.607
2.582
2.584
2.549
2.617
2.639
2.568
2.578
2.618
2.669
2.567
2.629
2.653
2.851
2.610
3.298
2.631
2.589
2.628
2.727
2.581
2.595
2.569
2.779
3.024
2.827
2.598
2.564
2.632
2.577
2.581
2.663
2.658
2.634
2.578
2.582
2.574
2.598
2.558
2.726
2.638
2.567
2.571
2.574
2.561
2.568
2.713
2.586
2.580
2.563
2.558
8.418
2.569
2.555
2.557
2.559
2.885
2.563
2.669
2.536
2.536
2.561
2.564
2.619
2.572
2.807
2.609
2.572
2.687
2.565
2.582
2.575
2.599
2.562
2.570
2.596
2.581
2.562
2.587
2.559
2.611
2.991
2.557
2.576
2.593
2.567
2.569
2.529
2.555
2.527
2.505
3.850
2.616
2.554
2.553
2.583
2.557
2.576
2.528
2.563
2.569
2.592
2.565
2.562
2.571
2.578
2.566
2.837
2.603
2.580
2.561
2.534
3.157
2.604
2.753
2.562
2.590
3.202
2.551
2.686
4.193
2.608
2.560
2.568
2.589
2.542
2.555
2.544
2.584
2.556
2.590
2.562
2.638
2.623
2.581
2.616
2.648
2.588
2.587
2.612
2.517
2.535
2.527
3.567
2.663
2.580
2.797
2.922
2.560
2.670
2.592
3.268
2.624
2.632
2.561
2.674
10.737
2.581
2.612
2.547
2.757
2.609
2.621
2.631
2.539
2.744
2.546
2.724
2.592
2.572
2.492
2.733
2.565
3.111
2.632
2.597
2.613
2.671
2.564
2.865
2.754
2.640
2.531
2.646
2.653
2.539
2.563
2.690
2.819
2.680
2.554
2.594
3.002
2.587
12.661
2.528
2.559
2.770
2.571
2.614
2.633
2.552
2.721
2.563
2.574
2.469
2.876
3.487
2.767
2.603
2.659
2.583
2.571
2.534
2.829
2.561
2.556
2.600
2.517
2.699
2.715
2.769
2.562
2.641
2.555
2.506
2.725
2.809
2.640
2.618
2.723
2.588
2.827
2.581
2.539
2.604
2.569
2.540
2.610
2.669
2.747
2.736
2.558
2.611
2.690
2.662
2.668
2.635
2.620
2.509
4.353
2.670
2.775
2.583
2.591
2.595
2.382
2.581
2.544
2.609
2.704
2.580
2.752
3.678
2.376
2.533
2.531
2.549
2.548
3.547
2.586
2.622
2.566
2.572
2.505
2.557
2.503
2.514
2.591
2.672
2.553
2.636
2.417
2.552
2.626
2.595
2.413
2.533
2.547
2.350
3.411
2.686
2.596
2.417
2.360
2.648
2.399
2.579
2.382
2.735
2.657
2.445
2.389
2.413
2.442
3.666
2.420
2.434
2.465
2.488
2.431
2.410
2.421
2.380
2.401
2.349
2.423
3.074
2.355
2.417
2.370
2.442
2.465
2.421
2.354
2.403
3.205
3.480
2.438
2.894
2.458
2.405
2.426
2.642
2.420
2.360
2.413
2.416
2.410
2.365
2.446
2.381
2.495
2.658
2.408
2.399
2.429
2.363
2.763
2.351
2.421
2.331
2.401
2.392
4.483
2.401
2.422
2.370
2.358
2.469
2.431
2.410
2.414
2.354
2.409
2.379
6.391
2.480
2.390
2.422
2.498
2.406
4.665
2.400
2.439
2.400
2.426
2.450
2.373
2.439
2.399
2.401
2.387
2.398
2.362
2.443
3.766
2.447
2.439
2.410
2.411
2.389
2.783
2.413
2.425
2.398
2.419
2.419
2.408
2.362
2.393
2.411
2.367
2.406
2.393
2.354
2.398
2.406
2.478
2.533
2.408
2.375
2.384
2.417
3.272
2.467
2.403
2.372
2.373
2.265
2.607
2.156
2.384
2.351
2.394
2.398
2.383
2.420
2.347
2.343
2.534
2.416
2.404
2.398
2.355
2.363
2.398
2.434
2.587
2.349
2.378
2.371
2.602
3.601
2.257
3.071
2.412
2.481
2.256
2.443
2.449
2.445
2.384
2.505
2.434
2.406
2.414
2.498
2.339
2.727
2.537
2.460
2.373
5.517
2.490
2.381
2.350
2.396
2.694
2.470
2.402
2.362
2.372
2.304
2.352
2.349
2.366
2.339
2.441
2.417
2.393
2.380
2.389
2.396
2.437
2.364
2.398
2.387
2.354
2.411
2.346
2.390
2.430
2.345
2.364
2.377
2.343
2.355
2.403
2.483
2.364
2.433
2.391
2.488
2.590
2.423
2.379
2.347
2.316
2.335
2.319
5.451
2.643
2.415
2.375
2.516
2.484
2.386
2.360
2.367
2.384
2.336
2.388
2.438
2.421
2.353
2.680
2.428
2.403
2.347
2.359
2.360
2.454
2.346
2.353
2.374
2.490
2.472
2.380
2.353
2.300
2.391
2.471
2.353
2.562
2.361
2.380
2.482
2.370
2.501
2.380
5.270
2.354
2.333
2.471
2.393
2.386
2.364
2.368
2.328
2.345
2.340
2.364
3.286
2.353
2.395
2.495
2.352
2.348
2.351
2.387
2.353
2.352
2.389
2.330
2.376
2.366
2.260
2.315
2.318
2.360
2.331
2.698
2.351
2.397
2.319
2.370
2.442
2.352
2.347
2.336
2.322
2.325
2.384
2.437
2.746
2.357
2.325
2.367
2.348
2.328
2.348
3.299
2.355
2.344
2.347
2.395
2.351
2.325
2.386
2.343
2.356
2.374
2.344
2.359
2.348
2.346
2.378
2.348
2.367
2.351
2.351
2.350
2.323
2.320
2.514
2.332
2.340
2.379
2.344
2.409
2.344
2.366
2.344
2.416
2.344
2.344
2.344
2.313
2.342
2.361
2.340
2.564
2.362
2.336
2.344
2.332
2.364
2.343
2.460
2.334
2.372
2.356
17.235
2.393
2.900
2.344
2.469
2.458
2.321
2.374
2.409
2.303
2.362
2.417
2.346
2.380
2.383
2.369
2.416
2.328
2.311
2.275
2.324
2.330
2.365
2.348
2.377
7.161
2.602
2.337
2.415
2.330
2.618
2.337
2.342
7.304
2.351
3.720
2.339
2.296
2.331
2.372
2.335
2.473
2.694
2.258
2.305
2.342
2.360
2.704
2.353
2.285
2.451
2.374
2.280
2.372
2.420
2.384
2.289
2.474
2.369
2.392
2.293
2.365
2.319
2.371
2.344
2.332
2.325
2.313
2.351
2.320
2.472
2.262
2.362
2.486
2.424
2.456
2.571
2.319
2.441
2.338
2.351
2.804
2.338
2.387
2.333
2.367
2.313
2.303
2.360
2.295
2.513
2.377
2.331
2.306
2.401
2.418
2.464
2.434
2.412
2.351
2.338
2.291
2.333
2.511
2.246
2.313
2.280
2.340
2.323
2.320
2.212
2.310
2.780
2.337
2.345
2.355
2.346
2.337
2.328
2.298
2.371
2.510
2.382
2.360
2.322
2.857
4.864
2.345
4.734
2.359
2.326
2.370
3.156
2.347
2.361
2.283
2.362
2.322
2.367
2.383
2.280
2.500
2.346
2.302
2.398
2.730
2.295
2.307
2.462
2.233
2.452
2.354
2.304
2.669
2.703
2.371
2.412
2.663
2.357
2.420
3.186
2.641
2.372
2.478
2.287
2.785
2.439
2.296
2.342
2.407
2.283
2.361
2.287
2.387
2.329
2.301
2.327
2.396
2.294
2.332
2.377
2.394
2.257
2.478
2.826
2.276
2.351
2.293
2.387
2.436
21.060
2.593
2.327
2.389
2.418
2.320
2.272
2.274
2.355
2.277
2.319
2.288
2.355
2.289
2.298
2.306
2.514
2.314
2.446
2.329
2.569
2.490
2.804
2.395
2.403
2.302
2.195
2.375
2.362
2.494
2.381
2.259
2.306
2.316
2.395
2.297
2.285
2.294
2.353
2.408
2.339
2.364
3.533
2.282
2.443
2.302
2.362
2.444
2.301
2.320
2.498
2.257
2.330
2.357
2.401
2.397
2.402
2.355
2.351
2.381
2.471
2.430
2.321
2.490
2.287
2.275
2.270
2.267
2.342
2.288
2.279
2.289
2.275
2.498
2.403
2.365
3.592
2.420
2.576
2.285
2.727
2.262
2.682
2.301
2.249
2.314
2.278
2.286
2.420
2.515
4.323
2.297
2.504
2.394
2.319
2.343
2.287
2.278
2.257
2.289
2.406
2.276
2.382
2.262
2.404
2.305
2.311
2.406
2.348
2.355
2.270
2.313
2.317
2.335
2.550
2.369
2.312
2.318
2.354
2.221
2.464
2.397
2.396
2.444
2.294
2.252
2.290
2.323
3.642
2.397
2.483
2.272
2.205
2.483
2.304
2.316
2.499
2.280
2.241
2.274
2.318
2.248
2.811
2.570
2.263
2.328
2.276
2.294
2.300
2.291
2.246
2.284
2.343
2.281
2.259
5.391
2.275
2.269
2.336
2.351
2.467
2.537
2.304
2.275
2.317
2.254
2.275
2.279
2.269
2.198
2.338
2.270
2.269
2.298
2.227
2.105
2.356
2.354
2.340
2.475
2.204
2.315
2.290
2.317
2.219
2.325
2.279
2.292
2.521
2.262
2.262
2.281
2.333
2.263
2.202
2.271
2.291
2.287
2.317
2.273
2.264
2.245
2.302
2.254
2.241
2.750
2.212
2.263
2.367
2.338
2.300
3.281
2.213
2.187
2.295
6.968
2.359
2.232
2.292
2.278
2.737
2.388
2.382
2.522
2.598
2.404
2.379
2.346
2.320
2.353
2.809
2.601
2.646
2.270
2.435
2.408
2.347
2.214
2.342
2.454
2.732
2.337
3.442
2.166
2.608
2.411
2.509
2.644
2.264
2.541
10.410
2.566
2.729
2.674
2.306
2.198
2.130
2.269
2.258
2.267
2.248
2.399
2.135
2.341
2.138
2.233
2.308
2.376
2.274
2.138
5.591
4.473
2.274
2.362
2.252
2.136
2.174
2.401
2.216
2.293
2.138
2.207
2.126
2.151
6.227
2.113
2.123
2.578
2.153
2.207
2.110
2.168
2.171
2.101
2.360
2.284
2.201
2.204
2.298
2.166
2.222
2.163
2.091
2.291
2.200
2.275
2.197
2.358
2.339
2.274
2.156
2.183
2.228
2.253
2.225
2.334
2.117
2.648
2.132
2.501
2.136
2.180
2.190
2.159
2.189
2.346
2.181
2.391
2.553
2.264
2.295
2.275
2.253
2.445
2.231
2.168
2.123
2.142
2.223
2.673
2.134
2.106
20.673
2.121
2.275
2.085
2.093
2.218
2.158
2.159
2.138
2.145
2.165
2.161
2.068
2.163
3.414
2.214
2.094
2.159
2.948
2.124
2.102
2.164
2.125
2.392
2.225
2.153
2.198
2.256
2.235
2.120
2.109
2.119
2.326
2.123
2.089
2.159
2.149
2.088
2.310
2.111
2.152
2.042
2.120
2.434
2.620
2.119
2.300
2.104
2.108
2.103
2.156
1.999
2.113
2.127
2.218
2.125
2.122
2.121
2.115
2.088
2.157
2.647
2.078
2.097
2.121
2.148
2.426
2.254
2.835
2.105
2.105
2.087
2.404
2.131
2.082
2.159
2.196
2.072
2.135
2.080
2.128
2.164
2.094
2.171
2.120
2.068
2.249
2.120
2.109
2.129
2.223
2.105
2.082
2.218
2.122
2.135
3.272
2.085
2.109
2.169
2.805
2.054
2.088
10.724
2.099
2.123
2.125
2.089
2.131
2.090
2.260
2.099
2.157
2.129
2.075
2.119
2.196
2.112
2.113
2.105
2.197
2.165
2.139
2.100
2.109
2.095
2.109
2.074
2.398
2.050
2.181
2.073
2.071
2.077
2.138
2.081
10.813
2.145
2.106
2.089
4.283
2.114
2.165
2.107
2.116
2.113
2.121
2.313
2.077
2.140
2.108
2.123
2.122
2.105
7.191
2.116
2.120
2.109
2.116
2.133
2.165
2.282
2.043
2.132
2.081
2.132
2.408
2.221
12.293
2.106
2.112
2.197
2.144
2.065
2.091
2.066
2.086
2.102
2.030
2.155
2.086
2.303
2.030
2.139
2.030
2.283
2.068
2.080
2.067
2.079
2.090
2.083
2.082
23.484
2.081
2.079
2.582
2.102
2.105
2.093
2.374
2.048
2.094
2.085
2.398
2.142
2.085
2.091
2.170
2.100
2.063
2.165
2.066
7.977
2.111
2.076
2.063
5.494
2.084
2.066
2.251
2.068
2.107
2.084
2.585
2.222
2.183
2.270
2.107
2.515
2.102
2.106
2.046
2.188
10.165
2.093
2.086
2.107
2.121
2.040
2.265
2.136
2.190
2.094
2.074
2.062
2.066
2.218
2.083
2.084
2.132
2.016
2.043
2.093
2.173
2.100
2.106
2.069
2.070
2.006
2.085
2.064
2.046
2.010
2.036
2.050
2.027
2.084
2.041
2.042
2.168
2.071
2.029
2.067
2.047
2.066
2.051
2.093
2.098
2.153
5.045
2.087
2.054
2.081
2.858
2.095
2.114
2.046
2.054
2.153
2.085
2.157
2.096
2.062
2.110
2.139
1.964
2.056
2.065
2.074
2.093
2.101
2.047
2.113
2.042
2.102
2.193
2.052
2.105
2.130
2.507
2.071
1.945
2.175
2.077
2.049
2.139
2.073
2.076
2.056
2.047
2.215
2.074
2.058
2.058
2.053
2.083
2.277
2.057
2.042
4.373
2.077
1.997
1.961
2.092
2.068
2.055
2.060
2.086
2.055
2.079
2.053
2.056
2.190
2.063
2.057
2.080
2.261
1.959
1.954
2.079
1.958
2.078
1.968
1.963
1.961
2.020
2.201
2.312
2.032
2.070
1.959
1.958
2.057
2.051
1.968
2.669
1.931
24.125
1.962
2.081
2.054
2.065
1.966
1.968
1.930
2.081
2.047
2.044
2.059
2.076
1.956
2.066
2.066
1.989
2.058
1.958
2.059
2.076
2.062
2.059
2.074
2.090
2.643
2.057
2.053
1.969
1.950
2.076
1.986
1.935
2.177
1.947
2.438
2.054
1.967
1.953
2.015
1.965
1.920
2.029
1.960
1.955
2.020
1.920
1.961
2.016
2.070
1.959
1.949
2.022
1.934
1.985
1.935
1.963
2.176
1.988
2.057
2.008
1.926
2.037
1.957
1.932
2.010
2.490
1.948
2.003
1.951
1.937
1.923
1.985
1.962
1.933
27.567
1.985
1.934
1.962
1.952
2.134
1.897
1.972
2.304
1.926
1.997
1.954
1.960
1.958
2.022
2.070
1.958
2.170
2.024
2.016
1.969
1.948
1.980
1.958
2.115
2.209
1.993
2.016
2.025
1.999
1.952
1.954
1.963
1.965
2.010
1.954
1.951
1.953
1.951
2.088
1.953
2.018
2.063
1.979
1.986
1.952
2.002
1.958
1.956
1.965
2.225
1.986
1.944
1.949
1.996
1.957
1.958
1.999
2.026
1.988
1.958
1.956
2.053
1.949
2.376
1.969
1.951
1.961
1.955
1.950
1.953
11.851
2.090
2.078
1.970
3.538
1.952
1.960
1.949
1.965
1.955
2.013
1.952
2.103
1.957
1.958
1.971
2.011
1.978
1.962
24.576
1.961
1.957
1.949
1.960
2.003
1.956
1.967
1.959
1.959
1.965
1.959
8.927
2.188
1.935
1.964
1.961
1.954
1.968
1.966
2.038
1.958
1.930
1.958
1.960
1.956
2.004
1.999
1.973
1.956
1.964
1.962
1.948
2.427
1.959
2.069
1.956
1.994
2.075
1.967
1.965
1.998
1.974
1.956
1.957
1.988
2.001
1.941
1.955
1.958
1.952
1.957
2.036
2.103
1.960
1.959
1.960
1.972
1.957
1.954
2.011
2.074
2.069
2.016
1.952
1.953
1.990
1.971
1.913
2.181
1.957
1.961
1.956
1.962
1.961
1.994
1.969
1.957
2.032
1.963
1.954
3.112
1.955
1.969
2.184
1.953
1.958
1.949
1.955
1.965
1.953
1.956
1.947
1.953
1.950
2.317
1.956
1.952
1.963
1.953
1.956
1.989
1.937
1.954
1.959
1.958
9.465
1.954
1.956
1.962
1.954
1.958
1.944
1.962
2.011
1.985
2.043
6.903
1.937
1.971
2.026
1.950
2.614
1.953
2.131
1.956
1.957
1.925
2.001
2.006
2.005
1.937
1.939
1.944
1.957
1.970
8.585
1.990
1.963
1.937
1.925
2.010
24.459
1.940
1.973
1.931
1.929
24.501
1.957
1.959
1.955
1.930
1.961
1.939
1.943
1.945
1.940
1.945
1.938
1.955
2.007
1.988
1.925
2.153
1.960

Results for GA
Target: Iris-versicolor: 
Correctly classified 147.0 instances.
Incorrectly classified 3.0 instances.
Percent correctly classified: 98.000%
Training time: 431.444 seconds
Testing time: 0.004 seconds

