-i 5000 -algo ga -tomate 50 
Iterations: 5000
toMate: 50.0

Error results for GA
Target: Iris-versicolor
---------------------------
16.930
22.383
17.916
17.450
19.716
16.773
17.988
18.780
19.587
16.267
18.593
19.365
20.243
30.133
16.956
19.703
17.376
15.770
16.468
18.058
16.275
17.048
18.357
18.011
21.432
24.166
17.901
18.067
22.908
20.357
17.721
19.564
16.520
16.710
15.338
16.956
18.336
18.415
16.002
16.121
15.867
27.409
18.292
16.669
18.352
15.223
15.784
18.794
18.146
19.230
15.854
16.968
19.678
16.167
18.171
15.017
19.240
16.324
18.082
17.651
16.094
16.637
15.920
19.951
15.792
19.347
15.137
15.713
21.439
17.635
18.651
16.490
21.151
17.545
17.336
17.338
20.604
18.585
17.110
16.692
15.710
15.136
17.106
17.490
17.154
17.316
20.926
19.341
14.767
15.558
18.815
14.790
18.011
19.437
15.314
16.269
16.647
15.338
15.301
16.540
26.048
14.633
16.117
17.371
15.243
17.185
16.156
18.478
25.495
17.945
14.919
17.987
16.237
19.022
22.126
15.280
15.432
15.784
17.971
17.918
15.040
14.584
14.548
17.029
18.989
18.014
15.888
15.052
16.848
16.680
16.230
17.682
17.655
15.052
16.108
16.185
14.525
15.974
15.160
16.398
14.404
15.914
16.778
14.599
18.418
14.293
15.913
14.407
16.647
14.480
16.032
15.591
17.808
16.922
15.654
15.950
14.751
15.870
15.156
14.744
15.233
14.460
16.903
15.688
18.653
16.048
14.658
15.998
16.370
15.843
15.361
13.835
17.041
15.078
16.520
14.696
14.099
15.656
16.017
14.559
15.923
17.903
17.855
15.696
14.852
19.190
15.324
15.754
13.831
15.458
16.022
15.259
17.846
15.533
15.482
15.540
14.161
16.765
14.652
15.322
15.274
15.762
16.887
15.638
14.933
14.707
17.150
14.870
18.112
16.308
14.734
18.166
15.258
15.114
15.675
17.073
18.479
15.146
16.453
14.116
15.323
15.829
15.141
14.137
17.389
14.665
15.515
15.047
14.423
15.267
16.131
16.073
16.627
15.357
15.967
13.376
15.415
15.427
15.272
15.872
14.700
15.402
16.829
13.684
15.253
14.655
15.770
15.054
13.332
16.420
17.497
17.135
14.559
14.546
15.259
15.477
13.992
14.976
15.621
15.390
15.431
15.646
16.090
14.359
13.603
13.919
18.712
16.253
14.493
14.891
13.667
16.655
15.332
14.005
17.138
15.653
14.233
14.268
14.429
14.874
13.721
14.892
14.581
14.198
14.212
14.415
16.060
14.734
15.888
14.543
14.915
17.161
14.456
14.302
14.594
15.020
14.351
13.851
15.238
14.365
13.673
17.683
14.614
14.902
14.253
13.765
15.051
17.149
13.866
14.109
14.501
14.772
13.693
13.970
14.296
15.001
14.216
17.750
16.530
16.014
15.247
13.610
15.535
14.891
16.920
14.985
15.765
14.380
15.566
14.868
14.548
15.368
14.357
15.373
14.945
15.187
13.906
16.402
13.951
13.652
14.728
15.241
13.896
14.346
15.912
15.719
15.126
13.360
13.727
14.638
14.009
14.155
13.907
13.742
14.367
14.489
14.251
13.883
13.936
14.408
13.988
14.000
14.817
15.104
14.370
14.645
15.366
15.738
14.912
14.340
14.291
13.740
13.595
15.094
14.087
13.987
14.808
14.188
13.951
14.346
13.197
14.302
13.849
14.882
13.681
13.872
14.025
12.847
13.872
13.812
14.698
14.092
13.875
14.299
13.611
13.271
13.708
13.499
13.988
14.257
13.972
13.632
13.723
14.046
15.788
13.874
12.939
13.557
13.800
13.737
13.980
16.802
14.510
13.964
14.016
15.378
13.868
13.727
13.698
14.341
14.265
13.201
13.921
16.232
13.866
15.133
16.870
13.482
13.465
13.348
17.177
13.759
14.883
13.832
15.758
13.776
13.285
14.183
14.635
15.228
13.603
13.966
13.878
15.201
14.885
13.794
13.432
13.738
13.725
14.680
14.164
14.279
15.692
14.376
13.788
13.440
13.341
14.153
15.479
14.653
13.673
12.964
13.540
13.198
14.495
14.179
13.749
13.881
13.855
13.950
15.214
13.200
13.990
13.259
13.776
13.955
14.928
13.588
14.399
15.869
13.473
14.642
13.250
14.358
15.064
13.698
13.962
13.831
13.244
13.590
13.516
15.857
14.292
16.280
13.329
14.485
13.600
13.518
13.244
13.906
13.795
13.328
13.115
14.614
13.700
13.834
13.374
14.049
13.405
13.193
15.237
14.016
14.702
14.015
13.876
14.193
14.409
14.054
13.489
14.502
13.300
14.857
14.112
13.915
14.502
14.041
14.193
13.738
13.447
14.338
13.269
13.983
13.532
13.621
13.475
13.172
14.362
13.870
13.608
14.456
15.949
16.052
13.689
14.276
13.807
12.913
14.189
13.551
14.029
13.408
13.347
13.888
13.236
12.333
15.661
14.355
13.953
14.354
15.309
14.399
13.610
13.498
13.798
14.562
13.328
13.414
14.033
13.100
13.952
14.166
13.915
13.199
13.915
13.257
14.705
13.566
13.458
13.450
13.923
13.383
13.203
15.476
17.447
13.851
13.447
13.414
13.286
12.952
13.222
15.582
13.291
14.601
13.654
13.647
13.305
14.915
13.173
13.606
13.607
13.196
15.010
14.202
12.137
12.891
14.056
13.699
12.811
12.913
15.129
12.868
13.150
13.596
14.347
14.519
13.315
15.068
12.828
13.112
13.580
13.686
13.326
14.096
13.432
13.466
14.609
13.209
13.257
13.518
12.729
13.566
14.299
13.465
15.970
14.981
15.296
13.854
12.290
16.606
12.326
12.925
12.246
14.029
13.275
13.582
13.434
13.826
12.694
13.196
17.028
12.811
13.792
13.351
13.677
14.190
13.553
14.396
12.143
12.134
12.184
14.776
12.533
14.209
13.830
13.174
13.934
15.180
13.300
16.560
14.069
13.705
13.395
13.838
15.688
12.459
13.615
12.295
12.186
13.240
13.465
14.625
13.022
13.346
16.332
12.306
11.760
14.425
11.178
13.609
13.279
15.738
14.879
12.454
15.336
15.396
14.847
13.061
13.179
15.770
12.436
12.309
12.236
13.470
11.385
13.032
14.969
14.455
12.062
13.511
12.022
13.680
13.280
15.186
12.014
13.768
13.516
11.983
12.558
13.717
11.879
12.858
13.379
11.766
16.051
12.090
12.184
11.411
13.118
12.422
12.136
14.253
11.190
11.106
12.022
13.976
11.676
13.878
10.897
11.430
11.524
11.303
11.809
12.996
13.423
11.404
12.214
13.143
11.055
11.524
12.085
10.825
11.330
11.717
11.292
11.403
13.735
10.490
11.447
10.478
13.152
14.776
11.023
11.244
10.586
11.306
11.037
11.585
11.552
10.900
11.350
10.761
11.824
12.285
11.169
11.533
10.559
11.535
11.039
12.735
11.272
11.281
10.593
11.474
10.507
11.205
11.177
10.683
11.499
11.331
10.441
10.958
11.845
10.396
10.660
12.220
14.038
11.579
10.916
11.226
10.714
12.414
11.381
11.601
12.309
11.362
12.367
11.230
11.062
10.434
11.651
12.357
10.284
11.823
10.924
11.310
11.435
10.658
10.811
10.864
11.058
10.518
10.466
10.656
10.817
10.857
11.039
10.292
11.960
10.531
10.533
10.555
11.369
10.638
10.440
11.338
10.645
10.826
10.688
10.065
10.778
10.315
10.785
11.731
10.475
10.257
10.534
10.931
10.962
10.255
9.996
9.691
10.541
10.911
11.427
10.438
10.210
10.003
10.882
11.862
10.474
10.463
9.322
10.732
10.840
11.260
10.714
10.243
10.465
11.416
10.177
11.344
10.671
9.616
10.323
10.779
10.546
9.235
10.220
10.548
10.235
10.243
10.756
10.071
10.665
10.396
10.473
10.624
10.486
10.281
10.311
10.626
10.534
10.303
11.385
10.140
10.572
10.969
9.582
10.519
10.267
9.025
10.708
10.731
9.939
10.829
9.747
10.872
10.239
10.630
9.444
11.185
10.142
10.372
9.385
10.478
10.384
8.759
11.864
9.393
8.875
10.753
10.863
11.612
9.967
9.680
10.192
9.443
10.116
9.296
10.296
8.755
12.482
11.107
10.188
9.568
9.138
8.479
8.645
10.318
8.898
10.292
9.328
9.154
9.792
9.462
8.823
9.542
8.747
8.866
13.171
8.858
10.755
9.385
8.595
9.493
8.343
12.540
9.019
8.485
9.329
7.922
9.380
10.006
8.044
9.759
9.442
10.386
9.141
8.336
10.493
8.078
9.355
20.331
8.224
7.913
8.048
7.859
9.198
9.684
8.544
8.887
8.412
8.106
8.917
15.178
9.512
8.836
8.102
14.632
8.323
8.881
8.475
8.918
9.007
8.458
9.743
8.350
8.564
9.446
8.023
9.243
7.961
8.221
7.785
8.237
7.492
8.742
8.178
7.613
8.240
9.483
7.899
8.113
8.501
8.486
9.698
8.137
7.774
8.276
8.059
7.783
8.108
8.011
8.381
7.943
8.248
9.360
8.966
7.491
7.749
10.207
7.334
8.278
8.500
7.800
7.634
8.292
8.440
8.347
8.176
9.026
7.232
9.243
7.603
7.458
7.712
8.195
7.318
8.934
8.042
8.333
7.961
7.680
8.330
7.861
8.513
7.781
9.060
7.135
7.512
7.630
7.709
7.328
7.639
7.103
8.426
9.154
7.485
8.002
7.311
7.297
7.811
7.124
8.349
7.606
7.307
7.843
7.894
7.294
11.513
7.154
7.189
7.389
8.109
7.155
7.517
7.060
6.928
7.389
7.406
7.404
8.063
7.770
6.956
7.943
15.275
7.125
7.099
7.087
6.331
7.379
7.921
8.631
7.600
6.746
11.591
8.207
7.260
6.918
7.694
8.787
13.591
8.002
7.450
7.867
7.451
6.952
7.998
6.883
7.013
7.299
6.799
7.698
6.235
7.528
6.454
6.962
7.386
7.058
6.150
7.579
7.998
6.535
6.621
6.963
6.797
7.379
7.685
7.205
7.834
6.709
6.847
7.129
6.951
6.392
6.950
6.833
6.806
6.368
6.395
6.187
6.820
6.068
6.481
6.100
9.213
7.487
6.835
6.176
6.407
6.893
5.963
7.386
6.284
6.893
6.283
6.557
6.072
9.666
6.380
7.516
15.695
6.638
7.127
6.155
7.569
6.304
6.910
7.039
6.173
7.379
6.086
5.984
5.998
6.128
6.313
6.628
7.973
6.539
6.366
13.434
6.618
6.570
7.181
6.234
6.005
7.102
6.536
7.428
6.148
7.132
7.309
6.778
9.495
6.125
6.612
6.434
6.380
7.429
6.252
6.930
7.681
7.931
6.003
6.463
9.061
7.598
6.187
7.272
7.524
6.321
6.947
7.038
5.872
6.257
7.324
6.619
6.374
7.697
6.445
7.378
7.369
5.998
6.377
5.826
7.310
8.766
12.117
6.330
6.078
5.854
5.938
6.955
6.011
6.410
6.502
6.292
7.844
6.264
8.211
6.132
7.585
7.885
5.923
5.895
6.349
6.551
14.799
5.923
5.961
6.072
6.355
6.176
6.230
6.005
6.614
6.319
6.106
7.175
6.872
6.994
6.040
6.172
8.979
7.099
6.328
5.976
6.106
5.626
6.213
6.739
5.981
6.622
6.386
5.983
6.480
6.922
6.131
5.942
6.063
6.233
6.278
6.737
7.134
6.218
6.238
6.461
7.599
6.699
5.707
5.804
5.943
5.652
5.844
5.984
5.182
6.810
6.692
6.014
8.011
5.508
10.256
5.961
5.368
5.690
6.354
5.786
5.813
7.979
5.476
5.220
5.740
6.549
5.726
6.778
7.053
7.431
6.322
5.644
5.543
8.537
4.931
5.450
5.356
5.561
6.053
5.176
5.778
5.161
5.728
5.595
5.766
5.520
5.861
5.973
9.825
4.917
5.046
5.407
6.153
5.429
5.114
4.932
5.828
4.965
5.781
19.863
5.141
4.842
4.986
6.678
5.947
4.969
5.236
5.881
5.418
5.030
5.712
21.245
4.926
4.662
4.952
5.210
6.581
4.765
4.971
4.896
5.077
5.423
4.825
5.406
6.342
5.622
5.292
5.585
4.956
5.077
4.841
4.813
5.093
5.243
4.556
4.771
4.856
6.140
4.869
5.248
4.815
5.359
4.934
4.768
5.563
4.980
4.827
5.214
5.245
4.975
5.004
5.453
5.815
4.996
4.949
4.592
5.399
4.802
4.755
4.604
5.233
4.813
4.882
4.803
4.833
4.759
4.749
5.031
4.859
5.374
4.602
4.887
5.236
4.890
6.626
4.994
5.031
4.501
5.123
14.881
4.783
5.309
5.091
5.928
4.592
4.527
4.963
4.577
4.510
4.641
7.916
4.801
4.689
6.843
4.531
4.514
4.536
4.740
4.512
6.519
4.589
4.814
4.518
4.776
4.586
4.789
4.511
4.525
5.050
5.720
4.827
4.514
4.828
4.544
4.625
5.941
5.236
4.742
4.573
4.699
4.996
4.519
4.492
4.603
4.561
4.595
4.509
5.049
4.522
4.568
4.541
4.567
4.436
4.652
4.539
4.594
4.544
4.504
4.933
4.510
4.480
4.737
5.125
7.250
4.987
4.636
5.172
5.422
4.595
4.646
4.560
5.536
20.005
4.711
4.686
4.770
5.204
4.660
4.651
4.706
4.542
4.485
4.741
4.580
4.561
6.865
7.171
4.565
4.730
4.652
4.390
4.676
4.524
4.734
5.485
4.565
4.584
5.095
4.522
4.496
4.917
4.637
4.724
4.839
4.516
4.606
4.485
4.609
4.541
4.711
4.895
4.237
4.506
5.123
6.756
4.154
4.283
4.632
4.514
6.206
4.555
4.522
4.470
4.988
4.533
4.926
5.018
4.526
4.584
4.528
4.818
3.931
4.751
4.655
4.500
4.742
4.614
4.463
4.514
4.576
4.659
4.749
5.411
4.516
4.474
6.241
4.536
4.549
4.509
4.541
5.320
4.495
4.469
4.499
4.742
4.509
4.478
4.557
4.143
17.986
4.632
4.491
4.593
11.063
4.543
5.560
5.887
4.578
4.549
7.315
4.823
4.509
21.358
4.451
3.991
4.094
4.475
4.497
4.473
4.455
4.157
4.796
4.740
4.485
4.655
4.048
4.455
4.480
3.986
4.948
4.830
4.013
3.982
4.008
4.006
4.876
3.896
4.507
3.983
3.861
4.518
4.617
6.370
3.786
4.041
4.226
3.981
4.288
4.694
3.782
4.639
23.000
6.131
4.250
3.908
4.495
4.503
4.121
3.894
4.206
4.056
3.785
4.203
4.614
4.698
4.006
24.316
3.814
4.193
3.872
3.953
4.182
4.036
4.033
4.287
3.774
3.812
3.735
3.781
4.410
3.974
4.101
3.953
4.332
3.851
4.002
3.857
23.201
4.318
4.099
3.921
6.330
3.895
4.015
3.734
6.324
3.806
3.756
4.046
3.780
3.738
3.799
3.770
3.824
3.844
4.085
3.996
6.839
14.483
3.958
5.337
3.850
3.849
3.761
3.853
4.791
10.029
3.707
3.873
3.854
3.916
3.694
9.964
3.770
3.827
3.933
3.741
3.768
3.810
4.017
3.704
4.023
3.683
3.810
4.292
4.488
3.709
3.914
3.189
4.511
3.805
3.876
3.902
3.759
3.509
3.699
4.220
3.430
3.232
3.692
3.716
3.538
3.166
3.734
3.733
3.627
3.782
4.391
3.833
3.275
3.301
3.719
3.632
3.587
3.439
3.853
3.690
3.982
3.496
3.338
4.129
3.618
3.361
5.843
3.759
3.726
3.089
3.548
3.490
3.361
3.449
3.388
3.344
3.678
3.391
3.248
3.542
3.242
3.130
5.203
3.376
3.271
3.533
3.131
3.881
3.375
3.730
3.209
3.357
20.605
3.119
3.579
3.636
3.233
3.290
3.147
3.346
3.338
3.067
3.284
3.119
3.683
3.651
3.178
3.216
3.771
3.158
3.150
3.809
3.496
3.559
3.257
3.176
3.260
3.190
3.368
3.099
3.230
3.291
3.662
3.208
3.473
3.337
3.421
3.288
3.249
3.214
3.092
3.259
3.233
3.275
3.417
3.203
3.080
3.239
3.085
3.202
21.313
3.092
3.185
3.091
3.484
3.135
3.200
3.129
3.374
3.201
3.173
3.145
3.158
6.563
3.190
3.093
3.453
3.111
3.131
3.239
8.683
12.579
3.730
3.564
3.215
3.853
3.121
3.175
5.212
3.141
3.061
3.244
4.185
3.144
3.195
3.121
3.131
3.214
3.142
3.906
3.170
3.351
3.351
3.208
3.340
3.092
3.310
3.574
3.184
3.132
3.232
3.402
3.152
3.169
3.091
3.175
3.100
3.176
3.271
3.153
3.178
3.221
3.097
4.643
3.141
3.384
3.186
3.136
3.121
3.117
3.198
3.268
3.144
3.166
3.069
23.561
3.048
3.130
3.112
3.032
3.151
3.284
3.029
3.445
3.132
3.064
3.040
3.847
3.430
3.174
3.242
3.102
3.159
3.211
3.151
3.101
3.121
3.038
3.301
3.441
3.445
3.268
3.742
3.347
3.093
3.160
3.506
3.192
3.154
3.102
3.051
3.065
3.415
3.108
6.785
3.038
3.170
3.100
3.113
9.167
3.071
3.026
3.164
3.167
3.133
3.228
3.128
3.387
3.433
3.090
3.029
3.115
3.397
3.029
3.003
2.993
3.433
3.550
3.370
3.113
3.215
3.405
7.549
3.259
3.248
3.090
3.117
2.942
3.036
3.288
3.151
3.275
3.048
3.095
3.140
3.264
3.104
3.007
3.209
3.029
3.615
3.236
3.405
3.352
3.014
3.125
4.121
3.547
3.422
3.245
3.261
3.056
3.021
3.228
5.945
3.266
3.034
3.188
3.078
3.102
3.537
3.282
3.119
3.010
4.146
3.110
3.245
4.080
3.183
3.141
3.091
3.375
3.795
4.853
3.191
3.124
3.222
3.179
3.066
2.945
3.307
3.047
3.279
3.086
3.057
3.197
3.068
3.252
3.100
3.053
3.323
3.189
3.056
3.565
3.058
11.313
3.151
3.150
3.377
3.187
2.998
3.136
3.131
3.090
3.099
3.083
3.887
3.132
3.238
3.063
3.111
3.065
3.019
4.235
10.328
3.480
3.187
3.063
3.028
3.069
3.110
3.020
2.975
3.023
3.144
3.053
3.172
2.820
2.960
3.051
2.872
3.007
3.279
3.858
2.996
4.351
3.053
2.999
3.018
3.044
5.979
3.403
2.964
3.224
2.985
3.006
2.805
3.104
2.993
19.441
3.041
3.020
3.477
3.034
3.001
3.280
2.872
3.381
2.994
2.959
8.025
3.705
3.016
2.835
3.024
3.001
3.020
3.142
3.011
2.990
3.471
3.010
2.749
2.755
4.592
6.617
2.962
3.204
2.928
2.854
2.888
3.421
3.023
3.234
2.869
2.810
3.558
3.002
3.040
2.830
3.444
3.013
2.899
2.833
3.231
2.932
3.361
2.762
2.762
3.143
3.004
3.179
2.842
3.081
3.003
2.941
3.498
3.145
2.795
2.987
2.742
3.025
2.958
2.832
3.333
2.783
3.101
2.903
8.093
2.871
2.763
2.839
2.853
2.923
2.878
3.130
3.545
2.741
2.854
2.818
2.818
2.866
2.900
2.826
2.943
2.840
3.339
14.731
13.573
2.733
14.627
2.859
2.727
3.074
2.832
2.864
2.743
2.799
2.724
3.012
2.918
2.915
16.916
2.800
2.931
2.825
4.360
2.772
2.789
2.917
2.724
2.814
2.815
2.753
2.880
2.823
2.830
2.899
2.810
2.942
3.544
2.823
2.727
3.274
3.023
2.792
2.731
2.765
2.882
2.768
2.743
2.942
2.889
2.729
2.689
2.749
2.755
2.778
2.815
2.709
2.703
2.830
2.758
2.938
2.846
3.018
2.744
2.721
2.706
2.704
2.718
2.733
2.854
2.880
2.981
2.715
2.748
2.822
2.903
2.834
3.132
2.718
2.769
2.787
3.465
2.849
3.071
2.709
2.875
3.267
3.275
2.728
3.169
3.179
2.857
2.613
2.754
2.850
2.802
2.944
2.755
2.749
2.711
2.911
2.687
2.764
2.736
2.710
3.144
2.706
2.745
2.891
2.612
3.128
3.987
4.062
2.704
2.784
2.724
2.719
2.780
3.582
2.698
2.785
3.119
2.562
2.874
19.661
2.583
2.914
2.736
2.778
3.184
2.456
6.097
2.631
2.694
2.761
3.535
2.773
3.089
2.817
2.505
2.670
2.646
2.735
3.074
2.761
2.535
2.574
2.718
2.463
2.810
2.808
3.007
2.465
2.516
2.582
2.726
3.460
3.184
2.430
3.085
3.201
2.753
2.620
2.703
3.032
2.776
2.410
2.886
2.731
2.990
2.529
2.683
3.462
2.389
2.791
2.615
2.978
2.981
2.447
2.943
2.616
2.454
2.846
3.020
2.682
2.658
2.651
2.670
2.989
3.571
2.285
2.315
2.959
2.472
2.624
2.641
3.355
2.822
2.453
2.580
3.080
2.558
2.697
2.693
2.417
2.697
2.334
2.503
2.766
2.998
2.500
2.706
2.432
2.408
2.375
3.359
2.292
2.614
10.283
2.443
2.598
2.345
3.861
2.343
2.423
3.722
3.973
2.346
2.375
2.404
2.324
2.301
2.355
2.425
2.285
2.937
2.551
2.620
2.559
2.377
2.363
2.300
2.397
2.294
2.441
22.337
2.464
2.467
2.466
2.412
2.290
3.590
2.640
2.459
2.344
2.220
2.281
2.375
2.347
2.427
2.362
2.397
2.961
2.367
2.341
2.411
7.127
2.321
2.368
2.352
2.358
2.360
4.421
2.234
2.372
2.278
2.401
2.390
2.505
2.285
2.339
2.320
2.280
2.293
2.399
2.293
2.836
2.300
2.308
2.808
2.576
2.311
2.431
2.409
2.317
2.235
2.282
2.308
2.462
2.426
2.370
2.510
2.403
2.409
2.449
2.345
2.275
2.272
2.370
2.288
2.305
2.474
2.296
2.241
2.246
2.355
2.535
2.334
2.407
2.911
24.156
2.251
2.533
2.368
3.332
2.695
2.362
11.257
2.383
2.315
2.283
2.289
2.322
3.625
2.346
2.306
2.945
2.325
2.466
2.264
2.243
2.300
2.244
2.230
10.169
2.438
2.195
2.240
2.221
2.768
2.251
2.247
2.377
2.272
2.248
3.423
2.320
2.359
2.412
2.341
3.044
2.640
2.892
2.348
2.261
2.288
2.424
2.366
2.290
2.309
2.294
2.875
2.259
2.358
2.230
2.507
2.318
2.425
2.234
2.701
2.268
2.452
2.340
20.949
2.439
2.276
2.252
2.317
2.400
2.341
2.308
2.322
2.301
2.245
2.358
10.615
2.411
2.390
2.293
2.279
4.076
2.470
2.231
2.300
2.131
2.137
2.262
2.217
2.830
2.309
2.158
2.242
2.480
2.132
2.230
2.491
2.368
2.663
2.281
2.226
2.230
2.288
2.128
2.282
2.132
2.245
2.245
2.201
2.229
2.275
7.859
2.270
6.197
2.182
2.832
2.236
2.251
2.175
2.234
2.147
3.098
2.365
2.244
2.186
2.183
2.161
2.329
2.185
2.153
2.186
2.152
2.159
2.211
2.214
2.160
2.308
2.154
2.165
2.297
2.317
2.256
2.354
2.478
2.279
2.286
2.149
2.206
2.312
2.267
2.241
2.178
2.218
2.131
2.260
2.284
2.218
2.105
2.199
2.452
2.286
2.352
2.160
2.163
2.137
2.391
2.133
2.601
2.204
2.209
2.227
2.176
2.499
2.233
2.163
2.175
2.155
2.167
2.343
2.206
2.356
2.250
5.638
2.221
2.373
2.213
2.311
2.279
2.186
2.534
2.196
2.390
2.656
2.220
2.266
2.233
2.258
2.056
2.180
2.117
2.059
2.365
2.236
2.083
2.163
2.081
2.400
2.141
2.361
2.075
2.425
2.225
2.159
2.217
2.516
6.692
2.277
2.274
2.153
22.264
2.458
2.188
2.112
21.798
2.079
2.158
22.585
2.116
2.265
2.212
2.148
2.182
2.226
2.150
2.083
2.205
2.367
2.244
2.075
2.190
3.413
2.134
2.271
2.114
2.088
2.078
2.095
2.180
2.409
2.063
2.153
2.148
2.085
2.076
2.140
2.128
2.255
20.233
2.088
2.071
2.303
2.093
2.169
2.046
2.240
2.154
2.330
2.117
2.060
2.110
2.014
2.112
2.195
2.072
2.079
2.082
2.044
17.426
2.212
2.064
2.160
2.289
2.397
2.131
2.055
2.066
2.081
2.157
2.087
2.045
5.585
2.130
2.044
1.950
2.090
2.091
2.244
2.306
2.074
2.081
2.400
2.047
2.101
2.051
2.135
2.109
2.046
2.200
2.227
2.082
2.078
2.220
2.077
2.142
2.072
2.168
2.076
2.858
2.100
2.509
2.107
2.080
2.138
2.084
24.455
2.115
2.078
2.079
2.195
2.121
2.179
2.229
2.080
2.108
2.062
2.092
2.082
2.487
2.134
2.662
2.209
3.119
2.231
24.794
2.049
2.097
2.070
2.120
2.200
2.157
2.323
2.289
2.116
2.150
2.214
2.059
2.127
2.282
2.198
2.057
2.088
2.137
2.166
2.064
2.127
2.064
2.052
2.099
2.071
2.095
23.308
2.085
2.098
2.227
2.126
2.168
2.268
6.656
2.150
2.050
2.036
2.064
2.060
2.063
2.129
2.167
2.154
2.066
2.187
2.024
2.185
2.031
2.113
2.053
2.073
2.032
2.034
2.168
2.062
2.048
2.075
2.173
3.884
2.121
2.075
2.077
2.064
2.098
2.206
2.069
2.076
2.072
2.216
2.059
2.051
2.039
2.090
2.178
2.074
2.139
2.106
2.073
9.795
2.058
2.000
2.040
2.034
2.071
2.146
2.210
2.124
2.154
2.053
2.144
2.052
2.206
2.059
4.473
1.993
2.121
2.068
2.011
2.062
2.036
2.168
2.104
2.012
2.084
2.065
2.066
2.127
2.144
2.055
2.088
2.151
2.056
2.065
2.107
2.060
2.397
2.050
2.896
2.801
2.095
2.052
2.027
2.209
2.046
16.568
2.028
2.010
2.113
2.184
2.028
2.034
2.280
2.166
2.057
2.215
2.443
2.099
2.086
2.066
2.251
2.318
2.030
2.242
2.030
2.056
2.066
1.971
2.049
2.031
2.259
2.052
2.335
2.030
2.043
2.006
2.071
1.982
2.018
2.079
2.062
1.934
1.944
2.260
2.045
1.993
2.053
2.247
2.018
2.594
2.136
2.069
2.116
2.074
2.054
2.324
2.010
2.049
2.009
2.050
2.021
19.008
2.270
2.169
2.055
1.976
2.370
2.175
2.239
1.926
1.984
1.941
1.999
2.117
2.128
1.916
2.164
1.921
1.998
2.181
2.025
1.945
1.953
2.002
1.967
1.966
2.037
2.049
2.005
1.962
1.947
1.994
2.024
1.947
2.186
2.047
1.982
1.972
2.081
1.988
1.944
1.908
2.540
1.982
2.075
1.934
1.952
1.914
2.283
2.002
1.988
1.903
1.958
1.900
1.979
2.182
2.001
1.974
1.894
1.956
2.445
1.918
1.924
1.937
1.923
1.875
1.957
1.882
1.906
1.926
1.953
1.962
1.846
1.863
1.922
1.888
1.975
2.119
1.876
2.183
1.919
1.945
1.926
2.016
2.033
1.876
1.884
1.922
1.900
1.969
1.840
2.023
1.916
1.893
1.904
1.893
1.945
1.936
1.844
1.889
1.878
1.917
1.900
24.752
1.909
1.925
1.902
1.918
2.056
1.861
24.828
1.838
1.872
1.849
1.874
1.854
24.879
1.898
1.932
1.930
3.934
2.176
2.013
1.859
1.906
1.940
1.861
1.897
1.890
1.882
1.894
1.860
1.936
1.883
1.874
1.880
1.917
1.841
1.974
1.887
1.994
1.807
1.853
1.940
1.867
2.027
1.851
2.117
1.903
1.861
1.886
2.075
1.852
1.887
1.934
1.970
1.894
2.482
1.835
2.150
1.827
3.319
1.890
1.900
1.995
1.992
1.807
1.932
1.921
1.911
1.877
2.093
1.865
1.884
1.919
24.403
1.902
2.129
1.883
1.834
2.005
1.851
1.866
1.899
1.880
1.882
1.924
1.873
2.212
1.824
1.849
6.096
1.929
1.846
1.825
1.846
1.856
1.889
1.852
3.445
2.026
2.103
1.938
1.873
1.933
2.022
1.905
1.958
1.925
2.070
1.882
1.876
1.963
1.988
1.867
1.976
1.897
1.936
1.796
1.885
1.957
1.958
1.881
1.887
1.877
1.872
1.905
1.826
1.992
1.877
1.757
1.905
1.876
1.885
1.869
1.934
2.083
1.894
1.898
1.900
2.103
1.911
1.889
2.001
1.903
1.885
1.832
2.237
1.909
1.874
1.829
1.892
1.836
2.359
1.866
2.568
1.850
1.872
1.864
2.356
1.809
1.926
2.131
1.876
2.048
1.884
1.913
1.978
2.246
1.990
1.910
1.884
1.972
1.880
1.934
1.873
11.773
2.016
1.935
1.875
4.060
1.939
1.873
1.832
1.985
1.878
1.894
3.581
1.899
1.859
1.844
1.846
1.835
1.946
1.855
1.918
1.832
2.031
1.856
1.831
1.848
1.915
2.016
1.870
1.845
1.828
1.856
1.823
11.761
1.945
1.953
1.833
1.835
1.841
1.957
2.037
1.884
1.796
1.827
1.918
1.879
1.903
1.838
1.929
1.885
1.924
1.924
1.878
1.913
1.953
1.910
1.967
1.878
1.868
1.850
1.860
2.182
1.905
1.818
1.857
1.949
1.869
1.848
2.013
1.864
1.847
2.123
1.862
2.132
1.864
2.651
1.856
1.774
1.797
1.900
1.834
1.818
1.847
1.923
1.826
1.898
2.180
1.793
2.526
1.921
1.830
1.970
1.811
2.593
2.114
1.825
1.905
1.928
22.354
1.925
1.824
2.332
2.106
1.839
1.875
1.826
2.554
1.963
1.850
1.842
1.876
1.808
1.841
1.910
1.952
2.153
1.872
1.877
1.911
1.873
23.994
1.990
1.887
1.872
1.874
1.912
1.979
2.002
1.910
1.851
1.927
2.121
1.927
1.839
1.927
1.799
1.836
1.918
1.945
1.857
2.034
1.890
1.833
2.052
1.981
1.996
1.888
2.576
1.951
1.833
1.858
1.904
1.870
1.778
1.995
1.853
2.229
1.920
1.898
1.842
2.111
2.199
1.766
1.907
1.855
5.920
2.120
1.894
1.791
1.840
1.863
1.971
2.272
1.894
1.871
1.861
1.861
4.461
1.967
1.877
4.947
1.873
2.384
1.859
1.906
1.886
1.948
2.088
2.092
2.117
1.912
2.047
1.937
1.862
1.947
1.874
1.831
1.808
1.882
1.856
1.842
1.912
1.946
1.880
1.938
1.860
1.885
1.818
1.907
1.842
2.028
1.951
1.821
2.093
1.862
1.847
1.894
1.841
1.851
2.011
2.022
1.859
1.924
1.808
1.848
2.149
1.900
1.808
2.234
6.529
2.011
1.820
2.005
1.851
1.909
2.119
1.949
1.937
1.827
1.816
1.801
1.860
1.859
1.874
1.947
1.835
1.958
1.859
1.839
1.956
2.102
1.979
1.869
1.876
1.851
1.909
1.866
1.864
1.855
2.122
1.866
1.863
1.810
1.863
1.855
1.857
1.885
1.860
1.985
1.859
1.891
1.847
24.757
1.839
1.963
1.855
2.247
2.140
1.850
23.158
1.862
1.984
1.846
1.892
1.868
1.841
1.835
1.904
1.842
1.826
1.841
1.915
2.030
1.847
1.886
1.824
1.846
1.902
1.900
1.889
1.859
1.847
1.835
2.215
1.933
1.874
1.894
1.865
1.809
1.866
1.841
2.038
1.846
1.835
1.852
1.879
1.847
2.088
1.822
1.779
1.860
1.840
1.838
1.880
1.850
1.826
1.935
1.801
1.882
1.882
3.023
1.846
1.849
1.805
1.807
1.819
1.887
1.845
1.777
1.842
1.982
1.987
2.020
1.814
2.032
1.789
1.990
1.842
2.094
1.894
1.995
1.781
1.766
1.891
2.103
1.813
1.812
1.869
2.008
2.106
1.862
1.804
2.329
1.942
1.834
2.063
1.974
1.941
1.840
1.848
1.882
1.865
1.799
1.831
1.855
1.893
4.081
1.844
1.945
1.755
1.863
1.760
2.029
1.784
1.871
1.911
1.839
1.914
2.121
1.825
1.913
1.812
2.129
1.897
2.103
1.873
1.834
1.789
2.009
1.803
1.816
1.960
2.256
1.960
2.030
2.248
4.021
1.770
1.790
1.787
1.814
1.797
2.309
1.824
1.762
1.845
1.863
1.767
1.780
1.797
6.162
1.817
8.687
1.795
1.813
1.765
1.703
1.789
1.786
2.050
1.869
1.979
1.792
1.854
1.799
1.827
1.822
23.160
1.850
1.828
2.115
1.858
1.767
1.794
2.091
1.804
1.823
1.851
1.930
1.851
1.837
1.821
1.803
1.844
1.821
1.838
1.684
1.746
1.696
1.807
1.859
1.708
24.016
2.451
1.858
1.701
1.884
1.732
4.288
1.801
1.748
1.826
1.814
1.816
1.704
1.868
1.790
1.809
1.729
1.776
1.741
1.753
1.715
1.849
1.703
1.685
1.752
1.829
1.700
9.024
2.027
1.691
16.327
1.697
1.839
1.787
12.415
1.684
2.096
2.170
1.711
1.713
1.697
1.700
1.734
6.093
1.858
1.714
1.726
1.748
1.951
1.693
23.391
1.750
1.713
1.697
1.709
1.868
1.890
1.700
1.691
1.702
1.698
1.724
1.914
1.768
1.713
1.855
1.740
1.759
2.223
1.756
14.039
1.707
1.823
1.932
1.657
1.766
1.697
1.728
1.843
1.710
1.801
1.969
1.920
1.792
1.713
1.952
1.673
1.750
1.947
1.713
1.713
1.718
1.732
1.710
1.722
1.729
2.729
1.691
1.707
1.709
3.146
1.760
1.737
1.969
1.808
1.744
1.705
2.247
1.842
1.828
1.704
1.659
1.726
22.909
1.864
1.660
1.706
1.708
1.797
1.757
1.698
1.772
1.684
1.705
1.722
1.693
24.503
1.882
1.723
1.667
2.091
1.883
1.762
1.688
1.841
1.763
2.236
1.700
1.656
24.204
1.857
1.753
1.730
24.936
1.717
2.282
1.715
2.153
1.677
2.041
1.766
1.684
1.749
1.717
1.724
1.684
1.803
1.783
1.664
1.719
1.733
1.758
2.066
1.719
1.705
1.658
2.265
1.774
1.735
1.670
1.797
1.703
8.694
1.664
1.870
1.658
2.067
1.783
1.755
1.838
1.804
1.808
1.666
1.886
2.047
1.707
1.661
1.660
1.673
1.683
1.690
1.684
1.685
1.719
1.839
1.660
1.663
1.684
1.708
2.051
1.798
1.741
1.662
1.872
1.728
1.669
1.672
1.683
1.706
1.716
1.671
1.661
1.652
1.692
1.720
1.770
1.737
1.722
1.741
1.874
1.772
1.683
1.689
1.692
1.719
1.672
1.786
1.684
1.738
1.749
1.656
1.677
1.776
1.734
1.712
1.874
1.652
1.661
1.951
1.667
1.704
1.659
1.939
1.661
14.175
2.206
1.718
1.751
1.701
1.913
1.793
2.135
1.921
1.678
1.696
1.694
1.684
1.691
1.804
1.723
1.798
1.770
1.694
1.916
1.729
1.782
2.029
1.847
2.183
1.663
1.787
3.629
2.293
1.895
1.688
2.733
4.423
1.719
1.717
1.721
1.657
1.810
1.665
1.788
1.929
1.675
1.686
1.668
24.894
1.666
1.659
1.783
1.718
1.924
1.684
1.687
1.681
1.636
1.787
1.717
1.792
1.710
1.665
1.672
1.660
2.157
1.823
1.674
1.770
1.662
2.055
1.669
2.213
1.686
1.781
1.648
1.657
1.655
1.724
21.893
1.687
1.664
1.705
2.886
1.722
8.889
1.692
9.727
2.179
2.112
1.693
1.670
2.016
1.719
1.664
1.670
1.772
1.762
1.669
1.763
1.777
1.667
1.669
1.751
1.818
1.896
1.715
1.670
1.674
1.659
2.245
1.677
1.779
1.651
1.649
1.655
1.778
1.633
1.856
1.682
1.641
1.623
1.774
1.699
1.631
1.620
1.670
1.686
1.677
1.661
1.665
1.652
1.655
1.852
1.617
1.855
1.620
1.726
1.665
1.615
1.623
1.666
1.634
1.640
1.710
1.638
1.751
1.662
1.700
1.798
1.715
1.712
1.665
1.629
1.631
1.617
1.741
1.660
1.635
1.656
1.620
1.617
1.623
1.744
1.621
1.689
1.677
1.639
1.640
1.685
1.888
1.637
1.613
1.656
1.669
1.932
1.698
1.675
1.621
1.626
1.659
1.609
1.631
1.674
1.720
1.625
1.621
1.616
1.620
1.618
1.612
1.626
1.666
1.656
1.670
1.667
1.615
1.733
1.657
1.605
1.665
1.660
1.615
8.789
1.666
1.627
1.656
1.674
1.658
1.692
1.620
1.701
1.660
1.658
1.611
1.815
1.659
1.768
2.349
1.625
1.776
1.610
1.622
1.798
1.618
1.625
1.618
1.628
1.620
1.614
24.751
1.594
1.649
1.653
1.613
1.615
2.202
1.742
1.615
1.627
16.282
1.630
1.622
1.621
1.860
1.626
1.710
1.616
1.615
1.617
1.679
1.662
1.623
1.612
1.704
1.618
1.660
1.651
1.643
1.652
1.609
1.617
1.619
1.617
1.622
1.619
3.737
1.630
1.612
1.611
1.654
1.624
1.657
1.631
1.666
1.710
1.617
1.662
1.634
1.644
1.621
1.624
1.690
1.601
1.655
1.619
24.297
1.639
1.641
1.620
1.627
1.691
1.653
1.689
1.728
1.722
1.641
1.615
1.615
1.637
1.645
1.626
1.684
1.639
1.677
1.663
1.656
1.654
1.632
1.643
1.619
1.611
1.613
1.607
1.613
1.616
1.569
1.615
1.808
1.610
1.638
1.610
1.610
1.616
1.667
1.615
1.613
1.611
1.608
1.660
1.662
1.989
1.608
1.749
1.628
1.750
1.781
1.666
1.580
1.921
1.615
1.608
2.128
8.192
1.628
1.696
3.497
2.144
1.635
1.824
1.645
1.642
1.616
1.936
1.725
1.637
1.656
1.610
1.760
1.603
1.609
1.701
1.620
1.574
1.610
1.787
1.617
1.642
1.621
1.627
1.568
1.609
2.228
1.589
1.847
1.646
1.622
1.580
1.585
1.599
1.613
1.575
1.577
1.615
1.654
1.644
1.610
1.623
9.634
1.575
1.573
1.630
1.613
1.631
11.518
1.588
1.686
1.608
1.628
1.574
1.603
1.687
1.686
1.623
1.694
1.578
1.715
1.564
1.728
1.578
1.564
1.557
1.685
1.627
1.573
1.565
1.575
1.594
1.717
1.569
1.564
1.569
23.910
1.580
1.568
1.552
1.551
1.587
1.604
1.627
1.721
1.619
1.607
1.629
1.747
2.016
1.599
1.567
1.679
1.757
1.714
1.566
1.710
1.709
1.656
1.583
1.592
1.593
1.607
1.578
1.873
1.577
1.612
1.570
1.571
1.592
1.565
1.574
1.620
1.576
1.575
1.704
1.578
1.638
1.595
2.877
1.713
1.598
24.913
1.579
1.580
1.577
1.655
1.589
1.594
1.593
1.597
1.690
1.663
1.577
1.592
1.583
1.576
1.612
1.644
1.577
2.040
1.562
1.580
1.578
1.580
1.586
1.596
1.581
1.569
1.581
1.578
1.582
1.579
1.560
1.617
1.645
1.747
1.582
1.645
1.621
1.580
1.571
1.588
1.581
1.577
1.562
1.614
1.873
1.591
1.578
1.570
1.578
1.608
1.589
1.653
1.568
1.568
1.561
1.580
1.558
1.580
1.572
1.844
1.572
1.568
1.662
1.593
1.567
1.941
1.581
1.585
1.570
1.621
1.572
1.591
1.575
1.592
1.578
1.601
1.577
1.585
1.580
1.577
1.568
1.603
1.577
1.589
1.576
1.579
1.583
1.575
1.576
1.602
1.586
1.593
1.593
1.605
1.577
1.586
1.582
1.590
1.740
1.580
1.646
1.579
1.601
1.667
1.641
2.032
1.614
1.664
1.595
1.561
1.566
1.586
1.642
1.616
1.576
1.577
1.586
1.666
1.705
1.596
1.582
1.593
1.626
1.746
1.575
1.807
1.618
1.582
1.641
1.576
1.581
1.581
1.584
1.570
1.580
1.976
2.014
1.724
1.577
1.650
1.580
1.678
1.619
2.802
1.681
1.851
1.578
1.661
1.576
1.675
1.580
1.747
1.587
1.688
1.580
1.581
1.586
1.582
1.580
1.581
1.595
1.710
1.589
1.617
1.590
1.586
1.598
1.589
1.592
20.451
1.686
1.567
1.593
1.629
1.591
1.593
2.079
1.600
21.042
1.586
1.564
2.442
1.577
22.421
1.573
1.580
1.576
1.781
1.578
1.625
1.574
1.584
1.710
1.583
6.005
1.583
1.585
1.584
1.600
1.569
1.623
1.588
1.887
1.577
1.613
1.581
1.638
1.641
1.709
1.621
1.614
1.575
1.585
1.686
1.591
1.599
1.611
1.574
1.581
1.593
1.586
1.619
1.617
1.603
1.601
1.648
1.584
1.569
1.552
2.152
1.556
1.848
1.559
1.607
1.583
1.596
1.899
1.698
1.598
1.678
1.638
1.564
1.631
1.578
1.596
1.558
1.621
1.573
1.758
1.591
1.639
1.578
1.730
1.576
1.649
1.581
1.635
1.607
1.732
1.584
1.600
1.572
1.572
1.695
1.587
1.638
1.580
1.680
1.585
1.636
1.629
1.596
1.819
1.713
1.624
1.781
1.666
1.569
1.578
1.733
1.578
1.616
1.690
1.583
1.610
1.594
2.289
1.714
1.579
1.573
1.568
1.613
2.037
1.563
1.585
1.564
1.567
1.613
1.596
1.758
1.710
1.562
1.578
1.577
1.603
1.743
1.651
1.887
1.613
1.819
1.597
1.609
1.631
1.847
1.567
1.601
1.572
1.852
1.580
1.840
1.631
1.602
1.612
1.609
1.631
1.984
1.567
1.668
1.629
1.615
2.011
1.654
1.557
3.032
1.553
1.669
2.119
1.578
1.658
1.549
1.752
1.655
1.561
1.656
2.215
1.747
1.709
1.556
1.946
1.751
1.577
24.910
1.627
1.735
1.800
1.566
1.593
1.581
1.742
1.634
1.584
1.702
1.587
1.585
2.002
1.566
1.614
1.599
1.577
1.597
1.686
1.574
1.890
1.703
1.574
1.691
1.613
1.551
1.721
1.634
1.611
1.873
2.619
1.584
1.639
1.661
1.754
1.606
2.085
1.632
1.607
1.904
1.603
1.727
1.582
1.657
1.630
1.581
1.599
1.633
1.659
1.619
1.588
2.047
1.582
1.595
1.577
1.626
1.590
1.621
1.651
1.628
1.634
1.676
1.656
1.633
1.688
1.742
1.624
1.580
1.599
1.596
1.634
1.581
1.565
1.594
1.581
1.612
1.580
1.647
1.579
1.616
1.646
1.659
1.650
1.626
1.563
1.614
1.544
1.657
1.579
1.559
1.577
1.590
1.687
1.603
1.619
1.607
1.716
1.661
1.677
1.680
1.655
1.691
1.586
1.565
1.776
1.597
1.727
1.585
1.682
1.611
1.575
1.581
1.561
1.578
1.627
1.627
1.649
1.592
1.548
1.578
1.642
1.552
1.623
1.606
1.638
1.781
1.568
1.696
1.570
1.630
1.669
1.537
1.569
1.584
1.570
1.569
1.557
1.611
1.583
24.557
1.569
1.630
1.578
1.567
1.596
1.943
1.596
1.579
1.552
1.549
1.708
1.674
1.573
1.816
1.570
1.526
1.565
1.608
1.605
1.541
1.534
1.533
1.631
1.568

Results for GA
Target: Iris-versicolor: 
Correctly classified 147.0 instances.
Incorrectly classified 3.0 instances.
Percent correctly classified: 98.000%
Training time: 230.029 seconds
Testing time: 0.006 seconds

