-i 5000 -algo ga -tomutate 100 
Iterations: 5000
toMutate: 100.0

Error results for GA
Target: Iris-versicolor
---------------------------
21.638
17.723
17.822
22.300
17.637
16.954
30.007
16.342
25.590
16.920
17.282
17.416
16.265
17.938
18.026
20.711
19.612
17.262
20.234
18.420
15.717
18.744
26.527
16.140
17.790
16.334
16.770
17.446
18.970
22.076
16.405
18.182
17.425
17.206
18.970
20.216
17.834
17.185
17.361
17.112
16.578
16.689
16.377
18.185
16.914
16.513
17.424
16.820
16.283
28.311
17.526
23.277
15.425
17.571
20.020
15.046
21.644
18.058
23.449
16.577
17.033
19.904
18.889
14.910
20.386
18.348
19.577
16.671
21.424
17.580
20.409
19.066
19.968
21.279
16.483
21.226
16.545
16.196
15.952
16.964
21.093
21.118
15.909
19.006
16.585
17.681
19.613
15.354
16.098
17.919
21.272
15.993
17.447
20.043
21.410
14.887
16.871
15.965
20.285
15.582
16.455
18.942
16.567
17.054
20.259
13.830
15.129
27.111
18.899
15.276
17.275
16.803
17.425
18.377
17.559
16.876
18.239
21.563
17.506
16.919
15.042
16.788
16.000
18.976
15.517
16.981
18.329
14.736
17.687
17.003
16.002
16.142
14.704
15.542
15.999
14.578
15.600
15.665
19.107
15.095
16.496
14.809
17.853
17.455
15.776
17.366
17.495
16.148
21.218
16.647
16.148
17.228
16.167
20.229
16.244
21.086
16.426
18.188
15.736
17.979
17.764
16.162
18.464
16.033
14.107
15.076
15.696
15.713
19.056
13.758
19.283
15.853
14.235
15.229
16.974
21.705
15.453
17.826
17.886
14.005
15.868
16.009
18.384
19.668
14.287
17.680
14.984
16.454
16.928
18.180
17.968
16.735
14.930
14.982
14.509
14.677
13.737
16.424
15.827
17.342
15.350
12.570
14.778
15.144
16.523
15.167
13.812
16.319
22.704
17.568
15.875
23.434
14.411
13.215
13.751
13.605
13.765
13.344
15.960
19.076
14.178
15.302
14.947
13.528
14.458
14.758
15.731
13.317
13.052
18.001
16.254
14.354
21.617
20.566
15.301
17.665
12.994
15.105
16.151
13.656
15.462
13.193
21.949
17.183
19.117
14.355
15.459
17.182
15.831
14.772
12.246
16.743
13.613
12.406
12.479
14.494
12.916
14.913
15.698
14.835
14.296
13.293
14.159
18.985
11.965
16.466
18.035
18.111
14.756
19.291
21.609
12.787
14.016
14.445
14.596
13.780
16.439
13.582
28.199
12.158
12.999
12.152
14.268
14.459
17.581
12.751
12.833
14.031
21.019
14.743
14.092
16.199
19.328
22.002
13.800
11.682
10.973
14.513
13.343
13.163
18.522
12.414
15.961
16.592
15.082
16.526
13.236
13.665
15.947
18.607
13.356
15.849
15.294
13.139
16.109
13.653
17.725
16.676
14.553
15.808
12.413
14.704
11.576
13.408
15.542
14.320
13.336
12.862
17.759
17.945
12.853
20.741
14.969
12.720
14.323
13.150
12.969
12.273
12.980
14.307
12.298
11.947
16.741
11.425
12.059
15.005
12.983
13.937
12.426
12.466
16.146
14.766
13.747
11.320
12.872
15.581
18.512
12.042
12.149
12.631
16.829
21.577
16.728
15.117
13.202
10.822
14.567
19.354
13.105
10.755
13.380
17.544
12.550
15.747
19.247
9.801
10.238
10.508
19.126
20.347
14.079
11.995
11.037
14.681
14.005
13.377
11.388
11.335
16.777
11.911
17.813
9.383
9.644
10.725
11.849
10.271
9.339
9.549
8.045
9.944
10.670
14.098
19.844
11.267
12.529
11.773
8.895
11.863
11.616
11.778
11.507
10.176
13.274
14.709
9.770
8.786
12.762
8.906
8.981
8.723
14.739
13.046
7.493
11.848
9.827
7.921
7.216
6.741
7.984
12.500
11.225
8.204
10.166
8.036
7.512
11.119
10.167
9.943
11.780
9.605
10.112
14.621
8.281
8.180
6.890
14.669
11.645
8.690
7.713
9.020
6.954
9.987
11.478
7.133
8.424
8.502
7.769
8.580
9.274
19.177
8.307
17.045
11.376
15.730
7.810
7.997
8.315
7.184
5.735
7.546
7.500
10.960
6.423
17.596
10.590
9.391
11.657
6.892
10.044
9.109
11.653
8.164
6.357
7.225
6.812
9.697
7.300
8.142
8.026
10.676
7.740
7.913
14.564
10.332
9.207
7.112
7.641
8.226
14.449
9.055
6.727
8.798
9.353
10.308
7.378
7.762
6.526
7.812
11.421
11.720
7.107
11.516
14.166
6.354
6.206
10.381
6.779
5.915
9.553
6.868
6.879
7.110
5.798
5.577
12.254
8.420
12.391
7.077
9.710
6.972
9.514
9.863
8.633
5.455
6.293
6.469
6.991
8.676
9.388
6.745
6.804
6.938
8.640
6.254
6.365
7.860
6.444
9.570
7.388
8.505
6.671
7.570
7.103
13.349
8.434
5.880
6.034
7.363
15.594
5.323
8.402
6.268
13.164
6.426
5.055
5.480
12.899
9.843
17.281
7.094
13.048
6.617
6.073
5.415
5.602
13.556
7.079
6.125
7.979
4.425
4.959
5.402
5.267
6.736
16.690
10.526
9.265
9.953
8.601
7.166
5.149
6.376
6.435
3.971
5.345
12.402
13.733
7.319
3.543
5.314
3.586
6.190
5.003
6.646
8.244
13.469
5.263
4.443
4.301
7.268
4.199
4.381
4.799
5.189
6.398
13.513
4.209
5.104
4.085
5.109
5.007
4.172
6.325
4.460
4.563
4.974
3.530
4.052
13.633
3.289
3.873
17.624
3.828
3.661
3.207
3.688
16.215
4.383
2.881
4.576
4.390
3.514
6.425
4.158
3.170
4.453
3.079
2.948
13.433
2.560
3.832
2.809
6.271
8.197
2.985
11.947
5.472
4.145
2.868
2.722
3.045
6.619
4.686
22.528
3.428
5.067
4.029
3.071
10.077
4.702
2.887
3.196
2.279
2.581
2.755
8.814
4.206
4.883
3.469
2.933
2.838
3.023
5.450
3.716
4.080
2.477
3.887
2.732
2.220
15.934
2.875
2.493
4.781
2.626
2.570
2.191
2.920
2.223
8.588
5.237
2.317
2.465
12.547
3.526
2.720
2.281
2.301
2.239
7.580
8.137
2.950
2.808
3.417
2.111
2.964
5.554
3.013
2.222
2.788
2.233
4.326
3.671
3.179
6.005
19.206
2.209
3.553
2.533
2.960
3.122
3.478
2.620
9.299
13.287
2.347
2.328
3.047
2.201
6.500
4.206
3.255
2.331
11.437
2.420
2.289
4.036
2.557
2.153
2.665
10.563
11.067
3.107
10.142
2.648
2.334
8.438
2.034
2.530
2.594
2.906
2.219
6.701
3.020
2.684
3.198
4.412
2.887
8.302
10.149
5.095
2.055
9.495
2.701
6.511
2.154
2.632
17.870
9.067
3.246
2.473
2.034
3.787
3.911
2.203
6.447
2.332
4.820
1.955
3.769
17.385
2.084
2.704
4.591
1.878
2.123
2.546
2.508
2.178
6.103
2.402
2.364
3.229
6.098
2.527
2.675
2.023
10.957
1.924
3.466
2.123
2.894
3.125
2.274
3.855
2.197
2.100
14.196
3.226
5.105
3.811
3.953
2.355
15.334
2.979
1.887
6.677
3.599
1.910
2.477
2.363
2.154
2.325
2.148
8.200
2.297
3.994
3.457
7.521
4.060
3.003
1.806
7.061
2.367
3.547
4.051
2.423
2.121
5.947
4.488
2.107
2.605
10.995
2.628
1.919
10.368
1.962
5.512
2.230
3.317
1.993
2.790
1.926
1.951
2.011
2.226
2.697
3.348
3.960
3.654
2.401
2.142
10.178
3.331
2.994
3.160
4.089
1.943
1.873
13.768
1.979
8.434
2.025
2.579
1.666
8.904
2.457
1.915
1.793
2.353
2.167
2.694
4.896
7.307
2.259
7.990
3.210
1.794
16.844
2.327
2.965
1.899
1.768
3.811
1.815
8.050
4.025
1.726
3.317
1.656
7.548
1.786
2.184
4.163
1.705
6.335
2.333
2.679
3.535
4.521
4.776
2.533
1.720
3.953
1.789
1.733
2.394
2.191
1.739
3.693
4.290
1.946
2.383
6.414
2.770
3.520
2.451
1.631
1.768
1.685
3.136
14.498
3.056
1.694
7.891
1.818
2.261
6.494
3.113
1.725
7.061
23.493
1.821
2.195
1.915
1.613
4.646
2.554
1.667
3.156
2.173
1.685
1.807
2.223
3.871
3.274
1.703
1.953
2.171
2.766
2.082
2.787
1.695
1.702
1.712
2.987
2.295
3.065
4.379
1.672
17.980
1.863
2.174
1.767
2.361
2.194
2.228
1.775
12.578
1.649
2.371
2.324
1.603
1.787
11.042
3.217
2.702
2.121
1.663
2.351
12.100
1.799
2.061
1.581
1.830
1.717
2.572
5.049
3.228
10.457
1.672
1.618
1.570
2.598
1.932
1.631
1.657
1.576
1.780
1.929
1.735
2.051
10.552
5.118
1.822
3.581
1.591
1.662
1.786
1.754
1.584
1.528
3.181
1.866
2.588
16.477
2.302
1.561
1.827
1.444
1.625
7.093
2.231
1.710
1.617
1.474
1.834
1.908
2.276
3.088
3.735
1.537
1.569
1.691
3.027
2.954
5.126
2.345
1.756
1.894
2.005
3.603
5.798
1.642
1.898
2.234
1.653
2.160
1.874
1.817
1.597
1.745
2.177
2.289
1.727
1.956
5.770
1.637
1.584
1.547
1.506
1.524
1.798
1.648
12.922
2.310
3.673
5.180
1.687
3.052
4.745
6.735
4.138
2.385
2.424
1.397
5.333
1.536
1.504
1.591
1.517
1.933
8.045
1.924
1.794
1.788
4.084
1.992
1.781
3.477
1.389
3.578
1.570
2.830
1.795
1.859
2.196
2.080
1.627
1.866
1.546
1.657
2.988
1.792
8.142
1.956
4.318
1.495
1.580
1.590
1.530
1.569
3.541
4.244
14.848
1.829
15.739
4.290
2.752
2.217
1.576
2.623
2.286
6.496
4.774
3.631
1.442
2.466
1.780
1.648
2.066
2.565
1.566
1.420
1.769
20.056
1.610
2.814
1.921
1.580
3.349
1.442
1.630
1.479
3.053
16.084
2.482
4.830
2.151
3.018
1.827
1.555
1.685
2.142
1.593
1.561
2.892
2.028
1.569
3.258
1.679
3.035
1.702
2.226
5.810
4.548
1.534
1.617
5.959
2.072
1.510
1.620
1.578
3.821
1.520
1.897
1.500
1.552
2.191
8.525
1.635
1.435
2.245
1.481
3.749
1.432
1.569
2.087
2.744
1.620
12.667
1.526
7.647
1.800
4.347
2.212
1.683
1.944
1.455
1.499
3.514
2.617
14.637
1.535
2.828
1.403
1.560
21.305
1.919
1.388
1.708
2.710
1.427
5.935
7.499
6.331
1.416
6.165
1.728
2.705
24.819
1.809
1.810
1.906
3.300
1.410
1.422
1.675
1.460
1.450
2.432
1.493
2.071
1.420
1.578
3.297
1.488
2.848
1.505
1.685
1.706
1.376
1.579
2.759
1.559
11.108
2.007
2.453
10.834
1.621
3.607
1.573
3.133
1.538
1.550
2.427
3.459
5.609
1.416
1.500
1.406
1.485
1.561
1.918
1.431
3.806
1.493
1.426
1.410
1.413
1.715
9.036
1.425
1.532
1.812
12.641
2.440
1.779
1.375
1.321
4.932
2.193
3.348
2.183
1.588
3.709
1.703
1.817
4.612
1.645
1.398
1.368
3.880
1.660
1.893
2.149
1.586
1.410
1.378
1.434
2.411
1.399
1.796
8.307
3.017
1.726
1.380
1.968
5.796
1.897
1.423
1.627
8.476
18.401
2.721
1.389
1.345
1.330
1.328
1.466
3.172
1.917
1.428
1.472
4.411
1.552
1.729
1.431
1.340
1.429
1.398
1.500
1.329
1.409
2.733
1.617
1.904
1.363
1.606
1.725
1.438
1.631
1.622
3.517
2.457
1.315
19.398
3.528
1.635
1.433
14.538
11.727
1.347
2.031
1.403
1.537
1.344
1.562
2.983
1.379
1.914
1.305
1.931
1.886
1.681
1.431
1.439
1.389
18.752
1.870
1.674
1.314
2.533
1.768
1.915
1.873
4.086
1.519
1.622
1.454
1.399
1.603
3.025
1.321
1.577
6.050
2.190
1.556
1.275
1.500
1.405
1.448
3.255
1.615
2.051
1.527
5.741
3.128
1.344
2.110
3.532
2.862
2.248
1.393
1.491
1.364
1.493
1.472
7.973
1.599
2.113
1.344
4.931
1.335
3.568
24.337
1.348
1.462
2.246
5.420
1.406
1.659
1.647
4.414
1.387
1.446
1.967
1.745
1.335
8.704
8.355
23.407
1.259
1.453
4.441
1.298
1.288
1.350
1.532
2.657
2.612
2.444
2.014
1.307
1.484
1.623
1.445
1.416
2.673
4.533
3.846
1.334
1.322
1.712
1.737
1.836
2.156
4.651
1.765
1.983
2.042
1.333
1.828
1.292
1.232
1.476
2.194
1.238
1.546
1.253
1.290
1.247
1.425
5.576
1.419
1.677
1.593
1.336
2.721
2.373
1.617
23.911
1.641
1.416
1.504
1.308
1.308
1.271
1.287
1.542
1.728
1.323
1.513
1.453
1.288
1.828
1.303
1.678
3.144
1.330
4.247
1.855
1.423
1.978
2.505
2.275
9.926
1.314
1.761
1.428
1.332
22.005
1.518
1.513
2.734
1.327
1.465
1.703
1.559
1.542
1.300
1.617
1.358
1.765
1.275
2.492
1.411
1.800
1.764
1.382
7.519
1.432
1.837
3.088
1.290
1.651
1.468
1.309
1.307
1.645
1.336
1.340
1.328
1.256
3.313
1.783
1.269
1.636
3.749
1.549
2.006
1.252
1.261
1.394
3.186
1.213
1.482
1.426
5.296
1.179
2.188
8.009
1.833
1.473
1.796
1.282
1.275
2.265
1.239
1.497
1.744
1.189
1.912
1.290
2.316
1.267
1.577
1.285
1.605
1.338
1.288
1.274
1.788
1.882
1.923
4.154
3.036
1.415
16.983
1.894
24.639
1.738
1.240
1.199
1.602
1.266
1.177
1.204
3.190
1.447
1.612
1.388
1.291
1.240
1.333
1.223
1.216
1.281
1.207
1.383
1.580
24.759
1.258
1.221
1.205
1.177
1.212
1.180
1.540
1.715
3.126
1.362
1.202
4.190
1.402
1.195
1.234
1.178
10.616
11.122
1.289
1.475
1.911
5.206
1.553
1.252
1.864
2.750
1.822
1.378
1.208
1.283
1.223
1.668
1.300
1.381
1.769
1.362
1.494
1.345
1.509
1.486
1.326
1.314
1.325
3.353
2.777
1.316
1.790
1.345
1.328
1.950
5.692
2.756
1.454
1.217
1.618
1.847
18.281
4.650
1.244
1.797
1.651
2.308
4.868
1.292
1.541
1.823
1.198
1.482
1.282
3.319
1.173
1.601
2.374
2.692
7.935
1.194
1.290
1.441
1.632
1.584
1.254
18.943
1.427
1.328
1.160
2.481
1.271
2.441
1.359
1.424
1.499
1.196
1.247
1.173
1.678
1.600
2.303
24.567
1.817
1.229
1.263
1.265
1.846
2.082
1.240
1.663
1.160
1.846
1.168
1.187
3.292
1.382
1.674
1.377
1.591
1.515
1.286
1.938
1.266
1.171
1.577
1.191
1.570
6.475
1.201
2.038
1.182
1.177
1.317
1.188
1.370
1.181
1.292
1.232
1.868
1.369
2.487
1.268
2.228
3.286
1.329
1.267
1.631
1.203
1.182
7.830
1.710
1.321
1.226
2.616
1.284
1.417
2.026
4.367
1.168
4.353
1.356
22.331
11.521
1.160
1.752
1.187
1.215
1.834
1.198
1.557
2.382
1.677
1.521
1.181
1.518
1.312
1.151
7.237
1.189
1.346
2.045
1.197
1.189
2.049
1.413
1.181
1.949
2.335
1.289
1.340
1.393
1.221
4.808
1.718
1.404
2.350
2.089
2.212
1.160
1.238
1.541
8.733
1.345
1.193
1.242
1.228
1.543
1.193
1.321
1.210
1.191
1.252
1.286
1.272
1.300
3.392
1.304
3.824
1.524
1.963
1.216
2.249
1.259
3.107
1.267
1.382
1.413
1.800
1.183
1.247
1.324
1.335
1.262
1.559
1.311
1.175
1.205
4.383
1.209
1.187
1.317
1.265
1.169
1.191
1.170
1.199
1.312
1.206
1.152
1.235
13.830
5.574
1.193
1.286
1.417
1.571
1.209
2.172
4.185
1.362
2.492
1.174
1.240
1.158
1.162
1.155
1.515
16.620
2.537
1.153
1.328
1.981
1.178
1.743
1.652
1.912
1.354
1.780
1.582
1.196
1.135
1.181
2.275
3.248
1.148
1.742
2.316
1.198
1.133
1.198
1.209
2.313
1.137
1.305
1.676
1.887
1.141
1.190
1.177
1.143
1.279
1.159
1.252
1.265
1.549
1.230
1.204
1.185
2.220
1.097
1.234
1.361
3.772
1.265
2.641
1.280
1.842
1.164
1.137
1.762
1.282
1.255
1.144
5.977
1.113
23.325
1.120
3.385
1.949
1.259
1.362
1.284
1.314
1.506
1.131
2.885
1.692
1.346
2.278
1.133
1.913
1.460
1.302
1.233
1.141
1.997
1.179
1.442
1.185
1.328
18.055
1.589
1.323
17.826
1.307
1.613
3.290
1.766
1.145
1.187
1.146
1.720
1.277
1.115
2.981
1.477
1.237
1.906
19.326
1.431
1.256
1.136
1.212
1.121
1.747
1.119
1.503
2.239
1.196
8.235
1.107
1.336
18.004
1.139
1.767
1.298
3.494
1.136
1.414
1.413
1.260
1.120
1.344
2.061
1.170
2.597
2.996
1.118
3.557
1.750
1.152
13.455
1.555
1.674
1.239
1.132
2.259
1.630
1.208
1.306
1.141
1.959
1.419
1.443
1.234
1.871
1.193
1.369
1.199
1.183
1.092
1.212
1.297
2.261
1.309
1.313
1.176
1.387
1.152
1.578
1.313
1.155
1.281
1.150
1.297
1.416
1.324
1.983
3.557
1.169
6.203
9.526
3.739
1.299
1.402
1.137
1.212
1.419
1.456
1.176
1.230
1.149
1.422
2.363
1.144
1.188
1.131
1.389
1.101
1.461
1.130
11.064
1.340
1.290
1.951
2.080
1.134
1.512
1.743
1.127
1.119
1.809
1.159
1.209
1.355
1.320
1.648
1.612
1.177
1.335
1.161
3.793
1.184
1.264
1.513
10.212
2.422
1.109
1.191
1.197
1.498
1.683
1.206
1.826
1.153
1.134
1.154
1.131
1.105
1.304
1.259
1.126
1.159
1.155
1.759
1.314
1.188
1.189
1.121
1.101
1.268
24.984
2.468
1.164
1.572
1.279
3.757
1.826
17.682
1.510
1.139
19.028
1.138
5.160
1.475
1.567
1.130
1.769
1.327
1.548
1.825
1.984
1.638
1.234
1.154
3.215
1.354
1.195
1.375
1.218
1.931
1.371
1.267
1.167
1.957
1.151
1.215
1.115
1.169
1.415
1.644
1.192
8.328
1.247
1.535
1.282
1.528
2.458
1.659
4.057
1.214
1.106
1.438
2.714
1.754
1.187
1.205
1.220
1.134
1.825
1.099
1.245
1.290
1.424
1.132
2.056
1.141
1.402
1.108
2.167
2.204
1.259
1.114
1.152
1.115
1.232
1.352
1.131
1.211
1.237
1.304
1.122
1.759
7.135
1.186
1.184
1.248
5.242
1.227
1.561
1.618
1.366
1.930
1.432
1.268
1.300
24.963
1.271
1.526
1.274
1.135
1.268
1.122
5.915
1.156
1.813
1.273
1.559
1.393
2.105
1.349
7.831
19.540
1.248
2.162
1.853
1.263
1.117
1.544
1.071
5.772
1.187
1.559
1.117
1.364
1.429
1.377
1.738
1.613
1.295
1.264
1.699
1.229
1.524
1.399
2.145
4.802
1.113
1.882
1.168
1.323
1.153
2.180
1.352
17.835
1.131
1.589
24.870
1.167
2.346
1.227
1.300
1.192
1.104
1.369
1.352
1.082
1.076
1.350
1.155
1.226
1.894
1.442
1.129
1.162
1.194
1.100
1.105
1.449
1.310
1.114
1.130
1.110
1.986
1.252
1.438
1.097
1.093
1.500
1.587
1.114
1.149
3.283
1.115
1.101
8.596
1.077
1.370
1.386
1.074
1.161
1.088
1.152
1.147
1.094
1.044
1.906
1.242
1.582
1.403
1.854
1.082
1.211
1.154
1.290
1.173
1.180
16.546
1.933
1.070
3.267
1.211
1.150
1.298
1.122
1.102
18.959
15.965
1.109
1.111
1.657
1.104
1.128
1.077
1.190
1.070
1.250
1.519
1.102
1.216
1.330
1.643
1.537
1.128
3.593
1.127
2.555
1.135
1.138
2.661
1.973
1.078
4.116
4.694
1.219
1.310
2.223
1.206
1.343
1.297
1.407
1.083
1.288
1.758
1.393
1.129
1.514
1.977
4.443
1.095
1.198
3.293
1.258
1.204
1.202
1.217
1.191
2.711
1.254
1.493
1.211
1.791
21.366
1.373
1.327
1.208
1.139
1.282
1.359
1.143
1.537
1.155
1.087
1.178
1.132
20.885
1.139
1.139
2.385
1.087
1.142
1.098
1.133
1.368
1.248
1.202
1.618
1.329
1.269
1.079
1.461
1.071
20.781
1.127
2.793
1.250
1.196
1.077
1.817
1.105
1.232
3.264
1.551
2.836
1.746
1.108
1.108
1.150
1.127
1.460
1.638
1.127
5.134
1.461
1.056
1.211
1.130
1.153
1.915
1.111
2.112
4.372
1.449
2.832
2.474
1.421
1.090
1.075
2.550
1.147
1.070
1.167
2.649
1.404
1.130
14.026
11.457
1.069
1.661
1.077
1.178
1.388
1.057
1.086
5.748
1.092
1.299
16.118
1.224
1.103
1.734
1.107
1.090
1.358
1.821
1.205
1.135
1.122
1.148
1.048
1.712
1.198
1.045
1.101
1.182
1.349
24.279
1.849
1.071
1.068
1.052
1.546
1.138
1.397
1.263
3.136
1.221
1.230
1.431
2.242
1.133
2.202
1.528
1.113
1.174
1.142
1.222
1.127
1.101
1.188
1.048
1.106
5.550
2.335
1.238
1.055
2.188
8.157
1.311
1.169
1.097
1.378
1.270
1.062
14.431
11.059
1.433
1.237
1.177
10.647
1.612
1.366
2.828
1.074
1.434
1.483
1.183
1.074
5.823
1.297
19.445
1.400
1.436
1.296
1.611
1.104
1.054
1.423
1.360
3.373
1.324
1.124
1.336
1.242
1.326
1.039
1.139
1.181
1.132
1.473
1.175
1.221
1.329
1.563
1.305
2.798
1.257
1.187
1.288
1.603
1.742
1.213
1.086
1.235
1.742
3.080
1.146
2.433
1.351
1.151
1.095
1.138
1.136
1.132
1.124
21.625
1.048
2.839
1.256
1.789
1.046
1.614
1.189
1.095
1.116
1.055
1.626
1.108
1.236
1.133
1.207
1.083
1.108
2.891
1.171
1.066
4.794
1.264
1.253
1.052
1.096
2.415
1.090
1.377
1.047
1.038
1.292
1.149
1.019
1.160
1.479
1.144
1.062
1.052
1.061
6.919
1.212
1.026
1.136
1.070
22.398
1.079
1.080
1.211
1.527
1.212
1.326
1.145
1.121
1.051
1.120
1.070
1.070
3.723
1.751
1.743
1.071
1.272
1.074
1.074
1.883
1.145
1.380
9.341
3.085
1.050
1.118
1.178
1.454
1.147
1.039
1.036
1.129
4.225
1.183
2.102
1.239
1.055
1.103
1.203
1.508
1.196
1.033
1.094
1.065
1.974
1.044
3.734
1.161
1.166
1.130
1.159
1.016
1.135
1.228
1.110
1.092
1.116
1.229
1.049
1.109
1.050
1.208
1.110
1.089
1.101
1.112
1.063
1.270
1.225
1.048
1.045
1.562
1.252
1.205
1.057
1.157
1.352
1.393
1.120
1.292
1.266
3.896
1.038
1.260
1.028
1.051
1.242
1.278
1.698
1.169
1.294
1.078
1.058
1.095
1.118
1.152
1.299
1.314
1.527
1.777
2.100
1.339
2.544
1.109
1.141
10.536
1.061
5.542
1.431
1.451
3.946
9.336
1.109
1.144
1.109
1.259
10.093
2.885
2.848
1.082
1.194
1.879
1.058
1.191
1.028
1.479
1.240
1.055
1.109
1.146
1.065
1.095
1.041
1.319
1.105
1.068
1.075
1.935
1.399
1.073
1.250
1.087
7.491
1.527
1.106
1.488
1.112
1.301
1.248
1.292
1.234
18.858
1.076
5.163
1.193
1.050
1.469
1.197
1.107
1.394
1.077
1.723
1.260
1.855
1.042
1.035
1.073
1.394
1.064
1.333
1.492
1.129
1.702
1.062
2.057
1.163
1.180
1.163
1.336
7.068
3.975
2.136
1.324
1.074
1.068
1.117
1.415
1.430
24.519
1.690
2.364
3.186
1.091
1.057
1.035
1.143
1.702
1.928
4.604
1.406
1.068
2.239
1.047
1.309
1.151
2.308
1.320
1.347
1.072
5.326
2.438
1.031
1.239
2.017
1.042
1.398
1.039
1.130
1.797
1.024
1.197
1.106
3.077
11.445
4.937
1.183
1.640
1.186
1.528
2.069
1.127
1.196
1.076
1.840
3.481
1.491
1.058
5.509
1.117
1.159
1.224
16.256
1.873
1.841
1.140
1.275
1.075
1.673
2.170
1.041
1.080
1.501
1.763
1.089
1.139
1.032
1.479
2.051
1.022
1.757
2.215
1.200
1.276
1.033
1.085
1.287
1.112
1.524
1.049
1.142
1.275
1.284
1.103
1.034
1.177
1.136
1.013
1.318
1.538
1.602
1.127
1.058
1.052
1.106
1.106
1.175
1.312
1.164
1.204
1.157
8.272
2.480
2.828
2.334
1.039
1.838
1.263
1.135
1.195
1.066
1.074
1.146
3.431
1.187
1.247
1.356
8.788
1.180
1.141
1.172
1.124
1.137
3.763
1.795
1.302
1.048
1.062
1.073
1.078
1.206
1.091
1.140
1.019
1.022
1.020
1.421
1.041
1.659
8.841
1.905
6.422
1.688
1.114
1.268
1.041
1.069
1.065
1.115
1.647
2.383
1.049
3.802
8.787
1.102
1.072
1.045
1.032
1.051
1.038
1.339
1.146
1.287
1.010
2.226
1.254
1.294
1.278
1.224
1.429
5.396
1.028
1.012
1.107
1.056
1.068
1.703
1.307
1.042
1.017
1.734
2.421
1.431
1.644
1.138
1.015
1.061
1.001
1.325
1.074
1.179
1.035
2.317
1.028
1.097
1.058
1.020
1.021
7.034
1.603
1.637
1.038
1.000
1.042
1.175
1.112
1.747
1.597
1.254
1.016
1.146
0.998
1.024
4.504
1.041
1.228
1.343
1.092
1.125
1.039
1.102
1.353
1.184
1.492
1.104
1.207
1.309
1.571
1.035
1.045
1.003
0.989
1.350
1.407
1.333
1.231
1.043
1.088
0.988
1.786
1.008
1.017
1.384
1.009
1.392
1.331
1.110
1.019
1.700
1.045
1.282
2.077
1.541
1.115
22.765
1.038
1.301
1.027
1.536
1.367
1.051
1.939
1.048
1.055
1.456
1.046
10.278
1.085
1.112
1.145
1.060
1.096
1.067
1.457
1.504
1.397
1.029
1.123
1.005
1.172
1.063
1.187
1.077
1.163
2.789
1.322
1.195
8.556
3.736
1.047
1.737
1.644
18.697
1.149
1.285
1.085
1.123
3.713
3.966
1.293
1.033
1.142
1.182
1.433
1.193
1.281
1.031
1.063
6.229
1.234
1.150
1.102
1.846
1.327
1.283
1.001
1.278
0.987
1.000
1.211
0.990
8.091
1.059
3.843
1.004
1.165
0.997
0.987
1.066
1.159
1.046
2.727
2.814
1.110
3.277
1.138
1.774
0.991
1.207
1.149
0.996
15.702
1.055
1.032
1.159
1.061
1.111
1.361
1.186
1.023
1.025
1.049
1.025
1.751
1.138
1.196
1.962
2.150
3.464
1.941
1.117
2.570
1.245
1.084
1.139
1.071
1.195
1.218
1.196
1.246
3.016
1.018
1.136
1.210
1.020
1.006
1.006
1.227
1.344
1.078
24.653
21.120
1.158
1.384
1.131
1.279
1.057
1.348
1.461
1.287
1.331
1.225
18.467
1.041
1.409
1.102
0.999
1.301
1.113
5.631
24.524
1.012
22.166
1.406
1.093
1.754
1.703
1.189
1.080
1.013
1.299
1.740
1.713
1.120
1.090
1.685
1.001
1.278
24.617
1.222
1.785
1.082
1.279
1.017
1.296
1.038
2.399
1.106
1.860
1.170
1.828
1.402
1.613
12.014
0.983
1.047
1.020
3.109
0.985
2.297
1.119
1.220
1.261
1.087
1.687
1.116
1.140
1.153
1.258
0.983
1.558
1.292
2.261
1.261
2.140
8.982
0.982
0.977
1.010
2.206
1.125
10.178
1.590
1.962
22.584
1.003
1.727
1.257
1.066
1.393
1.354
1.656
14.722
1.051
1.266
1.359
2.311
1.009
1.022
1.806
4.003
1.441
1.028
2.104
1.011
1.512
1.041
16.581
1.058
2.506
24.983
1.218
1.438
1.035
3.063
1.137
1.063
6.079
0.985
1.096
1.098
1.806
1.525
3.275
1.037
3.295
1.003
1.147
1.067
1.002
1.025
1.663
1.124
0.988
9.397
1.068
1.049
1.063
1.293
1.089
0.992
1.077
0.997
1.082
1.090
1.126
2.335
1.012
3.300
1.011
2.020
1.376
1.404
0.991
1.199
1.028
2.581
1.238
1.101
1.080
1.333
3.113
1.272
1.023
1.321
0.978
1.175
1.317
1.026
1.290
1.522
0.999
1.442
2.433
0.979
2.803
1.162
1.119
25.000
1.796
1.155
2.107
1.422
1.098
1.296
0.945
1.322
1.559
1.321
1.009
5.298
1.001
1.111
1.516
1.025
1.049
1.013
1.156
21.375
2.607
1.103
1.825
1.247
1.053
0.960
1.488
1.101
1.016
1.569
1.090
1.022
1.085
1.163
1.046
0.967
0.999
1.235
1.164
1.163
1.225
1.281
1.080
1.183
1.097
1.119
1.238
1.124
0.986
1.102
2.598
1.278
1.429
1.193
1.148
1.090
2.424
1.048
3.279
1.161
1.367
1.138
0.994
1.087
4.131
1.269
1.291
1.441
16.591
1.533
1.027
2.042
1.991
1.065
1.877
1.016
1.135
1.989
1.073
1.654
1.241
1.197
7.042
1.087
12.273
1.122
1.802
1.148
1.285
2.485
1.097
0.970
1.273
1.106
1.195
1.374
1.160
0.945
1.033
0.981
1.110
1.065
1.180
1.358
10.031
1.816
1.263
0.975
1.648
1.246
0.974
1.254
1.140
1.522
3.150
1.083
1.195
1.054
1.432
1.514
0.990
1.213
1.220
1.005
0.990
1.465
1.552
1.141
1.354
0.963
0.970
1.078
1.836
1.015
1.069
1.028
2.355
2.137
0.967
5.821
1.046
4.988
1.057
1.423
1.081
1.109
1.387
2.830
1.981
0.975
1.362
2.188
5.310
1.008
2.756
1.006
1.835
1.186
4.280
0.955
0.981
1.050
1.443
14.017
1.107
4.347
1.156
1.087
1.414
1.944
1.031
1.015
1.627
1.029
2.944
5.488
1.342
1.810
0.998
1.692
3.422
1.087
1.003
3.840
1.367
2.219
1.023
1.290
2.060
5.363
1.022
8.199
1.240
1.022
1.444
1.148
2.497
1.039
0.963
1.153
2.655
1.051
1.436
0.978
0.962
1.039
1.312
1.486
1.529
1.035
3.116
1.096
0.989
1.036
1.771
1.125
1.217
1.038
1.399
1.258
1.136
1.993
1.085
1.200
1.286
1.158
1.083
1.244
0.963
4.406
0.992
2.515
18.579
1.084
24.998
11.732
0.982
2.280
1.027
25.000
1.009
1.501
1.628
1.382
0.998
0.987
1.051
0.996
0.972
0.996
1.380
1.649
0.956
3.480
10.651
0.974
1.049
4.107
1.023
1.015
0.965
2.124
2.630
1.193
1.784
0.976
1.151
0.996
1.117
1.434
1.403
1.079
1.254
1.258
1.395
0.999
1.070
1.341
0.981
3.218
2.967
1.545
1.164
1.029
4.698
1.043
1.660
1.046
1.856
1.030
1.159
1.143
0.972
0.985
0.980
1.023
1.397
1.159
0.978
0.968
1.313
3.494
0.952
0.987
1.048
1.166
0.972
1.044
1.000
1.063
0.966
9.191
1.313
1.185
1.301
1.089
1.066
0.964
1.226
20.242
0.997
1.450
1.023
1.007
0.993
15.276
1.052
24.595
0.961
2.779
4.227
1.078
1.065
1.200
0.991
1.194
1.286
0.990
1.024
1.202
1.252
1.087
21.151
1.148
1.020
1.482
0.993
2.080
1.232
0.978
2.796
1.248
0.984
1.550
1.204
1.196
1.038
0.939
1.117
7.896
1.165
1.061
1.351
0.985
24.998
2.545
10.599
1.035
1.259
1.002
0.942
0.949
5.017
1.318
18.070
1.049
0.999
1.299
1.251
1.355
1.470
0.968
1.264
1.939
1.131
2.279
2.768
1.481
1.073
0.985
23.504
1.016
1.013
0.972
1.679
2.287
2.120
1.158
1.301
3.313
1.817
8.169
1.397
6.276
1.557
1.073
1.929
1.615
0.979
1.127
0.965
1.111
1.114
1.399
3.129
4.513
2.173
0.974
1.353
1.017
1.102
0.998
1.002
1.149
1.217
1.322
4.993
1.798
1.572
1.344
24.827
1.251
0.981
1.106
2.726
1.765
1.143
1.009
1.411
22.353
1.048
1.959
0.961
1.801
20.019
0.953
1.103
1.396
1.794
2.340
1.135
5.821
0.926
1.166
0.998
1.300
1.743
24.431
25.112
1.181
1.245
0.999
0.996
24.996
1.026
1.018
0.940
1.001
1.872
1.100
0.966
1.359
0.916
0.973
1.501
0.959
0.938
1.280
1.717
3.987
2.149
0.990
0.966
1.039
1.166
10.663
0.998
1.116
24.500
1.131
1.312
1.006
1.447
1.058
1.410
1.095
1.086
1.342
1.068
1.161
7.080
0.929
1.066
1.394
1.881
1.619
1.058
1.088
1.400
0.933
1.953
0.965
0.977
1.034
1.334
0.938
1.060
0.952
0.951
1.045
1.096
1.062
0.966
0.990
0.982
1.525
1.012
0.961
1.206
0.972
0.991
0.949
1.004
0.958
0.933
1.045
1.020
0.938
1.372
24.170
1.029
6.719
1.199
1.047
1.027
1.048
1.047
0.998
0.981
0.961
2.191
1.406
0.959
1.047
1.223
0.985
0.964
3.131
2.397
0.989
0.987
0.967
1.073
1.412
1.155
1.050
1.699
0.933
1.787
1.008
1.001
1.152
1.086
1.045
0.939
1.173
0.952
0.938
0.946
0.955
1.161
1.442
1.854
6.982
1.301
1.297
1.114
0.941
0.974
1.133
0.934
0.947
1.010
1.080
1.021
1.100
1.070
19.944
0.972
0.961
1.206
1.237
0.958
1.042
1.700
0.920
0.979
1.217
0.935
0.960
1.042
24.966
1.441
1.323
1.048
1.079
1.289
0.952
1.085
1.039
1.017
1.058
1.523
1.205
1.048
1.071
11.078
1.169
1.097
0.948
1.423
1.238
1.813
1.084
0.995
1.077
1.280
1.127
0.938
24.284
25.000
3.543
1.611
1.214
1.020
1.391
23.758
1.016
1.040
1.099
1.047
0.977
4.145
4.713
2.200
1.668
0.929
1.027
1.097
1.089
1.616
0.930
1.662
2.061
0.949
1.555
0.973
1.002
1.914
1.829
0.970
0.970
0.982
1.021
0.992
1.178
0.998
1.687
1.004
0.999
2.267
1.002
0.946
1.236
1.356
0.947
0.975
1.105
23.681
0.911
1.208
1.048
3.630
0.931
1.230
0.972
3.600
1.287
1.092
1.309
0.956
2.486
19.397
0.993
0.935
1.610
1.203
1.031
0.917
1.192
24.753
2.081
0.979
1.133
0.949
1.601
1.491
0.991
2.039
0.931
0.985
1.125
1.301
1.071
7.291
2.202
1.449
1.804
1.900
0.954
0.933
0.979
1.064
0.947
1.046
1.483
1.021
1.236
0.959
1.007
0.938
0.999
1.023
1.662
0.922
0.961
1.164
1.068
0.946
0.965
1.108
0.989
1.086
0.982
0.944
1.642
1.247
0.919
0.930
0.957
0.951
0.981
17.860
0.930
1.100
22.730
22.188
1.216
0.939
1.990
0.939
0.923
0.925
2.224
0.996
1.123
0.925
11.668
1.110
0.935
0.985
1.307
1.155
1.003
0.951
0.952
0.945
1.339
0.930
2.301
3.934
1.015
0.931
0.932
1.022
1.784
1.168
0.935
1.256
1.491
1.207
1.009
1.318
3.756
0.928
0.950
0.924
6.021
0.955
4.661
1.145
1.393
0.986
0.926
1.053
8.726
1.039
1.074
1.112
0.945
17.701
2.191
1.632
0.959
0.977
0.940
1.221
1.130
0.923
0.919
0.922
1.327
1.761
0.950
0.917
0.939
0.935
1.179
1.042
1.127
2.389
0.938
11.875
5.373
0.917
1.050
1.245
1.028
2.634
0.942
0.905
0.992
1.145
1.049
0.904
1.072
0.983
1.488
2.394
1.359
1.350
0.915
1.437
1.147
0.962
0.975
0.918
1.157
0.916
0.994
4.820
1.165
1.243
0.919
1.174
0.974
1.431
18.231
1.038
1.126
0.983
1.662
0.945
3.648
5.087
0.938
0.977
1.638
0.999
1.024
1.169
0.948
1.122
0.950
0.916
1.053
1.050
0.947
1.023
1.102
0.945
0.993
0.919
1.093
0.933
1.149
0.993
1.093
1.109
0.961
0.950
1.448
1.067
1.001
0.959
0.954
1.999
1.017
0.986
0.923
0.956
0.993
0.923
1.136
0.946
0.918
1.009
2.943
0.990
1.119
1.071
1.061
1.505
1.285
1.064
1.182
0.933
0.934
1.115
1.316
1.787
1.176
1.056
1.072
1.393
5.944
1.136
1.314
0.944
1.098
1.121
0.988
0.955
0.936
0.991
1.059
3.586
1.597
0.960
0.951
0.980
0.920
1.055
0.997
4.061
1.204
1.032
1.168
1.174
0.962
0.929
2.393
0.928
1.247
1.831
1.015
0.933
0.943
6.323
1.361
0.956
1.054
1.142
0.949
1.058
1.061
1.359
1.719
0.926
0.944
3.601
0.996
1.098
1.131
0.972
1.021
0.956
0.986
1.420
1.085
2.461
1.173
1.147
0.938
0.945
0.964
0.936
0.931
1.111
1.053
1.009
0.989
0.970
1.403
4.520
0.965
9.937
0.957
3.474
12.493
1.315
0.986
1.156
2.085
0.948
0.948
0.995
0.961
0.938
1.117
1.763
0.953
1.012
0.981
1.231
1.534
1.300
1.097
0.981
1.340
1.158
1.089
0.930
1.462
1.032
0.952
1.184
1.048
0.977
1.153
0.955
0.925
3.274
1.018
0.927
1.931
1.187
0.938
9.617
0.986
3.616
1.213
0.959
0.915
1.169
1.202
1.424
0.947
1.394
1.285
0.947
1.019
0.956
0.935
1.122
0.974
1.343
3.261
0.937
1.116
6.488
0.954
0.946
0.972
0.937
0.935
0.986
0.943
1.984
0.979
1.044
1.034
1.654
1.110
1.327
0.946
2.706
0.940
0.930
0.963
0.952
0.965
1.019
1.064
0.978
0.930
1.092
4.346
1.140
1.432
1.146
0.999
0.950
1.053
0.994
2.069
1.111
0.962
1.287
1.105
1.064
1.032
1.160
0.961
0.999
1.211
0.913
0.931
0.959
0.967
1.133
0.977
0.975
1.118
1.055
0.994
1.094
1.044
1.268
1.042
0.904
0.912
1.094
1.013
1.162
1.046
0.916
1.657
1.213
0.951
5.377
1.071
4.297
1.267
0.944
1.313
1.041
0.969
1.080
0.931
1.168
1.073
1.083
1.070
0.930
0.915
0.947
0.924
1.188
0.934
1.337
1.085
1.043
1.241
1.165
1.110
0.945
1.439
1.692
0.996
0.936
1.614
2.562
1.263
1.345
0.972
1.336
12.019
0.943
2.359
1.179
0.939
0.923
0.924
1.158
0.955
1.193
1.383
1.113
5.752
1.237
1.371
1.074
0.986
0.925
1.263
1.400
1.834
21.227
1.089
1.608
4.948
1.062
0.915
15.945
20.606
1.392
1.047
0.970
1.276
1.137
1.108
0.985
1.251
0.970
0.962
1.479
0.912
1.021
1.241
1.932
1.916
2.101
2.077
0.952
13.800
0.938
1.078
1.093
0.939
1.070
1.091
0.961
0.909
1.122
1.992
3.192
0.994
1.306
18.472
1.193
1.113
1.003
1.255
1.221
1.040
0.927
1.167
1.019
1.023
0.911
0.949
0.940
1.178
1.122
0.968
1.060
1.156
1.093
0.972
0.959
1.358
0.901
24.999
0.949
0.952
6.816
1.517
1.549
1.063
0.966
1.476
3.564
0.959
1.196
0.912
1.226
1.484
1.079
1.339
0.913
1.065
0.956
1.075
0.959
0.978
8.316
25.002
1.128
3.771
0.954
1.020
0.938
0.931
0.938
0.944
1.051
1.499
1.021
1.058
1.229
1.072
2.048
1.377
5.636
2.448
24.892
0.932
2.162
1.414
0.961
1.100
1.757
2.257
1.386
0.945
1.285
0.994
0.912
1.118
1.269
1.052
0.928
1.033
1.293
0.955
1.082
1.003
1.432
0.944
0.975
0.909
0.941
1.516
0.920
1.416
24.154
1.722
1.065
5.039
3.797
1.045
6.910
0.992
0.942
0.972
0.984
0.940
1.160
24.998
1.239
0.936
1.185
0.924
0.904
1.152
0.988
1.023
1.011
0.968
0.927
0.956
1.088
0.999
0.967
0.975
1.109
19.545
1.014
1.103
1.171
1.085
12.151
1.282
0.921
0.913
1.235
1.358
1.415
0.979
1.423
1.097
25.006
1.773
0.975
1.310
0.934
0.919
0.953
6.168
1.299
0.912
0.911
1.880
3.132
24.999
0.947
0.923
5.856
1.211
1.164
0.971
1.027
0.944
0.907
0.922
1.009
0.977
1.300
0.965
0.929
1.147
1.108
0.937
21.796
1.077
1.363
1.090
1.148
14.205
0.975
0.963
0.914
12.871
1.827
1.377
1.047
1.784
1.174
0.926
12.487
0.910
0.910
1.574
2.730
20.507
1.208
0.972
1.249
0.918
0.902
0.959
0.904
1.009
0.906
1.052
0.933
3.679
1.036
0.922
1.051
0.962
1.124
1.039
1.656
1.243
1.198
0.957
0.942
0.920
0.910
0.941
5.362
1.057
1.268
13.642
1.023
1.236
0.926
0.897
1.036
0.907
0.977
1.373
1.250
1.294
9.633
1.079
0.932
0.919
0.917
0.910
1.187
1.723
1.165
0.912
1.013
25.000
0.932
20.813
1.012
0.926
1.922
0.952
0.986
1.446
2.148
2.162
1.422
1.308
1.085
5.191
0.965
1.260
1.003
0.999
0.998
0.894
0.893
1.010
0.961
23.095
1.194
1.082
1.098
4.883
13.940
0.895
1.850
1.483
0.924
1.831
18.363
1.823
6.398
0.895
1.205
0.913
3.081
0.929
1.421
1.306
1.363
1.719
1.346
0.987
0.952
1.659
1.121
0.939
0.969
1.425
1.087
0.983
1.140
0.957
16.355
0.897
1.632
0.906
0.910
1.003
1.093
1.174
0.922
0.920
1.179
1.385
2.667
1.084
1.014
1.149
0.977
0.936
1.189
1.077
1.989
1.013
0.899
24.190
9.348
0.912
1.231
0.916
1.356
0.920
0.944
0.926
0.943
1.153
1.305
1.263
0.901
8.520

Results for GA
Target: Iris-versicolor: 
Correctly classified 149.0 instances.
Incorrectly classified 1.0 instances.
Percent correctly classified: 99.333%
Training time: 430.610 seconds
Testing time: 0.004 seconds

