-i 5000 -algo ga -tomate 100 
Iterations: 5000
toMate: 100.0

Error results for GA
Target: Iris-versicolor
---------------------------
17.682
20.542
17.243
32.098
17.319
17.882
25.830
17.945
21.419
28.889
22.200
18.822
16.881
18.070
18.380
16.596
19.878
15.242
16.673
17.385
16.267
16.597
16.123
25.140
16.940
15.529
16.478
16.816
19.797
16.555
19.961
16.772
15.892
18.398
18.551
19.576
19.390
17.366
15.993
20.088
17.522
20.162
20.835
26.838
23.833
17.057
19.431
19.347
17.674
16.728
16.647
18.301
15.878
17.393
17.025
17.167
20.936
17.916
20.461
16.761
16.859
17.315
17.873
19.988
17.290
19.043
19.592
19.231
17.970
16.764
16.691
16.339
17.615
17.949
18.204
20.619
19.384
23.213
17.040
20.094
16.736
19.191
17.081
18.350
17.656
18.390
15.777
17.121
17.614
20.167
15.196
19.746
15.361
17.211
18.090
21.004
17.383
15.701
16.119
15.736
17.727
16.948
16.795
18.469
16.266
16.562
15.697
16.383
16.636
16.439
17.345
17.411
16.280
17.791
18.330
18.687
15.887
18.274
16.713
16.710
16.034
15.862
17.899
17.144
16.471
15.975
15.711
17.431
18.321
16.524
17.327
19.309
16.975
15.643
18.228
16.284
16.896
19.290
16.820
17.273
18.794
16.820
16.303
15.151
15.203
17.083
17.082
16.066
17.251
18.866
17.310
16.273
16.953
16.712
16.723
15.756
16.172
16.178
17.132
15.707
18.633
16.003
18.951
17.502
16.919
15.414
16.808
17.429
15.855
15.455
15.189
16.268
15.826
16.246
16.012
16.894
16.956
17.226
19.462
15.384
16.668
16.706
17.259
16.917
15.910
18.899
16.427
17.657
17.360
18.742
15.682
15.071
15.207
15.598
16.055
15.523
15.269
15.649
16.384
16.639
18.277
16.505
15.922
16.305
15.426
17.002
16.585
16.774
16.404
15.381
15.987
16.331
15.998
15.643
15.991
16.034
15.980
14.881
15.693
15.947
15.714
15.083
16.131
16.583
17.237
16.102
15.951
17.247
15.616
15.628
15.629
15.911
15.467
15.741
17.251
17.023
15.441
15.087
15.364
15.510
14.986
18.133
16.911
15.999
15.299
16.137
16.399
15.938
17.509
17.063
14.882
15.465
16.927
18.841
15.503
16.983
14.748
15.200
15.773
15.279
15.253
15.539
16.211
15.484
15.496
16.331
15.430
15.106
15.239
17.992
15.416
15.829
15.847
15.165
15.582
15.818
16.377
16.744
15.288
15.965
16.143
14.636
14.986
16.829
15.503
15.480
14.760
14.655
15.164
15.365
15.186
14.994
15.547
16.035
16.440
16.419
15.785
15.693
15.638
14.988
15.606
16.229
15.199
14.896
15.612
14.907
15.089
15.611
15.115
16.166
15.929
14.945
15.198
15.741
14.920
14.893
15.301
15.059
16.279
15.536
14.975
15.031
15.941
15.666
15.935
15.857
15.420
15.232
15.722
15.823
15.806
15.904
15.094
15.296
15.336
15.279
15.641
15.105
15.209
15.994
15.082
15.369
15.426
16.356
15.841
15.403
15.028
16.191
15.541
15.777
15.447
15.648
14.653
16.034
15.599
15.150
15.309
15.353
16.086
15.890
15.523
16.189
15.572
15.721
16.593
16.420
14.890
15.187
14.746
15.472
15.572
16.176
16.324
15.588
15.492
15.508
14.899
16.869
14.685
15.314
15.783
15.296
15.202
15.216
15.976
15.325
15.005
15.646
15.037
15.494
15.552
15.369
15.481
15.415
14.921
16.444
15.756
15.358
15.477
15.517
15.432
15.471
15.206
15.641
15.494
15.048
15.916
15.469
15.568
14.992
14.991
15.572
15.222
14.864
15.727
16.230
15.476
16.767
16.086
15.214
14.842
15.180
15.000
15.655
15.349
15.325
15.539
15.058
15.729
14.962
15.581
15.410
15.532
15.504
16.060
15.728
15.301
15.294
14.977
15.649
15.378
15.593
15.297
16.093
15.594
15.585
15.807
14.980
15.212
14.962
16.154
15.157
14.890
15.984
15.394
15.361
15.503
15.064
15.312
15.711
16.116
15.061
15.339
14.990
15.167
16.372
15.595
17.564
15.277
15.087
15.690
15.678
14.285
15.185
15.208
15.926
15.421
15.243
17.113
15.539
15.212
20.024
15.361
14.838
14.668
14.824
14.821
15.402
14.940
15.839
15.236
15.659
14.752
15.025
15.810
15.337
15.319
15.214
14.851
15.313
14.833
14.866
14.855
16.252
15.109
14.511
14.473
14.741
14.780
14.818
17.467
15.608
17.195
14.753
15.572
15.311
15.512
16.379
14.976
15.313
15.748
15.495
16.548
16.658
15.128
15.163
14.763
15.161
15.583
15.017
15.023
14.675
15.336
15.697
15.022
15.700
15.245
14.926
14.910
14.914
15.326
15.078
15.002
15.399
15.362
15.597
16.793
15.315
14.780
15.237
14.961
14.828
14.729
14.607
15.227
14.930
14.975
14.851
14.707
14.967
14.898
15.569
14.974
15.116
15.516
14.523
15.000
15.899
14.561
15.126
14.790
16.047
15.291
14.651
16.083
14.826
15.259
15.776
15.077
14.978
14.839
14.802
15.379
14.798
14.927
15.134
15.524
15.563
14.754
14.563
16.660
15.154
14.558
14.986
14.923
14.889
15.111
16.197
15.294
15.193
15.246
14.541
15.146
15.870
14.914
15.551
15.239
14.904
14.825
15.012
15.237
14.855
15.320
15.000
15.416
15.503
15.219
15.840
14.835
15.230
15.821
14.633
15.851
14.962
14.743
14.969
15.089
15.378
15.532
16.336
15.702
15.160
14.610
14.758
15.955
16.878
14.644
14.617
15.330
14.562
15.073
15.841
14.695
14.743
15.949
15.390
15.230
15.172
15.599
14.593
14.722
15.812
14.744
14.912
14.602
15.588
14.611
14.880
16.277
15.243
14.715
15.194
14.720
14.472
14.465
15.258
14.560
14.862
14.733
15.106
15.255
14.819
14.590
14.908
15.129
14.768
15.007
14.620
14.887
14.543
14.650
14.362
14.655
14.965
14.616
14.706
16.519
14.973
15.249
15.136
14.735
14.663
15.424
14.883
15.006
15.013
15.143
14.387
14.566
15.055
14.681
14.802
14.542
14.933
14.502
15.086
15.400
15.400
15.023
15.088
15.059
14.666
14.833
14.956
15.238
15.022
14.752
15.051
14.264
15.381
14.664
15.185
14.828
14.392
14.971
15.111
15.509
14.692
15.110
14.097
15.002
14.520
15.389
14.993
14.788
14.490
14.198
14.454
14.398
14.985
15.806
15.575
14.551
14.630
14.900
15.372
13.658
14.781
14.234
15.003
14.459
14.823
14.374
14.284
15.024
14.234
14.654
15.011
15.419
14.547
15.127
15.628
14.580
16.104
14.053
14.571
13.711
15.813
14.353
14.657
14.690
14.781
14.299
13.993
14.108
14.608
14.607
14.396
14.163
14.136
14.908
14.885
15.491
14.310
14.423
15.113
15.431
14.265
15.783
14.403
15.309
15.935
16.450
14.382
13.976
13.864
14.520
14.403
13.491
14.264
13.992
14.908
14.383
14.636
13.923
13.669
14.288
14.495
14.886
14.667
14.669
13.778
13.850
14.052
14.158
13.416
14.740
14.296
14.147
14.510
15.034
14.569
13.815
14.851
15.196
13.111
14.728
14.022
14.360
14.322
13.711
14.501
14.087
14.313
14.043
13.791
13.941
14.480
13.985
14.071
14.562
15.821
13.125
14.950
14.101
13.896
13.719
13.008
15.227
14.020
14.999
13.901
14.010
13.959
16.927
14.723
14.025
14.068
14.364
14.066
13.724
13.628
13.313
13.903
14.573
13.844
13.280
14.007
13.685
13.731
13.696
13.869
13.839
13.923
12.932
14.252
15.246
14.252
13.323
14.635
14.823
14.987
13.901
14.700
14.311
14.722
13.650
14.375
13.746
14.193
13.762
14.330
14.409
13.587
13.568
14.610
14.046
14.598
14.527
14.272
14.074
14.069
13.299
13.707
13.246
13.785
16.039
13.982
14.849
14.064
13.198
13.761
13.757
14.447
13.236
13.784
13.745
13.253
14.195
13.650
14.289
13.725
13.465
13.793
13.177
14.227
14.097
13.035
14.291
14.331
13.255
13.565
13.398
13.230
13.980
14.203
15.108
14.914
13.991
13.154
13.550
13.396
13.276
13.423
13.496
13.445
13.758
13.560
13.672
13.218
13.081
12.689
13.314
14.716
13.026
15.137
13.197
13.156
13.211
13.143
12.988
14.031
13.912
14.645
13.406
14.120
13.514
14.160
13.164
13.513
12.913
14.015
13.132
12.730
13.206
13.315
13.225
13.645
13.409
12.651
13.741
13.735
14.654
13.097
13.055
13.546
13.651
14.086
13.162
12.814
13.377
13.220
13.347
13.296
14.214
12.824
13.164
14.528
13.132
13.656
13.083
13.188
12.721
12.902
13.161
12.960
13.385
13.336
13.669
13.262
15.520
13.283
14.818
13.803
12.902
13.411
12.855
13.287
14.699
12.848
13.235
13.843
13.663
13.122
13.516
13.237
13.996
13.120
12.802
12.774
12.826
13.064
13.149
12.951
12.874
13.352
13.084
13.155
13.051
12.851
13.375
12.759
13.377
12.928
13.592
12.789
13.605
13.489
12.745
13.569
13.084
13.531
13.160
13.271
14.679
13.066
12.855
13.103
13.255
13.091
13.006
14.377
12.802
13.096
15.108
12.949
13.064
13.026
13.006
12.998
13.065
13.114
13.344
13.898
13.074
12.921
12.866
13.175
13.464
12.980
13.144
13.287
13.079
13.720
13.037
13.357
13.410
12.793
12.932
12.969
13.069
12.867
13.848
13.984
13.408
13.076
13.506
13.302
13.106
12.902
12.721
13.538
13.043
13.219
12.780
13.413
12.790
12.998
13.358
12.712
12.967
12.892
13.406
13.172
14.120
13.316
12.925
12.835
12.949
13.962
12.684
12.267
13.496
12.815
13.115
14.537
13.004
12.844
12.704
12.896
13.275
12.995
12.651
12.365
13.319
12.899
13.525
12.170
13.206
12.939
12.915
13.021
13.815
13.282
13.504
13.478
15.454
12.742
13.538
14.192
14.119
13.253
12.894
13.121
13.820
12.821
13.589
13.615
12.965
13.579
13.467
12.574
12.833
13.254
13.129
13.784
13.420
13.017
13.089
12.704
13.076
13.611
12.300
13.352
13.168
12.214
12.369
12.961
13.135
13.574
13.701
14.628
12.697
13.533
12.023
13.155
13.080
12.236
12.755
11.823
12.911
12.849
12.330
12.886
13.513
12.017
13.162
12.686
13.984
13.745
12.928
12.703
12.926
11.970
13.668
11.819
12.205
12.162
12.988
13.678
12.484
13.625
13.208
13.144
13.271
12.867
11.811
13.506
12.521
12.574
12.791
11.909
13.993
11.794
12.392
13.301
12.143
11.771
13.248
13.662
13.005
11.483
13.167
12.739
12.025
12.873
12.445
18.288
12.754
11.988
12.386
12.820
13.726
12.688
12.174
11.843
13.958
11.916
12.140
14.673
12.494
11.562
11.802
12.103
12.221
11.500
12.813
12.329
11.687
13.292
12.018
13.302
12.502
11.704
11.934
11.199
11.877
12.318
11.683
11.824
12.854
12.125
12.379
12.179
11.725
11.649
11.947
11.924
13.829
14.789
12.745
14.159
12.035
12.042
13.927
11.980
12.319
12.514
12.032
12.042
12.520
11.577
11.505
12.146
11.653
12.809
12.033
11.405
12.076
12.182
12.787
11.345
13.900
13.053
11.373
12.966
12.778
12.742
11.509
12.296
11.877
13.363
12.044
12.431
11.740
12.426
12.092
12.956
11.608
11.901
13.467
12.425
11.847
11.375
12.617
11.432
12.117
11.208
11.388
11.401
11.433
14.014
11.585
13.333
11.060
11.520
12.433
12.062
11.240
11.323
12.070
10.666
11.202
11.667
11.402
11.533
12.035
11.927
11.610
11.038
11.139
11.322
11.322
11.427
10.972
11.863
11.287
12.163
11.900
11.975
12.330
11.309
11.385
11.547
11.551
13.341
11.500
12.781
11.875
12.689
13.032
13.544
12.136
12.247
12.777
11.096
10.953
11.439
12.544
11.074
11.608
11.102
11.610
11.706
12.225
11.234
11.102
11.448
10.959
11.664
11.916
11.271
11.300
11.309
12.912
11.385
11.393
12.309
11.539
11.119
11.200
11.955
11.048
12.953
11.474
11.114
11.092
11.720
11.105
13.947
11.106
11.891
11.308
11.309
10.935
11.042
11.073
12.265
11.293
11.097
11.751
11.110
11.117
11.824
10.909
10.480
11.303
11.385
11.484
10.952
10.908
11.169
11.408
11.562
11.254
12.210
10.915
11.179
11.045
11.333
11.173
11.167
11.226
10.823
11.074
10.934
12.696
12.014
11.639
12.315
10.902
12.135
10.912
11.146
11.379
11.189
11.523
10.900
12.412
12.465
11.708
10.879
11.644
11.205
11.252
11.167
11.537
12.166
11.515
11.267
11.201
10.861
10.803
12.605
10.755
10.641
11.203
10.975
11.309
11.387
11.408
11.234
11.215
10.925
11.542
10.933
10.840
11.080
11.202
11.518
11.390
11.118
11.242
10.933
10.827
11.037
11.229
11.458
11.368
11.745
11.836
12.664
10.491
10.966
10.971
11.771
10.937
10.873
10.886
11.556
12.854
11.328
12.675
10.863
11.728
11.393
11.256
10.264
11.248
10.897
11.394
11.002
11.587
10.607
10.514
10.778
11.136
10.688
11.253
10.691
11.337
10.845
11.132
10.535
11.697
11.129
10.968
10.922
12.727
9.918
10.937
10.851
10.887
11.379
9.971
10.631
12.455
11.030
10.800
11.767
10.966
10.631
10.450
10.642
10.859
11.076
11.447
11.348
9.649
11.669
10.340
11.834
10.326
10.615
10.740
10.216
10.491
10.531
10.909
10.971
11.535
10.643
11.098
11.049
10.183
11.031
10.335
11.451
10.575
10.373
11.156
10.374
11.001
9.583
9.541
10.897
10.687
10.372
9.512
10.342
9.616
10.001
10.564
10.938
9.615
10.716
9.707
10.543
10.451
9.367
9.735
10.456
9.722
9.792
9.487
10.084
9.509
9.753
10.518
9.758
11.173
9.953
10.328
9.926
10.115
9.502
10.051
9.784
9.420
10.257
10.138
9.635
10.215
10.965
9.725
9.821
9.804
10.187
9.680
9.678
9.606
10.151
10.847
9.666
9.757
10.464
9.866
10.266
9.625
10.811
9.693
10.605
9.727
9.484
9.951
9.684
9.716
9.669
9.816
9.681
10.174
9.536
9.324
9.804
9.697
9.801
10.324
9.798
9.866
9.580
9.821
9.613
9.332
9.802
9.458
10.054
10.446
9.825
10.408
9.959
10.154
9.964
9.657
9.354
10.896
9.456
10.060
10.564
9.717
9.647
9.669
10.051
9.522
9.304
9.655
10.290
9.530
9.462
9.749
9.635
9.404
9.761
9.528
9.473
9.765
9.530
9.784
9.729
9.753
9.777
9.636
9.567
10.089
12.228
10.055
9.877
9.818
9.899
9.484
9.585
9.475
9.944
9.416
9.416
9.523
9.526
9.682
9.400
9.811
9.483
9.507
9.840
9.724
9.648
9.406
9.257
9.460
10.149
10.684
9.525
10.612
9.430
10.550
10.256
9.632
9.362
9.895
10.185
9.706
9.593
9.621
9.789
10.180
10.351
10.174
9.770
9.739
9.462
9.933
9.552
9.736
9.516
9.699
9.698
9.844
9.663
9.793
9.500
10.051
9.332
9.633
9.961
9.589
9.434
9.802
10.364
9.585
9.336
9.653
9.633
9.533
9.613
11.198
9.840
9.821
9.593
11.237
9.823
9.824
9.977
10.171
9.607
9.262
9.825
9.630
9.471
9.466
10.195
10.138
10.487
9.953
10.887
9.109
9.120
9.577
9.487
10.296
9.424
9.586
9.487
9.448
9.450
9.602
10.045
9.528
10.096
9.516
9.437
10.720
9.692
9.416
9.348
9.425
9.954
9.751
9.574
10.293
9.558
9.693
9.514
9.983
9.451
10.036
9.705
9.816
9.441
10.040
9.600
9.646
9.436
9.590
9.473
9.522
9.460
9.505
10.247
9.503
10.499
9.902
9.531
9.607
9.736
9.585
9.526
9.479
9.804
9.780
9.691
9.437
9.651
9.396
9.783
9.786
9.828
9.851
9.988
9.278
9.372
10.557
9.777
9.417
9.413
9.673
9.457
9.499
9.423
9.422
9.787
10.184
9.439
9.863
9.371
10.133
9.202
9.935
9.470
9.225
10.229
9.448
9.585
9.388
9.356
9.234
9.409
9.421
9.632
9.265
10.106
9.495
9.282
9.381
17.185
9.153
9.903
9.316
9.563
9.396
13.648
9.357
9.528
9.362
9.229
11.010
9.493
9.438
9.232
9.360
9.754
10.677
9.218
9.368
9.827
9.292
9.270
9.478
9.243
9.281
9.225
9.243
9.252
9.538
9.438
9.628
9.505
9.482
9.451
10.620
9.273
9.299
9.551
9.629
9.450
9.478
9.881
9.220
9.370
9.431
9.622
9.397
9.379
9.552
9.421
9.325
9.242
9.443
9.749
9.346
9.304
10.176
9.277
9.521
9.843
10.598
9.558
9.538
9.606
9.225
9.587
9.362
9.479
9.557
9.537
10.159
9.303
9.282
10.013
9.494
9.198
9.273
9.654
9.421
10.148
9.972
9.248
9.307
9.721
9.333
9.484
9.253
9.415
9.182
9.139
9.327
9.925
9.542
10.201
9.241
9.263
9.424
9.274
10.587
9.516
9.519
10.044
9.475
9.360
9.313
9.083
9.323
9.866
9.897
9.369
9.222
12.310
9.465
9.898
9.340
9.148
9.762
9.472
9.519
11.268
9.470
9.525
9.238
9.136
9.414
9.761
10.538
9.240
9.873
9.302
9.408
9.380
9.265
10.479
9.482
9.477
9.552
9.366
9.538
9.374
9.176
9.340
9.335
11.211
9.349
9.246
9.231
15.055
9.194
9.181
9.517
9.382
9.266
9.488
9.352
9.676
9.210
8.954
9.258
9.679
9.430
9.046
9.000
9.212
9.200
9.483
8.996
9.134
9.569
9.178
9.482
9.025
9.055
9.471
9.194
9.135
9.982
9.213
9.442
9.967
9.097
9.289
9.262
8.906
9.130
9.223
9.429
9.751
8.965
9.272
9.210
9.110
9.134
9.005
9.081
9.060
9.234
9.409
9.085
9.079
10.479
9.470
9.216
9.862
9.075
8.994
9.397
9.132
8.868
9.230
10.732
9.117
9.303
8.816
9.266
9.467
9.227
9.097
9.142
9.019
10.584
9.121
9.240
9.186
9.217
9.215
9.151
9.242
9.163
8.969
9.125
9.373
9.968
9.342
11.992
8.929
9.036
8.747
9.247
8.931
9.364
8.672
9.599
9.322
9.291
9.355
8.930
9.074
8.859
9.081
10.007
9.116
9.197
9.522
9.081
9.288
9.144
9.238
9.154
9.763
9.855
9.420
9.125
8.972
9.254
9.664
9.228
9.039
9.220
8.750
9.429
9.167
9.238
9.449
8.763
9.188
9.627
9.368
8.735
9.173
9.212
9.204
9.235
9.393
9.229
9.539
9.449
8.908
9.154
9.274
9.092
9.179
9.017
9.015
8.804
9.270
9.343
9.361
8.601
8.851
8.728
9.264
9.041
8.869
9.815
9.059
9.743
9.157
11.004
9.147
9.335
10.014
8.673
9.232
10.059
11.677
9.221
8.567
9.081
8.902
11.424
9.253
8.749
8.874
8.975
9.120
8.883
9.034
9.060
8.005
9.044
8.416
8.473
8.862
8.433
8.960
9.342
9.017
8.936
8.799
8.432
8.324
8.634
8.492
9.171
9.092
8.591
8.722
8.378
8.514
8.779
8.924
9.187
8.864
9.104
9.913
8.727
8.619
9.078
8.464
8.687
8.351
8.698
8.374
8.041
8.360
8.515
8.607
7.873
8.570
8.372
8.497
8.356
8.932
10.203
8.015
8.297
8.367
9.012
8.203
8.181
8.703
8.394
8.687
9.038
7.952
8.014
8.753
7.886
9.239
17.837
8.274
14.279
8.777
7.862
7.986
7.963
9.024
9.082
7.839
7.842
8.915
8.023
8.031
7.923
7.888
7.952
7.839
8.299
7.979
8.546
8.230
8.050
8.041
7.780
7.945
8.150
8.133
8.839
7.813
7.705
7.776
8.559
7.975
7.907
7.766
7.524
7.442
8.045
8.011
8.778
7.934
7.976
8.029
8.211
8.590
7.750
7.890
7.933
8.037
8.011
7.712
7.664
8.401
7.696
7.679
8.260
8.159
7.894
7.750
8.642
7.819
7.758
8.010
7.922
7.616
7.899
8.438
7.850
7.876
7.860
8.035
7.872
8.075
7.866
7.791
7.891
7.991
7.849
7.971
8.192
8.245
8.023
7.887
7.706
7.965
7.867
8.574
8.180
7.906
7.846
8.413
7.840
11.000
7.851
8.067
7.836
7.886
8.220
7.770
7.663
7.842
7.565
8.766
7.874
7.343
7.766
7.718
17.610
7.896
7.849
7.804
7.735
7.835
7.802
8.318
7.772
7.767
8.088
7.619
7.718
7.810
7.863
8.028
7.693
7.751
8.271
7.802
7.950
7.518
7.922
7.301
7.595
7.793
7.935
9.359
8.274
7.948
7.764
7.633
7.680
7.905
7.529
7.789
9.215
8.041
7.505
8.698
7.512
7.860
7.895
7.477
7.735
7.982
8.253
8.000
7.600
7.993
7.508
7.980
7.679
8.045
7.982
7.884
8.003
7.782
8.199
8.003
7.626
7.765
7.688
8.052
7.967
7.786
7.839
7.772
7.774
7.870
7.746
9.170
7.674
7.834
7.776
8.789
7.675
8.369
7.520
7.824
7.808
8.384
7.674
9.277
8.071
8.658
7.498
7.562
8.970
7.667
7.908
7.511
7.821
8.031
8.533
7.646
8.161
7.852
7.798
7.589
7.749
8.050
7.713
8.244
8.781
7.890
8.098
8.075
7.178
7.660
7.826
7.635
8.053
7.917
8.075
8.808
7.761
7.671
8.145
7.763
7.646
8.036
7.641
8.019
7.818
7.884
7.883
7.731
7.763
8.078
7.816
8.286
7.725
7.832
7.940
8.443
7.610
8.975
8.069
8.100
7.961
8.026
7.887
7.546
9.364
7.636
7.756
7.699
8.360
7.529
7.521
7.503
7.565
9.662
8.572
8.004
7.674
9.164
7.584
7.761
8.688
8.379
7.772
7.727
7.461
8.421
7.602
9.704
9.052
7.683
7.615
7.642
7.654
7.474
7.876
7.672
7.740
7.626
8.091
7.995
7.865
8.006
7.967
7.501
9.324
8.000
7.615
7.412
7.480
7.685
7.506
7.944
7.568
7.773
7.869
7.713
8.956
8.236
7.532
7.923
7.770
7.790
8.342
8.213
9.131
7.751
7.370
8.867
7.457
7.689
7.622
7.715
7.447
7.612
7.813
7.810
7.294
7.586
7.900
8.407
7.512
7.809
8.064
8.260
7.770
7.395
7.846
7.803
8.737
7.775
7.856
7.538
7.999
8.305
8.181
7.517
7.613
8.063
7.700
7.955
8.089
7.529
7.620
7.595
8.099
7.288
8.283
7.482
7.539
7.437
7.748
7.699
7.599
10.286
7.442
7.658
7.603
7.699
7.382
7.864
7.529
7.698
7.349
7.484
7.762
7.627
7.601
7.581
8.466
7.695
7.681
11.622
7.602
7.463
7.609
7.761
7.563
7.356
7.377
7.723
8.109
7.443
8.088
7.450
7.723
8.016
9.148
7.649
7.521
7.397
7.375
7.682
7.854
7.424
8.425
7.764
8.186
8.055
7.974
7.123
7.485
7.726
7.931
7.481
7.690
7.706
7.468
7.442
7.747
7.771
7.462
7.679
7.306
7.566
7.871
7.532
8.060
7.530
7.637
7.872
7.443
7.614
7.808
7.968
7.351
7.578
7.608
8.642
7.821
7.910
7.565
7.581
7.402
7.399
7.668
7.736
7.572
7.497
7.594
7.552
7.595
7.423
7.381
7.535
7.797
7.893
7.549
7.564
7.540
7.398
7.736
7.522
7.324
7.414
7.557
7.817
7.633
8.458
7.831
7.370
7.938
7.416
8.159
7.981
7.732
7.400
7.468
7.481
7.592
7.552
8.683
7.505
7.448
7.447
7.209
7.394
7.536
7.520
7.530
7.648
7.364
7.429
7.859
7.283
7.380
7.396
10.366
7.497
7.505
8.468
7.175
7.328
7.278
7.592
7.487
7.195
7.745
7.779
7.741
8.399
7.556
7.230
8.866
7.579
7.957
7.508
7.429
7.528
7.319
7.621
8.539
7.198
7.385
7.515
12.606
7.594
8.087
7.811
7.447
7.365
8.126
7.468
7.428
7.448
7.520
7.801
7.451
7.577
8.531
7.548
7.800
7.223
7.185
8.174
7.633
8.059
7.558
7.555
8.857
8.436
7.497
7.626
7.322
8.438
7.222
7.302
7.209
7.394
7.421
7.595
7.359
7.259
7.455
7.465
7.568
8.770
7.415
7.465
7.481
7.727
7.298
7.445
7.560
7.323
7.540
7.987
7.553
7.170
7.412
7.876
7.921
7.382
7.262
7.679
7.067
7.311
7.180
7.282
7.495
7.127
7.892
7.619
7.611
7.820
7.549
8.241
7.657
7.559
7.371
9.712
7.335
7.594
8.271
7.092
12.258
7.680
7.672
7.434
7.544
7.594
7.792
7.538
7.300
7.352
7.601
7.787
10.318
7.307
7.554
7.513
7.475
7.181
7.172
7.855
7.351
7.624
7.458
7.447
7.221
7.498
7.308
7.414
15.026
7.401
7.589
7.443
7.735
7.456
8.007
7.199
7.243
7.525
7.568
7.727
7.558
7.388
7.455
7.443
7.700
7.719
7.459
7.288
6.947
7.413
7.684
7.529
7.515
7.395
7.430
7.272
7.569
7.316
7.457
7.985
7.206
7.304
7.124
7.360
7.212
8.618
7.126
7.394
7.121
7.725
7.262
8.736
7.250
7.946
7.439
7.286
7.592
7.250
7.206
15.325
8.270
7.999
7.241
7.211
7.232
7.089
7.222
7.792
7.217
7.590
7.321
7.447
7.297
7.245
8.246
7.386
7.582
7.262
7.403
7.322
7.104
7.248
7.378
7.233
7.141
7.427
7.535
7.049
7.253
7.259
7.199
7.128
7.018
7.999
7.535
7.408
7.017
7.331
7.355
7.080
9.671
7.112
7.148
7.211
7.247
7.101
7.354
7.113
7.847
7.656
7.361
7.412
7.620
7.070
6.967
7.186
7.158
6.921
7.133
7.033
7.009
7.718
6.959
7.237
7.067
7.151
7.085
7.396
6.783
7.412
6.881
6.742
6.738
6.993
7.015
7.295
7.022
7.057
7.248
7.123
7.156
6.776
14.751
7.598
6.807
7.148
6.645
6.931
7.096
6.772
7.403
6.989
7.483
6.814
6.980
6.973
6.820
7.012
7.059
7.037
6.709
7.094
6.826
12.879
6.901
6.966
6.625
6.725
7.349
6.852
7.291
7.458
7.521
6.894
7.426
7.088
7.825
6.538
7.108
7.217
6.490
7.029
6.767
6.624
7.392
7.722
7.066
7.282
6.876
6.627
6.853
6.912
6.975
7.761
6.693
7.066
7.143
6.751
7.086
6.884
8.326
6.768
7.182
7.236
7.065
6.768
7.069
6.998
6.727
6.493
6.810
7.948
6.931
7.987
6.775
6.489
6.688
6.640
7.017
6.470
6.806
6.440
6.524
6.817
6.768
6.097
6.293
7.025
6.968
6.432
6.336
7.132
6.246
6.505
7.700
6.776
6.762
6.336
6.544
7.042
6.432
6.428
6.479
6.956
7.241
9.140
7.221
7.082
6.360
7.782
6.626
6.518
6.404
6.554
6.731
6.136
6.790
6.999
8.746
6.505
6.678
6.331
6.639
7.448
6.518
6.376
6.492
6.415
7.000
6.703
9.102
6.573
6.739
6.585
6.592
6.425
8.277
6.588
6.508
6.761
10.352
6.514
6.540
6.303
7.027
6.054
6.834
6.151
6.219
6.403
6.538
6.990
7.987
6.291
6.094
6.300
6.565
7.368
6.272
6.298
6.225
6.386
6.965
6.448
6.750
6.339
6.039
6.474
6.538
6.635
6.283
6.271
6.882
6.330
6.995
6.699
6.178
7.338
6.759
6.602
6.201
6.036
6.196
10.280
6.295
6.391
7.301
6.731
6.188
6.068
6.568
6.672
7.178
5.853
6.015
6.521
6.362
6.825
6.468
6.738
6.072
9.175
5.908
6.407
6.083
6.519
6.720
6.180
8.006
6.298
7.231
8.344
6.399
6.955
6.114
6.539
6.141
6.237
5.933
7.165
6.055
6.615
6.460
6.206
5.983
5.997
6.123
5.975
6.208
6.062
6.221
6.318
6.269
6.189
6.727
6.804
6.663
6.457
6.097
7.884
6.212
6.183
5.977
5.958
6.204
6.221
5.997
6.405
6.574
6.030
7.411
5.940
6.218
6.090
6.393
6.059
6.171
6.116
5.989
6.084
6.159
6.290
5.990
6.017
6.034
6.779
6.209
6.208
5.862
6.174
5.961
6.045
5.991
6.067
6.079
5.989
6.190
6.418
6.023
5.938
5.991
6.544
6.115
5.993
6.323
5.734
5.939
6.083
6.004
5.995
6.039
5.959
6.133
6.257
6.805
6.036
6.181
6.143
6.118
5.973
5.997
6.950
6.260
6.618
6.254
6.025
6.093
6.110
6.168
6.208
5.922
6.020
6.046
6.016
6.060
5.941
6.025
6.047
5.950
6.054
6.246
6.072
6.236
6.104
6.286
6.167
8.855
5.946
6.132
6.065
6.222
5.997
6.136
6.100
5.964
6.425
6.242
5.999
6.134
5.994
6.086
6.053
5.991
6.055
5.959
6.492
6.060
7.468
6.119
6.087
5.992
5.908
5.978
6.114
5.990
6.050
6.753
6.197
5.736
6.039
6.289
5.980
6.177
5.971
5.914
5.945
5.835
5.662
6.114
6.775
6.324
5.974
5.912
6.107
12.112
5.632
6.172
6.739
5.653
5.929
5.965
5.714
5.615
6.195
5.602
5.798
5.970
5.703
5.797
5.628
5.749
6.307
6.018
5.730
5.722
5.713
5.740
6.236
5.919
5.552
6.036
5.877
5.971
7.249
5.621
5.669
5.435
5.589
5.738
7.352
5.567
5.735
5.646
5.629
5.802
5.876
5.784
5.828
5.592
5.603
6.804
6.068
5.599
6.062
6.355
5.621
5.674
5.680
6.288
7.530
11.154
5.557
5.634
5.701
8.249
5.737
5.905
6.205
6.143
5.887
5.773
5.633
5.778
5.850
5.600
11.967
6.973
5.601
5.827
5.698
5.903
5.553
5.425
6.814
5.496
5.605
5.973
5.806
5.767
7.531
5.673
5.244
5.854
6.072
6.065
5.590
5.745
5.722
5.481
6.373
5.585
5.526
5.414
5.538
5.936
6.422
5.511
5.706
6.782
5.527
5.615
5.613
5.954
5.926
5.537
5.633
5.779
5.627
5.500
5.338
6.319
5.567
5.828
6.175
5.709
5.562
5.504
5.968
5.749
5.542
5.479
5.396
5.740
5.501
7.466
6.062
5.598
5.621
6.309
6.025
5.712
5.629
5.598
5.442
5.593
5.478
5.680
5.944
5.153
6.350
5.610
5.681
5.382
5.495
5.526
6.395
5.672
5.392
6.415
5.667
6.191
6.838
5.301
5.606
5.373
5.504
5.811
5.267
5.695
5.541
5.442
5.364
10.907
5.900
5.664
5.575
5.366
5.324
5.994
5.718
5.484
5.683
5.821
5.504
5.495
5.622
5.622
5.420
5.714
6.527
5.432
5.458
5.474
5.361
5.412
5.425
6.437
5.314
6.947
5.345
5.463
5.345
5.462
5.349
5.487
5.392
5.275
5.585
5.369
5.474
18.578
5.431
5.437
5.444
5.553
5.386
5.409
5.361
5.422
5.658
5.436
5.407
5.508
5.503
12.271
5.512
5.070
5.168
6.058
5.525
5.442
5.457
5.151
5.775
5.563
5.496
5.282
5.333
5.352
5.330
5.469
5.203
5.498
5.435
5.262
5.945
6.172
5.341
5.105
5.461
5.519
5.369
5.317
5.639
6.165
5.516
5.397
8.759
5.395
5.336
5.663
5.843
5.976
5.380
5.573
5.300
5.232
5.383
5.406
5.136
5.186
5.288
5.252
5.674
5.644
5.185
5.652
5.358
5.391
5.173
5.341
5.636
5.510
5.789
5.065
5.225
5.116
5.401
5.336
5.215
4.919
5.671
5.300
7.600
5.080
5.232
5.324
5.103
6.398
5.162
5.332
5.452
5.145
4.879
5.250
5.147
5.181
5.362
5.534
5.326
5.795
5.072
4.941
5.103
5.316
5.054
5.237
5.372
5.457
5.309
9.958
5.261
5.181
5.034
5.286
5.156
5.349
5.476
6.112
5.171
5.244
5.376
5.447
5.222
5.097
5.352
5.370
5.492
5.354
5.511
4.954
5.770
5.160
5.162
5.340
5.708
5.369
5.444
5.426
7.562
5.326
5.350
5.378
5.353
5.744
5.046
5.784
5.114
5.631
4.910
5.140
5.074
5.326
5.549
5.203
5.362
5.094
5.392
5.190
5.154
5.234
5.361
5.286
5.275
5.171
7.032
5.043
5.118
5.081
5.133
5.714
5.893
5.227
5.683
5.251
6.003
5.138
5.053
5.995
5.205
5.114
5.086
5.128
5.285
4.986
5.129
6.063
6.455
5.131
5.336
5.150
5.625
4.930
5.014
4.930
5.326
5.128
5.510
5.234
5.238
5.497
5.444
5.311
5.337
5.179
5.446
5.099
5.296
5.129
5.158
4.892
4.924
5.313
4.564
5.185
5.005
5.195
5.237
5.099
5.211
5.408
7.486
5.051
4.871
5.014
5.336
5.020
5.774
5.351
10.647
4.972
6.368
5.019
5.013
5.989
5.146
5.196
4.930
5.094
5.369
5.745
5.249
5.089
5.217
4.914
5.172
4.911
5.120
5.204
5.021
5.072
5.442
5.066
5.099
5.550
4.994
5.004
5.051
4.989
5.222
5.619
5.765
5.164
5.092
5.214
5.055
5.236
4.962
5.112
6.319
5.085
5.062
5.173
5.476
5.300
5.092
5.325
5.069
5.375
4.926
5.284
5.070
5.533
6.125
5.295
4.968
5.034
5.071
5.129
5.803
5.054
4.999
7.422
5.025
5.032
4.834
5.079
5.029
5.069
5.928
4.952
5.034
5.010
4.980
5.054
4.867
5.000
4.819
5.043
5.009
4.825
5.084
5.316
9.395
4.985
5.145
4.949
5.517
5.026
4.895
4.953
5.040
5.097
5.324
5.133
4.908
5.051
5.085
4.873
4.867
4.895
4.868
4.991
5.293
4.823
5.351
4.993
4.973
5.158
5.227
4.974
4.952
10.081
5.164
5.084
5.294
4.958
5.133
5.069
4.966
4.996
5.225
4.758
5.234
4.980
5.428
5.000
4.882
4.872
4.847
4.876
5.207
5.103
5.679
5.078
4.877
4.950
5.462
5.003
5.197
5.004
4.880
4.927
4.981
4.950
4.744
4.916
4.820
4.897
17.179
5.163
4.833
4.758
5.930
5.180
5.254
4.840
4.753
5.110
4.836
4.914
5.362
4.773
9.715
4.934
4.867
4.655
4.808
4.880
4.848
4.902
5.149
4.928
4.929
4.950
5.025
4.861
4.833
4.995
4.870
5.198
4.824
4.817
5.005
4.908
4.904
4.820
5.163
4.968
4.958
5.003
4.863
4.762
4.739
5.148
4.924
4.974
5.059
4.570
4.934
7.133
4.882
5.195
4.878
4.895
4.761
4.913
5.404
17.732
4.569
5.610
4.615
4.553
4.729
4.750
4.559
6.684
4.902
4.656
4.516
4.416
4.488
4.558
4.495
4.538
4.651
4.951
4.828
4.777
4.540
4.548
4.421
4.467
4.549
4.702
4.592
4.879
4.719
4.795
4.930
4.736
4.919
4.932
4.717
4.595
4.447
4.556
4.441
4.719
4.566
6.525
4.704
4.605
4.623
4.571
5.072
4.831
4.846
4.819
4.427
4.725
4.560
4.587
4.457
4.412
4.727
4.629
4.430
4.845
4.511
4.579
4.744
4.823
4.576
4.251
4.568
4.750
4.599
4.445
4.497
4.598
4.700
4.545
4.569
4.452
4.682
4.644
4.577
4.769
4.565
4.697
5.078
10.949
4.531
4.774
4.420
4.968
4.384
4.624
4.595
4.392
4.511
4.549
4.488
4.431
4.577
4.463
4.876
4.591
4.609
4.982
4.930
4.557
4.519
4.443
4.447
4.491
4.493
4.807
4.450
4.442
4.236
4.629
4.419
4.546
4.225
4.548
4.408
4.568
4.519
4.489
4.560
4.420
4.822
5.007
4.434
4.292
4.593
4.491
4.318
5.081
4.563
4.269
4.379
9.877
4.440
4.301
4.446
4.513
4.594
4.513
4.296
4.319
4.827
4.529
4.334
8.676
4.319
4.404
4.529
4.459
4.595
4.214
4.382
4.542
4.309
4.312
4.295
4.369
4.381
4.368
4.365
4.639
4.298
4.385
4.356
4.564
4.468
4.289
4.288
4.302
4.536
4.312
4.374
4.260
5.504
4.470
4.325
4.298
4.467
4.314
4.319
4.291
4.744
4.324
4.303
12.577
4.420
4.352
4.286
4.397
4.569
4.451
4.458
4.395
4.558
4.487
4.302
4.397
4.287
4.632
4.183
5.613
4.463
4.583
4.474
4.611
4.263
4.922
4.300
4.272
4.276
4.260
4.279
4.223
4.482
4.800
4.347
4.198
4.301
4.197
4.698
4.322
4.192
8.745
4.527
4.263
4.264
4.160
4.228
4.538
4.314
4.287
4.310
4.330
4.284
4.373
4.148
4.302
4.982
4.173
4.273
4.111
5.767
4.555
4.264
4.335
4.172
4.208
4.299
4.891
4.638
4.281
4.294
4.395
4.248
4.170
4.308
4.237
4.258
4.255
4.229
4.379
4.285
4.265
4.352
4.442
4.361
4.250
4.236
4.367
4.204
4.202
4.266
4.406
4.232
4.158
4.220
4.585
4.378
4.212
4.892
4.223
4.241
4.628
4.579
4.286
4.303
4.283
4.635
4.170
4.449
4.251
4.199
4.343
4.285
4.151
4.324
4.189
4.384
4.272
4.315
4.120
4.301
5.042
4.288
4.443
4.316
5.038
4.229
4.205
4.235
4.569
4.360
4.181
4.329
4.206
4.221
4.163
4.260
4.253
4.308
4.468
4.266
4.152
4.529
4.198
4.369
4.415
4.146
4.146
4.669
4.137
4.243
4.279
4.208
4.213
4.577
4.144
4.169
4.266
4.484
4.284
4.294
4.252
4.347
4.278
4.256
4.019
4.400
4.010
4.185
4.395
5.494
4.113
4.174
4.309
4.110
4.316
4.196
4.439
4.103
4.159
4.312
4.325
4.982
4.385
4.511
4.053
4.054
4.380
4.367
4.258
4.408
7.002
5.593
6.887
4.279
4.207
4.187
4.398
4.060
5.853
4.174
4.491
4.257
4.151
4.271
4.368
4.749
4.340
4.250
4.167
4.152
4.231
4.247
4.207
4.446
4.332
4.086
4.310
4.067
4.292
4.491
4.185
4.019
4.070
4.038
4.158
4.336
4.196
4.645
4.155
5.029
4.148
4.033
4.427
4.220
4.290
4.564
4.478
4.093
4.412
4.068
4.391
4.126
4.149
4.173
4.203
4.480
4.036
4.041
4.245
4.066
5.143
4.798
4.024
6.958
4.230
4.122
4.086
4.376
4.054
4.302
4.109
4.093
4.181
4.060
4.093
5.323
9.525
4.326
4.036
4.045
4.066
4.227
4.066
4.444
4.263
4.066
4.081
4.066
4.137
4.038
4.068
4.196
4.186
4.052
4.180
4.594
4.162
4.064
4.082
4.203
4.066
4.057
3.972
4.218
4.163
4.067
4.083
4.081
4.096
4.240
4.836
4.075
4.078
4.100
4.093
4.208
4.052
4.063
4.508
4.035
4.132
4.166
4.044
4.140
4.030
4.400
4.036
4.190
4.058
4.361
4.362
4.031
4.038
4.067
4.157
4.346
4.194
4.165
4.032
4.036
4.049
4.036
4.036
4.012
4.126
4.006
3.991
3.907
4.037
4.602
4.044
4.202
4.037
4.181
4.013
4.043
4.036
4.027
4.027
4.064
4.036
4.047
4.145
4.037
4.020
4.031
4.184
4.044
4.067
4.029
4.067
4.092
4.131
4.327
4.000
4.013
3.980
4.070
4.021
4.089
4.046
4.153
4.894
4.037
4.110
5.745
4.048
4.204
4.286
4.037
4.025
4.100
4.405
6.656
3.995
4.289
4.016
4.026
4.067
4.047
4.041
4.310
4.058
4.130
4.456
4.122
4.108
4.078
4.073
4.363
4.027
4.529
4.191
4.023
4.081
4.096
3.959
3.992
4.038
4.040
4.144
4.553
4.019
4.074
4.059
4.327
4.073
4.039
4.396
3.981
4.061
4.000
4.169
4.016
4.056
4.124
4.245
4.171
4.891
4.289
4.038
4.076
4.454
4.060
4.048
4.068
4.013
3.990
8.860
4.814
4.172
4.029
4.157
4.241
4.070
4.125
5.306
4.061
4.111
4.116
4.100
4.143
4.116
4.067
4.549
4.474
4.081
4.391
4.103
4.117
4.199
4.094
4.094
4.098
4.338
4.642
4.010
8.853
4.107
4.025
4.118
4.044
3.987
3.976
4.016
4.210
4.442
3.959
4.031
4.236
6.216
4.144
6.600
4.302
5.795
4.024
4.004
4.149
4.487
3.997
4.112
4.210
5.170
4.012
4.380
3.933
4.471
4.168
4.517
4.545
4.125
4.338
4.048
5.540
4.054
4.142
4.056
5.586
4.118
4.090
4.456
4.023
4.156
4.047
3.956
4.024
4.099
4.169
4.141
4.275
3.963
4.009
4.081
4.037
3.961
4.335
4.135
4.062
4.085
4.035
4.871
4.541
4.087
4.015
3.998
4.025
3.983
4.075
3.994
4.243
4.046
4.050
4.019
4.113
4.056
4.055
4.140
4.151
3.983
4.004
4.772
4.202
4.026
4.045
4.011
4.157
3.995
4.007
4.306
4.086
4.060
4.093
19.543
4.052
4.186
4.008
4.138
4.290
4.017
4.099
4.068
4.035
4.081
4.091
4.479
3.983
4.021
4.072
4.001
4.017
3.975
3.907
4.101
4.136
4.224
4.013
4.008
4.072
3.980
4.038
3.975
4.051
4.388
4.059
4.047
4.139
4.035
4.289
4.133
3.999
4.045
4.345
4.034
4.287
4.171
4.023
4.001
4.069
4.268
4.130
4.151
4.649
4.195
4.020
5.383
4.061
4.037
4.004
3.981
4.092
3.997
4.040
3.978
3.992
4.162
4.031
4.043
4.040
3.980
4.262
4.131
4.545
4.003
4.030
4.175
4.013
4.152
3.966
4.003
3.975
4.031
4.002
4.405
3.981
4.091
4.002
3.980
3.998
3.987
3.986
3.997
3.961
4.028
4.089
4.217
4.004
4.221
4.176
3.980
4.035
4.598
4.069
3.954
3.947
4.306
3.983
4.129
4.120
3.938
4.360
5.014
4.503
4.081
4.360
3.972
4.048
4.396
3.975
4.029
4.057
4.116
3.956
3.953
4.244
4.174
4.028
4.033
4.274
4.047
3.941
3.970
3.977
4.044
4.051
4.139
3.952
4.061
3.993
4.209
3.965
4.146
4.141
4.082
4.142
3.983
3.929
3.982
3.981
5.831
4.161
4.012
3.868
3.973
3.933
8.169
3.992
3.981
4.020
4.192
3.952
4.284
3.938
3.965
4.071
4.073
4.197
4.108
4.007
4.078
4.107
3.936
3.984
4.132
4.079
4.122
4.036
4.126
4.014
3.988
4.021
4.002
4.124
7.859
3.982
3.973
3.962
3.984
3.964
4.076
13.950
4.009
4.267

Results for GA
Target: Iris-versicolor: 
Correctly classified 142.0 instances.
Incorrectly classified 8.0 instances.
Percent correctly classified: 94.667%
Training time: 431.724 seconds
Testing time: 0.004 seconds

