-i 5000 -algo ga -tomate 150 
Iterations: 5000
toMate: 150.0

Error results for GA
Target: Iris-versicolor
---------------------------
16.102
18.745
18.723
18.542
16.751
18.401
17.286
19.705
27.399
23.838
26.905
17.214
16.483
17.895
16.711
16.256
16.237
29.614
16.805
21.376
15.944
16.876
16.371
20.398
20.305
17.602
24.837
17.198
16.609
16.076
17.111
19.915
19.357
17.263
20.468
17.481
16.516
17.598
18.234
16.589
19.851
16.804
17.429
19.295
18.269
17.044
18.573
17.299
18.992
15.954
17.175
17.954
19.976
16.604
15.461
21.589
18.391
15.943
16.818
19.720
19.253
17.462
21.450
19.035
17.794
19.507
16.448
16.394
16.112
16.625
17.415
19.656
16.267
17.678
17.537
16.236
16.214
17.966
19.107
15.958
16.947
16.074
25.103
16.322
17.338
16.144
17.625
16.421
20.333
18.886
20.888
17.184
15.783
19.198
16.009
17.852
15.500
17.055
16.746
19.889
17.569
16.937
17.320
16.557
16.639
16.958
20.528
18.552
15.653
16.365
15.806
19.305
16.468
15.552
18.798
17.590
18.558
16.927
15.666
15.209
16.852
20.221
16.041
17.213
21.320
16.150
18.552
18.505
20.249
17.369
17.126
16.271
16.209
16.277
17.650
16.273
16.624
15.431
17.417
17.742
16.028
17.637
16.563
15.308
15.735
16.737
16.260
17.925
15.888
15.349
14.757
15.873
16.282
16.725
15.151
16.229
15.198
17.848
15.983
18.303
15.063
16.556
16.262
19.592
15.461
15.466
15.276
15.749
15.023
15.520
15.640
16.820
16.576
17.168
15.384
15.980
16.014
15.642
15.133
14.935
15.923
18.219
15.403
17.118
17.179
17.293
15.246
17.028
15.709
15.281
15.466
15.721
14.876
16.859
18.709
16.004
14.664
15.699
17.477
15.115
15.405
15.472
15.992
14.825
16.739
15.975
14.878
15.382
15.457
15.002
14.732
14.580
14.935
15.656
15.834
15.906
15.960
14.949
17.979
15.320
15.341
15.207
14.793
16.211
15.824
16.356
15.703
15.217
15.125
17.766
15.242
16.135
16.459
15.821
16.045
15.655
15.545
15.796
15.146
15.550
15.077
16.586
16.389
15.572
15.291
15.061
16.414
16.216
15.444
14.962
15.724
16.870
14.942
15.376
15.433
17.522
15.450
15.019
16.369
15.310
16.989
15.075
16.636
15.241
14.904
14.866
15.074
15.358
14.816
15.800
16.178
15.576
16.024
15.816
15.937
15.074
15.959
15.392
15.424
15.178
16.907
15.288
17.446
15.226
15.390
16.700
15.188
15.704
17.382
15.032
16.036
15.528
14.868
15.041
15.298
15.220
15.293
15.350
16.038
15.532
16.017
15.970
15.398
14.777
14.676
14.695
14.748
15.083
14.714
15.325
14.802
14.849
14.810
14.805
15.394
14.817
15.247
14.893
15.148
14.989
16.569
15.546
15.083
16.022
15.012
15.145
14.897
15.284
15.072
15.065
16.110
15.354
14.658
14.792
14.717
15.781
14.853
15.049
15.316
15.066
15.183
15.132
15.398
15.344
14.945
14.869
14.939
15.149
14.888
15.114
14.858
14.978
14.683
15.207
14.856
14.516
14.773
15.018
15.558
14.773
14.903
14.687
14.663
14.225
14.379
15.092
14.911
14.861
14.370
15.013
14.861
14.991
14.986
15.057
14.393
14.732
16.058
14.602
14.704
14.714
14.802
14.813
15.048
14.708
14.825
15.093
14.871
14.461
14.937
15.188
15.015
15.250
15.694
14.867
15.048
14.843
14.672
14.843
14.701
14.827
14.788
14.667
14.826
14.699
14.431
14.919
14.742
14.991
14.893
14.719
15.053
14.323
14.707
15.922
14.805
14.465
14.838
15.668
14.881
14.768
15.171
15.267
14.177
14.600
15.819
15.321
14.698
16.478
14.902
15.029
14.622
14.814
15.024
17.034
15.142
14.731
14.954
14.917
14.814
14.884
15.413
14.568
14.583
14.844
15.342
14.717
14.692
15.245
14.595
14.850
14.628
14.626
15.166
15.276
15.499
14.646
15.053
14.595
16.252
14.936
14.460
14.695
15.595
15.425
14.783
14.654
15.595
15.059
14.909
14.786
16.561
14.741
14.787
15.150
14.524
14.979
15.090
15.029
15.886
14.705
15.340
18.175
14.498
14.733
14.936
15.402
15.083
14.905
15.107
15.280
15.700
15.268
14.945
15.109
15.248
14.770
14.959
15.185
14.555
14.926
15.508
14.745
15.004
15.759
14.734
15.320
15.142
14.830
16.399
14.997
14.769
14.860
14.436
14.605
14.774
14.809
14.814
14.499
14.839
14.058
14.577
16.113
14.092
14.956
15.591
14.866
15.302
14.985
14.817
15.257
14.265
14.495
15.241
14.876
15.605
14.833
15.166
14.782
14.418
14.939
15.100
14.841
14.717
14.914
15.478
14.663
15.541
14.949
14.671
15.359
15.237
14.710
14.633
14.156
14.891
14.583
15.119
14.724
14.972
13.885
14.780
14.575
14.806
14.806
14.534
15.107
14.998
14.747
14.535
14.584
15.133
14.758
14.731
14.669
14.570
14.455
14.939
14.408
14.785
14.705
14.381
14.196
15.141
14.249
15.165
14.167
15.223
13.993
14.535
14.175
14.514
14.675
14.527
14.834
15.190
14.387
14.969
14.944
14.047
14.777
14.438
14.663
14.776
15.239
14.891
15.936
14.759
16.026
14.882
14.291
14.464
14.512
14.544
14.566
14.578
14.512
14.808
14.251
15.038
13.694
14.250
15.027
14.736
14.196
14.864
14.695
14.319
14.481
14.517
14.023
14.786
14.894
14.767
14.148
14.236
14.258
14.748
14.464
15.420
16.788
14.479
14.233
14.099
13.900
14.834
14.784
15.047
14.310
14.886
14.243
14.207
14.550
14.642
15.377
14.623
14.292
14.247
14.388
14.207
14.889
14.192
14.243
14.145
14.271
14.393
14.216
14.423
14.702
14.811
14.104
15.251
14.270
14.502
16.361
14.117
14.122
14.215
14.087
15.360
14.835
14.380
14.179
14.166
14.169
14.077
14.352
14.464
14.366
15.234
14.649
14.355
14.230
14.075
13.771
14.296
15.194
14.199
14.232
15.182
14.175
15.114
14.185
14.199
14.422
14.394
14.037
14.460
14.149
14.599
14.475
14.179
15.241
14.566
15.682
13.808
14.255
14.615
14.075
14.330
14.351
14.193
13.824
14.491
14.030
14.460
15.869
14.564
13.600
13.721
13.795
14.512
14.924
15.761
14.115
14.357
13.725
13.676
15.017
14.104
13.991
14.309
14.882
14.241
13.662
15.100
15.080
14.207
15.610
14.469
14.003
15.656
13.877
14.384
13.698
16.657
14.268
14.236
15.524
13.567
15.248
13.730
14.542
14.075
14.247
14.355
13.877
14.511
13.958
13.639
14.207
14.549
14.066
13.532
15.043
13.973
15.294
13.770
13.471
13.774
14.521
13.954
13.501
14.525
13.801
13.787
13.945
13.669
13.856
13.745
13.539
13.870
13.521
13.534
14.094
13.785
13.751
13.739
13.790
14.036
13.762
14.311
13.664
13.687
13.700
13.575
13.663
13.642
14.871
13.771
13.688
14.051
13.939
13.804
14.567
13.605
13.553
14.064
13.506
13.606
13.603
13.810
13.785
13.841
13.849
13.841
13.618
13.454
15.398
13.479
13.865
14.694
13.584
14.362
13.629
13.525
14.608
14.193
13.546
14.077
13.714
13.672
14.392
13.580
14.127
13.753
14.241
14.289
13.660
13.670
13.871
14.652
13.669
13.660
15.408
14.201
13.755
13.647
13.285
13.763
13.651
13.350
13.839
13.555
13.565
13.620
14.296
14.010
14.112
14.341
13.674
13.806
13.841
14.249
13.926
14.070
13.591
13.674
13.587
13.567
14.306
13.746
13.839
13.773
13.906
13.958
13.714
13.642
13.778
14.211
13.908
13.623
13.664
13.675
13.810
15.382
13.979
13.665
14.222
14.526
13.780
13.588
13.550
13.322
14.705
13.733
13.643
13.602
13.919
13.514
13.785
14.837
14.623
15.378
15.194
14.101
13.614
13.617
14.040
13.758
13.752
13.678
14.013
13.579
13.876
14.594
13.582
13.834
13.822
13.809
13.777
14.080
13.772
13.592
13.772
14.080
13.499
14.149
14.099
13.652
13.792
13.375
13.802
13.979
13.671
13.850
13.649
13.536
13.528
13.295
13.694
13.841
13.787
14.506
13.606
13.642
14.379
13.978
13.638
13.815
14.986
13.880
13.787
13.926
13.700
13.819
13.796
13.799
13.441
14.170
14.084
14.048
13.670
14.125
13.488
13.843
13.666
13.452
17.444
13.653
13.769
13.862
13.667
14.574
13.773
13.164
13.572
14.171
13.628
13.362
14.634
13.663
13.668
13.905
13.405
13.904
14.237
13.746
13.737
16.495
13.531
13.583
13.654
14.785
13.451
13.772
13.694
13.596
13.944
13.516
13.576
13.944
13.944
14.148
13.539
13.379
13.731
14.290
13.525
14.112
13.679
13.615
13.972
14.307
13.623
13.811
13.585
14.482
13.637
13.808
14.092
13.536
13.704
13.364
13.282
13.653
13.738
14.129
13.718
13.766
14.077
13.826
13.727
13.583
15.139
13.717
13.688
14.531
13.638
13.860
15.702
14.003
14.059
13.268
13.731
13.613
13.582
13.648
13.881
13.265
13.709
13.750
14.347
13.533
13.718
13.770
13.868
13.548
13.503
13.892
13.303
13.659
13.745
13.684
13.763
13.655
13.224
13.696
13.661
13.236
13.542
14.445
14.152
13.814
13.621
13.885
13.192
14.121
13.891
13.224
13.804
14.076
13.678
13.674
13.723
13.732
13.720
13.680
13.311
14.265
13.678
13.232
13.581
13.894
13.914
13.446
14.256
13.269
13.223
13.590
13.629
13.491
13.110
13.700
13.722
13.994
14.066
14.025
13.571
13.738
13.173
12.891
14.551
13.612
13.694
13.559
13.837
13.498
13.902
13.966
13.638
13.564
13.734
13.977
13.844
13.878
13.790
13.456
13.354
13.479
13.520
14.920
13.470
13.908
15.256
13.667
13.748
13.787
13.436
14.152
14.526
13.481
13.567
13.032
13.139
13.361
13.642
14.488
13.543
13.461
13.597
13.292
13.125
13.780
13.474
13.682
13.999
13.996
13.555
13.523
13.669
13.435
13.199
13.422
13.708
14.284
13.568
13.760
13.415
13.489
13.220
12.965
13.118
13.407
13.361
13.380
13.014
13.356
13.331
13.360
13.786
13.572
13.734
13.488
13.630
12.982
13.429
13.433
13.424
13.396
13.673
14.036
15.264
13.291
13.393
13.198
13.430
12.425
12.411
13.750
14.168
13.239
12.771
14.395
13.124
14.235
12.798
13.250
15.174
13.018
12.811
13.409
13.294
13.543
13.156
13.337
13.259
13.126
14.144
13.473
13.510
17.383
14.234
14.554
12.667
14.151
13.060
12.635
13.473
13.249
12.330
13.896
12.696
12.649
12.577
12.764
12.502
12.308
12.678
12.824
13.641
12.473
12.387
13.817
13.579
12.943
13.571
13.455
13.356
12.857
13.428
13.977
13.109
12.522
13.167
13.406
12.679
13.441
13.868
12.719
12.493
12.945
12.433
12.772
12.433
13.090
12.068
12.440
12.343
13.244
13.094
12.872
13.055
12.499
12.736
12.697
12.140
12.501
12.737
13.120
12.572
12.601
13.079
12.513
12.495
12.453
13.019
12.443
12.549
12.938
12.673
13.429
12.774
12.080
12.401
13.774
13.044
13.323
12.434
12.540
12.457
13.143
13.400
12.519
12.287
12.550
12.680
13.101
12.455
12.382
12.447
12.308
12.703
12.397
12.415
12.340
11.577
13.661
12.343
13.084
12.409
13.074
12.117
11.995
12.370
13.097
12.372
12.813
12.394
12.724
13.209
13.574
12.657
12.427
12.254
12.732
12.237
12.562
12.617
12.768
12.010
12.557
12.518
12.460
12.844
12.964
12.125
12.767
12.325
12.689
12.186
11.970
12.057
12.442
12.649
12.432
17.687
12.658
12.458
12.510
12.812
12.623
12.635
12.272
12.590
12.047
12.741
12.813
12.595
12.542
12.354
12.567
12.324
11.838
11.565
12.772
12.444
12.581
12.417
12.073
11.655
12.823
12.796
12.294
12.545
12.663
12.285
13.656
12.389
12.316
12.096
12.429
12.564
12.408
12.699
11.856
12.378
13.140
12.406
11.884
12.567
12.251
11.826
12.605
12.497
11.780
12.434
12.774
11.908
11.850
12.150
11.998
12.067
12.155
12.168
12.441
12.379
12.889
12.802
11.939
11.546
12.145
12.288
12.167
11.971
11.485
12.007
12.040
11.415
12.126
12.595
11.599
12.508
11.156
12.028
12.370
11.861
12.545
11.658
11.149
11.959
14.596
12.669
11.476
11.903
11.274
12.181
11.729
11.270
12.013
11.908
12.029
11.555
11.127
11.237
11.578
11.383
11.204
11.637
11.198
11.254
11.947
11.810
11.508
11.765
11.406
11.219
11.237
11.688
11.175
11.213
11.125
11.154
11.481
12.051
11.209
11.325
11.239
11.204
11.209
11.580
11.596
11.325
11.163
11.612
12.454
12.037
11.494
11.539
11.515
11.408
11.500
11.211
11.575
11.147
11.823
11.201
11.226
11.219
13.369
11.224
11.374
11.868
11.169
11.192
11.364
11.923
11.147
11.186
11.163
11.248
11.719
11.281
12.008
11.148
11.200
11.217
11.226
11.122
11.202
11.345
11.939
11.213
11.281
11.185
11.097
11.287
11.214
11.235
11.742
11.630
11.475
11.467
11.176
11.700
11.346
11.209
11.131
11.356
11.382
11.755
11.287
11.324
11.559
11.472
11.363
11.367
11.314
11.074
11.018
11.239
11.730
11.193
11.276
12.680
11.205
11.217
11.080
11.752
11.454
11.777
11.311
11.735
11.165
11.076
11.177
10.996
12.214
11.299
11.100
11.152
11.796
11.398
11.400
11.081
11.096
11.314
11.087
11.254
11.982
11.320
11.122
12.259
11.349
11.232
11.208
11.237
11.097
11.681
11.438
11.790
11.235
12.606
10.962
12.860
12.719
11.373
11.705
10.642
11.586
11.723
12.655
11.560
11.267
10.708
10.821
11.433
11.230
11.165
11.185
11.147
11.108
13.278
11.235
10.647
10.496
11.368
11.773
11.289
11.383
11.240
11.178
11.405
11.306
11.454
11.221
11.618
11.302
11.123
11.391
10.914
10.806
11.082
12.397
12.746
13.571
11.845
11.239
12.121
11.436
11.317
11.975
11.192
11.276
11.098
11.140
11.273
11.754
13.390
11.128
12.105
12.580
11.294
11.245
10.709
10.969
10.659
11.199
10.724
10.828
10.971
11.383
11.319
11.156
11.122
11.032
11.215
10.888
11.319
11.859
10.946
11.000
11.018
11.253
11.164
11.240
11.039
10.686
11.277
10.979
11.167
11.237
10.863
11.208
11.497
10.813
11.122
10.960
11.164
11.079
11.413
10.999
11.177
11.041
10.982
11.128
10.965
11.141
11.011
11.424
10.873
11.152
11.414
10.894
11.011
11.575
11.531
11.205
11.415
11.198
11.099
11.258
11.174
11.160
11.942
11.357
11.270
11.140
11.172
11.095
10.849
10.797
11.520
11.394
10.918
11.303
12.194
10.608
10.746
11.314
11.254
10.717
10.814
11.173
11.404
11.471
11.304
11.298
11.446
11.242
11.398
11.025
10.858
11.581
11.318
10.899
11.181
11.067
11.033
10.384
11.089
11.184
10.910
11.051
10.846
11.482
10.656
11.118
11.228
12.382
10.904
10.846
10.835
16.255
11.230
12.295
11.126
12.746
11.103
13.735
10.962
12.496
11.532
10.663
11.089
16.613
10.426
11.312
12.117
10.419
11.068
10.540
10.980
11.024
10.407
10.875
11.289
10.666
10.757
10.388
10.793
10.484
10.984
10.818
10.709
10.628
10.744
10.688
10.910
11.186
11.056
10.496
10.876
10.363
10.652
11.231
10.327
11.174
10.697
11.407
10.840
10.505
11.103
10.823
11.102
11.325
10.861
10.279
10.456
11.147
10.758
10.485
10.460
10.852
10.485
10.963
10.268
10.707
11.105
11.365
10.321
10.921
10.352
10.515
10.386
10.929
11.143
11.093
10.194
11.082
10.770
10.406
10.769
10.643
10.397
11.072
9.970
10.192
10.679
10.496
10.512
10.740
10.370
10.448
10.127
10.325
10.552
11.246
10.313
10.999
10.886
10.663
10.960
10.373
10.773
10.797
10.712
10.451
11.409
10.779
10.075
10.058
10.917
10.358
10.630
10.836
10.121
11.176
10.369
10.498
11.136
10.909
10.387
10.236
10.500
11.552
11.573
10.856
10.676
10.168
10.757
10.214
10.540
10.550
10.609
10.695
10.735
10.036
10.393
10.141
11.878
10.987
10.117
10.537
11.703
10.585
10.275
11.077
10.647
10.252
10.788
10.395
10.364
10.907
10.445
10.461
10.601
10.263
10.112
10.422
10.179
10.400
10.035
10.647
10.155
10.502
10.160
10.561
10.070
10.468
10.194
10.357
10.288
10.220
10.294
9.981
10.173
10.973
10.207
10.496
9.841
10.323
9.984
10.093
10.002
10.140
9.953
10.300
9.960
9.936
10.332
10.186
10.134
10.772
10.101
10.262
10.127
10.445
10.317
10.209
10.162
10.548
10.047
10.210
10.136
10.156
10.258
10.049
10.275
10.230
9.923
9.946
10.558
10.036
10.304
10.305
10.146
9.814
9.977
10.006
9.845
9.820
9.900
10.029
10.403
10.270
10.220
12.870
10.027
10.068
17.108
10.229
10.320
10.538
10.897
10.067
10.292
10.268
10.525
10.095
10.018
9.953
10.191
9.962
10.200
10.021
9.958
10.296
9.959
9.913
10.228
12.941
9.890
9.768
10.188
9.887
10.175
12.169
10.405
10.298
9.737
9.699
9.900
10.424
10.517
10.586
9.824
11.452
9.613
9.927
9.871
10.177
10.430
10.531
9.829
9.910
9.953
9.949
9.960
9.807
9.948
10.655
10.193
10.058
9.892
10.335
10.499
9.846
9.766
10.813
11.321
9.694
10.227
10.780
10.146
10.202
9.957
10.039
10.020
9.799
10.371
9.970
9.776
11.431
10.644
9.670
10.008
10.054
9.853
10.002
10.889
10.148
10.220
9.613
10.395
10.014
10.122
10.564
10.025
10.451
9.664
10.119
10.239
9.873
10.181
10.304
9.879
9.915
10.184
10.181
9.428
9.570
11.183
10.511
9.809
10.085
11.029
9.938
9.819
10.992
10.005
9.848
9.701
11.179
10.170
9.913
9.760
9.718
10.716
9.776
9.847
10.395
10.261
9.742
10.054
10.327
9.778
10.839
9.939
10.846
9.884
10.044
10.010
9.872
10.139
11.539
9.754
10.346
9.989
9.895
10.006
9.739
9.852
9.695
10.328
10.042
9.939
10.645
9.946
9.950
9.937
9.727
9.752
10.430
10.005
10.083
11.040
9.996
10.026
9.846
9.529
10.034
10.170
10.072
9.938
9.899
10.210
9.892
9.926
10.368
10.101
9.885
10.339
9.918
10.129
9.674
10.340
9.780
10.295
9.809
9.880
9.654
10.380
10.213
10.255
9.666
9.970
9.702
10.817
9.554
13.168
10.610
9.558
10.133
9.922
9.662
9.527
9.979
9.443
9.641
9.872
9.849
11.414
9.893
9.451
9.716
9.838
11.137
9.476
10.215
9.720
10.812
9.505
9.605
9.577
9.812
9.966
10.617
10.034
9.947
9.972
11.888
10.096
9.935
10.076
9.758
10.490
9.597
9.886
10.062
9.697
11.397
9.589
9.548
9.785
9.189
10.056
9.684
9.747
9.518
10.055
9.455
10.292
10.078
10.089
9.835
9.451
9.955
9.503
10.044
9.270
11.048
9.669
9.450
10.352
9.419
9.803
9.453
10.637
9.422
9.812
10.523
9.434
10.608
10.150
10.418
9.834
9.538
10.971
9.051
9.494
9.644
9.336
9.609
9.833
9.523
9.974
9.613
9.757
9.286
10.908
10.463
9.146
9.958
9.455
9.741
10.016
9.278
9.099
10.779
9.633
9.405
10.454
9.659
9.075
9.023
9.432
9.307
9.594
9.189
9.211
9.165
9.174
9.317
9.775
9.430
9.638
9.620
9.390
9.745
9.379
9.600
9.159
9.073
9.276
9.355
9.314
10.519
9.426
9.446
9.681
9.620
9.024
10.264
9.748
9.596
9.832
9.589
10.216
9.717
9.197
9.272
9.168
9.528
9.668
9.541
9.149
9.182
9.209
9.124
10.079
9.116
9.425
9.356
9.095
9.439
10.247
9.877
9.364
9.444
9.943
10.093
9.186
9.441
10.522
9.329
9.596
9.609
9.186
9.461
9.121
9.720
9.075
9.323
9.448
10.116
9.410
9.837
9.058
9.628
9.750
9.562
9.344
9.136
9.525
9.434
10.336
9.053
9.331
10.108
9.123
9.398
9.875
9.354
9.329
8.982
9.708
9.719
9.393
9.138
9.106
9.037
9.758
9.378
9.716
9.335
9.427
9.300
9.454
9.402
9.433
13.408
9.592
9.327
9.494
9.310
9.980
9.579
9.096
9.819
9.939
9.020
9.907
12.662
9.180
9.314
9.694
9.841
9.157
9.492
9.209
9.095
9.117
9.502
9.317
9.108
9.393
9.569
9.309
8.940
9.680
9.318
8.964
9.042
9.402
9.343
9.151
9.260
9.551
9.259
9.246
9.135
8.940
12.638
8.907
8.974
9.176
11.920
9.051
9.104
9.163
9.216
8.975
9.206
9.152
8.936
9.015
9.660
9.006
8.982
8.816
9.143
9.102
8.970
8.972
9.116
9.004
9.335
9.110
9.082
9.752
8.961
9.033
8.971
9.448
9.986
9.184
9.301
11.165
9.098
8.990
9.073
9.078
9.210
9.268
9.269
8.907
9.070
8.964
9.536
10.365
9.822
9.206
10.440
8.913
9.003
9.137
8.862
9.255
9.821
9.382
8.978
8.841
8.983
8.992
8.937
9.598
9.224
8.936
9.358
8.880
8.969
9.053
9.240
9.177
8.973
8.894
9.008
9.130
8.964
9.736
9.139
9.245
9.006
9.497
8.841
9.159
9.453
8.876
8.993
9.175
9.015
9.499
9.132
9.140
9.158
9.643
9.097
8.897
9.100
9.131
8.969
9.012
9.393
9.505
10.318
9.685
9.119
10.849
8.940
9.109
9.211
8.995
9.133
9.319
9.150
8.859
9.125
8.678
8.704
9.042
9.927
9.230
9.467
9.236
9.225
9.244
10.776
9.074
9.890
9.390
10.619
9.249
8.975
8.435
9.090
9.284
9.016
9.138
9.289
9.441
9.118
8.949
9.127
8.468
9.018
9.003
8.743
8.936
8.536
9.257
8.895
8.530
9.339
8.971
8.500
9.021
8.568
8.994
10.779
8.457
8.990
9.048
8.224
8.369
8.599
10.073
8.990
8.260
8.574
8.840
8.875
8.677
8.219
8.482
8.941
8.962
8.771
9.424
9.062
8.307
8.100
8.930
8.592
8.499
8.847
8.981
8.668
10.377
9.105
8.237
9.241
8.628
8.607
8.293
8.470
8.466
8.669
8.927
8.134
8.725
8.555
8.538
8.717
8.693
9.219
8.528
8.775
8.388
8.946
8.495
8.724
8.533
8.526
10.475
8.091
9.240
8.832
8.628
8.138
8.581
8.914
8.957
8.151
8.418
8.579
8.682
8.255
8.217
8.241
8.547
8.534
8.183
8.152
8.316
8.719
8.173
8.100
8.152
8.396
8.158
8.654
8.523
7.970
8.124
8.546
8.898
8.104
8.412
8.153
8.079
8.202
8.091
7.984
8.162
8.775
8.357
8.128
8.008
8.367
8.155
8.160
8.609
9.030
9.030
8.191
8.212
8.209
8.447
8.234
8.172
8.027
8.190
8.282
7.994
8.165
8.125
12.106
8.175
8.411
7.971
8.323
7.882
8.136
8.212
8.200
8.030
8.091
8.383
7.867
8.298
7.977
7.853
7.914
8.577
8.236
7.794
8.169
8.366
8.461
8.057
8.374
7.688
8.578
7.674
7.974
8.043
8.140
8.017
7.937
8.016
8.034
8.256
8.034
8.144
8.182
8.493
8.107
7.956
8.182
8.257
8.368
8.148
8.108
8.178
8.875
7.942
8.107
12.321
8.261
7.937
8.061
7.750
8.407
7.958
8.062
8.194
8.338
8.365
7.905
7.817
7.846
8.546
7.923
8.868
8.195
8.439
8.607
7.585
8.407
7.662
8.386
7.456
8.387
7.955
8.152
7.785
8.041
7.996
7.552
7.676
7.684
7.835
7.599
8.284
7.577
7.918
8.557
9.469
8.488
7.659
7.528
7.907
7.858
7.618
7.804
8.187
9.697
7.749
7.500
7.526
7.601
7.692
7.478
7.713
7.511
7.696
7.943
7.989
8.913
7.799
7.481
7.564
7.605
7.492
7.988
7.617
8.011
7.883
7.504
7.673
8.349
7.560
7.739
7.701
7.523
8.409
8.808
7.550
7.833
8.103
7.539
7.554
7.503
7.541
7.560
7.741
8.195
7.613
7.914
8.148
7.536
7.662
7.533
7.897
7.937
8.043
8.117
7.702
7.510
7.633
7.459
7.987
7.689
7.369
7.543
7.819
7.759
7.506
7.422
7.558
7.703
7.984
7.445
9.938
7.471
7.358
7.215
7.433
7.417
7.398
7.433
7.383
7.524
9.205
7.705
7.558
7.447
8.492
7.452
7.701
7.500
7.311
7.940
8.515
7.419
7.388
7.626
7.558
7.525
7.567
7.499
7.870
7.740
7.337
7.739
7.593
7.450
7.647
7.430
7.282
7.482
7.456
7.475
7.454
7.893
7.542
7.219
7.448
7.688
7.452
7.397
7.086
7.136
6.866
9.678
7.643
7.245
7.602
7.388
7.401
7.436
7.409
7.438
7.518
6.870
9.627
7.477
8.681
7.077
7.531
7.400
7.632
7.806
7.499
7.683
7.208
7.233
7.364
7.738
7.661
7.768
7.427
7.311
7.130
7.637
7.328
6.893
7.352
7.380
6.879
7.262
6.316
7.165
7.302
7.032
7.168
7.375
7.055
7.170
6.901
6.688
6.759
7.105
7.118
6.968
7.370
7.163
6.900
6.821
6.838
7.384
6.780
6.673
6.942
6.956
6.954
6.757
6.972
7.347
7.099
7.023
7.063
7.874
7.341
6.784
7.254
6.649
7.362
7.113
7.861
6.875
6.951
6.786
7.071
7.264
7.804
6.823
23.021
7.091
8.634
7.126
6.736
7.186
6.677
6.789
12.555
7.023
7.041
6.699
6.857
7.392
7.219
6.918
7.634
6.716
6.857
6.834
6.874
6.788
6.603
6.455
6.928
7.160
6.947
6.767
7.101
7.089
6.749
6.947
7.199
7.445
7.301
7.001
7.171
6.577
7.015
6.789
6.631
6.943
6.816
6.665
6.667
6.528
7.381
6.908
6.956
6.949
6.812
6.802
6.886
6.732
6.696
7.405
6.594
7.013
7.159
6.796
6.726
6.724
6.719
6.631
7.087
6.930
6.801
6.883
6.705
7.144
6.683
6.736
6.631
6.676
6.685
7.296
6.591
8.097
6.858
6.553
6.570
6.183
7.039
6.480
6.493
6.591
7.036
6.256
6.939
6.904
6.699
6.685
6.576
6.781
6.562
6.843
6.537
6.664
7.340
6.576
6.712
8.254
7.042
6.872
6.725
6.701
6.887
6.430
6.694
6.703
6.576
6.737
6.543
6.708
7.848
6.610
6.585
6.426
6.465
6.703
6.577
6.673
6.428
6.566
8.415
6.632
7.091
7.669
7.260
6.559
6.726
7.082
6.568
6.579
6.495
6.514
6.574
6.569
10.693
6.746
6.571
6.608
6.726
6.879
6.566
6.555
6.525
6.560
15.713
6.566
6.417
6.554
6.694
6.583
6.553
6.632
6.757
6.763
6.725
6.543
6.578
6.618
6.583
6.586
6.776
6.580
6.713
6.524
6.581
6.749
7.265
6.626
7.385
6.597
6.492
6.522
6.653
6.631
6.921
6.771
6.745
6.561
6.642
6.583
6.635
6.604
6.574
6.544
6.552
6.886
6.556
6.596
6.574
6.640
6.640
6.680
6.614
6.656
6.695
6.607
6.619
7.257
6.573
6.664
6.504
6.646
6.619
6.891
6.574
6.551
6.532
9.354
6.597
6.886
6.574
6.520
6.484
6.600
6.777
6.619
6.583
9.435
6.580
6.502
6.580
6.573
6.532
6.447
6.571
6.711
6.776
6.596
6.596
6.502
6.599
6.811
6.632
6.550
6.565
6.565
6.513
6.597
6.541
6.576
6.557
6.552
6.846
6.595
6.540
6.557
6.557
6.573
6.557
6.522
6.463
6.574
6.578
6.556
6.597
6.564
6.552
6.540
6.555
6.568
6.617
6.550
6.559
6.552
6.536
6.545
6.582
6.583
6.554
6.522
6.595
6.535
6.819
6.578
6.540
6.552
6.593
6.572
8.538
6.543
6.717
6.629
6.583
6.534
6.435
6.568
6.579
6.834
6.642
6.643
6.616
6.811
6.528
6.534
6.492
6.509
6.620
6.571
6.545
6.508
6.489
6.708
7.014
6.534
6.476
6.515
6.542
6.492
6.470
6.547
6.520
6.481
6.505
6.472
6.674
6.470
6.503
6.639
6.544
6.757
6.585
6.510
6.618
6.525
6.681
6.507
6.549
6.545
6.482
19.558
6.594
6.410
6.651
6.471
6.536
6.457
6.296
6.545
6.951
6.423
6.603
6.757
6.929
6.378
6.803
6.880
6.472
6.492
6.472
7.039
7.001
6.641
6.471
6.487
6.503
6.916
6.497
6.506
6.780
6.557
6.533
6.441
6.550
6.472
6.832
6.611
7.187
6.520
6.570
6.499
6.409
6.549
6.565
6.505
6.500
6.463
6.399
15.404
6.561
6.637
6.596
6.570
6.483
6.524
6.479
6.545
6.515
6.502
6.522
6.601
6.506
6.561
6.499
6.541
6.463
6.545
6.519
6.608
6.524
6.486
6.630
6.418
6.526
6.490
6.828
7.038
6.423
6.548
6.425
6.554
6.736
6.470
7.253
6.490
6.452
6.495
6.429
6.471
6.412
6.406
6.515
6.591
6.441
6.560
6.528
6.529
6.510
6.481
6.496
6.543
6.486
6.524
6.424
6.508
6.560
6.419
6.511
6.506
6.528
6.500
6.503
6.467
9.082
6.542
6.552
6.405
6.492
6.511
6.516
6.620
6.426
6.419
6.510
7.536
6.668
6.461
6.586
6.542
6.432
6.554
6.669
6.415
6.647
6.549
6.358
6.489
6.476
6.490
6.436
6.679
6.440
6.426
6.488
6.439
6.419
6.544
6.663
6.492
6.377
6.442
6.358
6.871
6.747
6.475
6.525
6.478
6.389
6.407
6.509
6.426
6.412
6.413
6.413
6.483
6.420
6.480
6.553
6.521
6.496
6.390
6.420
6.399
7.155
6.374
6.478
6.373
6.475
6.656
6.446
6.474
6.453
6.921
6.651
6.385
6.406
6.439
6.422
6.510
6.441
6.411
6.409
6.414
6.503
6.475
6.479
6.477
6.533
6.647
6.415
6.496
6.435
6.461
6.693
6.454
10.212
6.503
6.428
7.413
7.567
6.373
6.458
6.373
6.381
6.570
6.390
6.452
6.598
6.414
6.425
6.488
7.361
6.664
6.448
6.505
6.690
6.399
6.463
6.419
6.513
6.427
6.405
7.018
6.551
6.401
6.415
5.839
6.425
6.446
6.421
6.533
6.470
6.431
6.431
6.482
6.428
6.311
6.481
6.390
5.984
6.459
5.979
6.278
8.002
6.472
6.608
6.011
9.724
5.904
6.296
5.921
6.144
5.964
6.024
5.986
16.640
6.472
6.022
5.993
5.971
5.980
6.228
6.697
5.971
7.218
5.930
5.982
6.397
6.028
6.030
6.037
6.147
6.371
6.291
6.233
6.058
5.945
6.376
6.103
6.511
6.031
5.797
5.985
5.949
6.203
5.798
6.019
19.422
6.004
5.939
5.995
5.984
5.944
5.985
5.951
6.651
5.970
5.994
6.005
5.807
6.070
6.014
5.967
5.965
6.013
6.066
6.010
5.967
6.284
6.003
5.968
6.040
5.923
6.063
5.985
6.036
5.876
5.977
5.994
6.039
6.158
5.942
6.015
5.991
6.014
6.338
5.992
5.796
6.024
7.542
5.950
5.807
6.299
5.804
6.006
5.930
5.909
5.961
6.064
6.240
5.968
5.768
6.252
6.003
5.997
6.019
6.226
5.924
6.173
5.921
5.802
5.936
6.013
6.139
5.957
6.074
6.008
5.939
6.582
6.394
6.005
6.224
6.009
6.105
6.202
5.962
6.636
5.921
6.799
6.273
5.990
6.688
5.938
6.462
5.991
6.297
8.707
6.458
5.996
5.986
5.914
5.922
5.911
6.001
5.952
5.947
5.914
5.990
5.976
5.976
5.921
5.971
6.265
5.989
5.989
6.001
5.957
6.007
6.184
5.813
6.020
5.955
6.217
6.002
5.922
5.884
5.768
5.915
6.007
5.937
5.992
5.999
5.942
6.117
6.012
5.766
5.936
5.880
5.938
6.050
6.024
5.952
5.998
12.108
6.263
5.829
5.907
5.995
5.939
6.000
5.894
6.030
5.761
5.766
5.836
5.931
5.768
5.721
6.450
5.930
5.778
5.727
5.776
5.943
5.754
5.993
6.132
5.757
5.769
5.982
5.991
5.767
5.991
5.742
5.752
5.881
5.721
5.862
5.873
5.731
6.283
5.785
5.906
5.878
5.802
5.771
5.901
5.806
5.841
5.757
5.303
5.757
5.920
5.829
5.824
5.764
5.742
5.675
5.927
5.652
5.816
5.826
5.724
5.774
5.806
5.669
5.747
5.793
5.745
5.793
6.566
5.808
6.312
5.702
5.789
5.812
5.716
5.717
5.810
5.779
17.677
5.769
5.782
5.658
5.606
6.110
5.864
5.992
5.247
5.950
5.715
5.584
6.064
5.717
5.325
5.976
5.756
5.682
6.340
5.692
5.771
6.487
5.938
5.887
5.967
5.736
5.960
5.788
5.891
6.085
5.704
5.718
6.004
6.050
6.038
5.846
5.987
6.220
5.733
6.140
5.804
5.922
5.956
5.930
5.758
5.901
5.974
5.870
6.148
5.914
6.229
5.868
5.714
5.708
5.709
5.819
5.764
5.745
5.792
5.926
5.698
5.820
5.860
6.079
5.488
5.739
5.764
5.822
5.916
5.863
5.534
6.035
5.802
6.363
5.747
5.853
6.091
6.149
5.795
5.827
5.882
5.730
6.488
5.773
7.062
6.064
5.755
6.122
5.955
5.720
5.784
5.717
5.930
5.745
5.667
6.008
5.926
6.066
6.008
5.761
6.232
5.580
5.926
5.680
5.852
5.596
6.082
5.781
6.536
5.625
5.774
5.719
7.309
6.156
5.735
5.696
5.560
17.996
5.790
5.877
5.580
5.737
5.604
5.714
5.947
5.716
5.683
5.961
5.745
5.703
5.725
5.644
5.841
5.694
5.578
5.738
5.665
5.770
5.989
5.903
5.821
6.418
5.830
5.647
6.402
6.243
5.665
5.673
7.401
5.696
6.010
5.804
8.323
5.479
6.014
6.108
5.751
5.664
5.439
5.596
6.017
5.816
5.554
6.051
5.765
5.815
5.792
5.627
5.683
5.780
5.532
6.009
5.980
5.512
5.838
5.928
5.417
5.642
5.586
5.960
5.776
5.691
5.727
6.002
5.659
5.566
5.446
6.573
5.577
5.840
5.558
5.576
5.683
5.604
5.807
5.846
5.714
6.125
6.119
5.790
5.566
5.646
5.728
5.804
5.549
5.462
5.554
5.454
5.857
5.471
6.000
5.748
5.763
5.769
5.544
5.545
5.500
6.024
5.660
5.657
5.586
5.779
5.548
5.493
5.765
6.137
5.645
5.883
5.673
5.595
5.494
5.656
5.511
5.485
5.623
5.579
6.687
5.558
5.461
5.698
5.818
5.616
5.490
5.649
5.672
6.223
8.934
5.971
5.850
5.497
5.575
5.405
6.745
5.542
5.479
5.312
5.435
5.689
5.709
5.700
5.527
5.435
5.735
5.670
5.472
5.500
5.598
5.633
5.601
5.461
5.612
5.475
5.585
5.604
5.582
5.748
5.432
5.654
5.585
5.450
6.010
5.396
5.453
5.473
5.501
6.104
5.615
5.532
5.429
5.539
5.827
5.452
5.487
5.599
5.517
5.442
5.462
5.478
5.415
5.466
6.634
5.485
5.483
5.511
5.460
5.492
5.405
5.558
5.509
5.588
5.506
5.473
5.504
5.447
5.532
5.613
5.602
5.481
5.457
5.422
5.534
5.566
5.846
5.438
5.499
5.467
5.448
5.502
5.405
5.289
5.297
5.499
5.476
5.537
5.299
5.530
5.421
5.528
5.304
5.453
5.466
5.980
5.311
5.555
5.758
5.434
5.350
5.415
5.482
5.463
5.459
5.497
5.404
5.512
5.323
5.286
5.457
5.313
5.446
5.305
5.439
5.446
5.462
5.311
5.283
5.469
5.434
5.321
5.444
5.637
5.664
5.431
5.359
5.468
5.627
5.450
5.466
5.429
5.290
5.312
5.280
5.734
5.464
5.462
5.461
5.497
5.479
5.391
5.741
5.536
5.446
5.475
5.576
5.391
5.516
5.457
5.462
5.467
5.469
5.650
5.598
5.467
5.351
6.089
5.440
5.340
5.489
5.430
5.386
5.431
5.455
5.427
5.493
5.478
5.319
5.428
5.365
5.307
5.302
5.439
5.307
5.383
5.531
5.424
5.268
5.386
5.326
5.213
5.162
5.284
4.878
5.457
5.302
5.351
5.442
5.422
5.317
5.268
5.295
5.384
5.321
5.291
5.275
5.310
6.119
5.326
5.315
5.289
5.310
5.295
5.318
5.322
5.301
5.289
5.598
5.312
5.297
5.277
5.606
5.294
5.548
5.329
5.311
5.416
5.382
5.598
5.306
5.349
5.307
5.289
5.297
5.304
5.297
5.352
5.415
5.307
5.307
5.305
5.266
5.309
5.002
5.258
4.885
4.980
5.330
5.289
5.320
5.359
5.263
5.298
5.485
5.273
5.289
5.287
5.240
5.639
5.298
5.270
5.545
5.046
5.065
5.335
5.054
5.139
5.902
14.285
5.297
5.300
5.460
4.991
5.148
5.575
5.289
5.321
5.864
5.383
5.244
5.611
5.066
5.266
4.845
13.749
5.192
5.063
5.440
4.826
5.393
5.054
5.565
5.677
5.277
5.270
5.434
4.830
4.956
4.822
5.183
4.953
5.048
5.740
5.278
4.959
5.371
5.028
5.179
5.378
5.193
6.128
4.813
5.050
6.617
5.034
5.019
4.957
4.837
5.272
5.915
4.951
5.385
5.436
5.060
5.435
5.015
5.197
4.842
5.006
5.732
4.958
5.113
5.348
4.964
5.014
5.138
4.903
4.995
4.957
5.294
5.070
5.218
5.418
5.331
4.847
5.264
5.216
5.073
5.200
5.832
4.955
4.955
5.538
5.009
4.793
5.653
4.952
4.958
4.930
5.166
4.950
7.351
6.778
4.968
4.946
4.952
4.909
4.890
4.710
5.417
4.950
5.421
4.859
4.933
4.925
4.964
4.922
5.244
5.902
4.826
4.949
4.990
5.173
5.043
6.193
4.946
4.950
4.770
4.816
5.078
4.954
4.918
4.920
4.993
4.903
4.934
4.902
4.850
4.958
4.835
4.949
5.110
4.960
4.948
5.175
4.853
4.940
5.017
4.946
4.981
5.014
4.954
4.955
4.915
4.907
4.945
4.927
4.803
5.009
4.949
4.946
5.016
4.889
4.967
4.868
4.885
4.960
5.003
4.875
5.509
4.987
4.961
5.724
5.015
5.257
5.083
4.919
4.875
4.844
5.475
4.993
4.944
4.924
5.265
4.700
4.929
4.941
4.942
4.848
4.890
4.887
5.262
4.912
4.919
4.933
4.844
4.947
5.083
4.888
4.745
4.921
4.821
4.882
4.953
4.948
5.240
4.893
4.921
4.945
4.941
4.899
4.728
4.839
4.903
4.958
4.948
4.822
4.882
5.051
4.904
5.259
4.882
4.849
5.171
4.839
4.841
4.794
4.901
4.949
4.850
5.607
4.900
4.772
4.801
4.924
4.926
4.854
4.886
4.763
4.946
4.962
4.926
4.955
4.920
4.928
4.929
4.728
5.172
4.826
4.732
4.811
4.959
4.781
4.908
4.854
4.774
4.844
4.849
4.826
4.754
4.863
4.915
4.906
4.916
4.841
4.881
4.996
4.806
5.079
4.888
4.906
4.967
5.439
4.881
4.846
4.928
4.889
4.892
4.801
4.748
4.954
4.836
4.838
4.785
4.810
4.876
4.873
4.779
4.989
4.914
4.875
4.845
4.957
4.852
4.905
5.458
4.782
8.062
5.556
4.951
4.929
4.934
5.009
5.020
4.882
5.001
4.940
5.123
5.120
4.790
4.941
4.885
5.012
4.936
4.799
4.852
4.967
5.050
4.847
4.850
7.854
4.861
4.825
4.890
4.984
4.884
4.840
4.901
4.964
4.882
6.139
4.784
5.165
5.154
4.941
4.861
4.953
5.017
5.330
4.877
4.896
5.215
5.704
4.771
4.995
5.001
4.889
4.985
4.834
4.787
4.876
5.102
4.907
4.993
4.895
5.198
5.376
4.779
4.921
4.942
4.894
4.888
4.808
4.933
4.915
4.779
4.964
4.941
4.844
4.903
4.817
4.823
4.818
4.771
4.942
4.765
4.893
4.842
4.804
4.828
6.774
4.837
5.000
4.909
4.860
4.783
4.900
4.818
5.255
4.909
4.902
4.824
4.848
4.866
4.782
4.786
4.887
4.836
4.851
4.887
5.037
4.933
4.790
7.367
4.920
4.869
4.837
4.779
4.778
4.913
4.923
4.790
4.831
4.803
4.890
4.896
4.811
4.859
4.805
4.890
4.917
4.805
5.053
5.003
8.299
5.005
4.805
4.879
4.844
4.876
4.806
4.912
4.967
4.906
4.888
4.912
4.959
4.870
4.882
4.829
4.825
4.796
4.798
4.815
5.093
4.849
4.860
4.791
4.835
4.879
4.867
4.868
4.882
4.797
4.811
4.861
4.664
5.048
4.788
5.111
4.823
4.902
4.789
4.834
4.921
4.833
4.806
4.849
6.065
4.801
4.949
4.807
5.011
4.934
4.919
4.925
4.790
4.797
6.062
4.951
4.904
4.891
4.855
4.868
5.185
4.815
4.878
4.797
7.356
5.155
4.955
4.816
4.882
4.811
4.783
4.785
4.917
4.816
4.807
4.786
4.839
4.756
5.035
4.786
5.165
4.809
4.980
4.780
4.805
4.949
4.779
4.796
5.632
4.964
4.817
4.742
4.821
4.781
4.770
4.846
4.820
4.792
4.791
4.802
4.772
4.832
4.788
4.694
4.810
4.781
4.779
4.802
4.784
4.962
4.817
4.823
4.794
4.848
4.758
4.770
4.746
5.402
4.789
4.782
4.927
4.756
5.281
4.782
4.783
4.770
4.822
4.840
4.758
4.809
4.882
5.261
4.989
4.906
5.176
4.764
4.759
4.753
4.857
4.964
4.810
4.921
4.899
4.769
4.925
4.748
4.885
4.797
4.921
4.891
4.772
4.800
4.755
4.802
4.767
4.780
4.764
4.759
4.891
4.896
5.380
4.887
4.769
4.749
4.775
4.749
4.912
4.795
5.279
4.805
4.778
4.806
4.864
4.767
4.784
4.782
4.800
4.916
4.781
5.029
4.751
4.784
4.924
4.782
4.942
4.840
4.796
4.826
4.780
4.802
4.780
5.214
5.271
4.754
4.762
4.820
4.801
5.011
5.451
4.757
4.828
4.888
4.867
4.792
4.815
4.838
4.882
4.871
4.824
4.839
4.747
4.814
4.969
4.749
4.881
4.764
4.756
4.917
4.808

Results for GA
Target: Iris-versicolor: 
Correctly classified 145.0 instances.
Incorrectly classified 5.0 instances.
Percent correctly classified: 96.667%
Training time: 638.741 seconds
Testing time: 0.004 seconds

