-i 5000 -algo ga -tomutate 50 
Iterations: 5000
toMutate: 50.0

Error results for GA
Target: Iris-versicolor
---------------------------
17.590
19.080
18.252
18.409
16.634
18.269
16.024
18.743
16.882
20.325
17.030
18.078
16.754
18.391
18.333
23.675
18.928
15.546
17.827
16.627
19.029
16.482
21.674
16.293
17.807
17.773
17.845
17.850
17.342
23.677
20.604
28.295
19.666
17.516
16.396
17.404
25.160
17.042
16.056
16.930
18.659
18.036
17.639
20.200
17.439
18.295
19.189
16.297
20.552
17.215
16.426
18.566
17.055
18.736
17.418
17.208
16.514
18.440
16.233
17.314
19.215
18.080
16.195
24.094
17.688
18.119
17.720
15.908
16.680
17.508
16.644
17.058
20.340
17.082
18.731
17.257
14.658
18.778
17.579
15.912
18.581
14.934
16.093
17.046
17.455
17.073
18.009
17.226
18.254
15.814
18.551
16.864
16.454
18.511
15.947
18.504
17.929
20.774
15.535
16.951
15.232
17.380
14.752
16.196
15.697
18.195
19.874
15.445
14.569
17.123
18.836
16.310
17.367
18.431
14.760
17.745
18.396
17.803
16.009
18.159
20.222
13.860
13.984
14.370
19.546
17.255
16.081
14.524
19.690
14.808
13.882
21.826
15.067
18.999
22.225
20.329
15.461
18.105
17.145
15.846
17.824
14.079
15.777
17.849
16.798
15.855
15.491
16.135
15.272
16.075
17.798
16.968
16.089
17.531
13.542
15.910
14.713
31.739
16.508
14.242
18.062
19.439
14.123
15.406
20.559
14.380
16.879
16.487
14.123
18.871
17.194
14.522
16.577
14.957
15.197
14.221
18.312
15.604
13.660
18.439
15.835
15.632
15.904
17.429
17.399
14.372
13.736
13.547
14.843
14.874
14.689
14.413
16.124
14.704
15.378
14.673
14.438
14.705
15.095
13.777
15.309
13.681
14.294
14.404
14.623
14.922
16.392
16.570
14.257
14.394
13.624
13.775
13.826
15.630
14.001
15.201
13.802
14.447
14.459
13.395
15.960
14.054
15.953
17.312
22.880
13.682
15.529
15.105
15.416
13.871
14.242
14.738
14.158
13.844
15.114
14.989
13.607
14.307
13.572
14.907
13.742
15.854
15.365
14.391
14.472
13.590
14.832
14.563
16.205
13.377
16.514
14.018
13.601
18.300
14.278
13.563
13.512
17.925
13.006
18.804
13.450
14.900
14.102
18.180
13.691
15.016
14.926
14.344
14.114
14.622
13.662
13.871
13.749
18.025
16.338
13.870
13.782
13.956
17.063
15.297
15.284
13.962
14.527
13.460
13.700
13.913
15.501
14.353
16.639
15.726
14.153
15.340
13.258
15.646
14.518
13.986
13.873
13.515
12.924
13.620
13.827
14.776
13.395
13.667
14.769
14.133
13.965
13.217
13.732
14.598
16.447
13.555
14.026
14.376
13.071
14.965
13.812
13.855
13.858
13.910
13.296
13.989
12.891
14.073
13.951
14.195
14.457
13.671
14.944
15.307
13.213
14.710
13.673
13.865
15.082
13.571
12.754
12.745
22.584
12.819
13.265
14.851
16.650
13.635
14.523
13.021
14.171
13.304
15.502
13.970
13.854
13.359
13.231
13.289
12.684
16.809
14.707
14.052
16.684
13.616
14.760
13.634
14.604
13.373
14.065
13.244
13.953
15.007
11.533
13.737
16.796
12.984
16.110
13.299
12.364
12.828
13.965
12.640
12.639
13.706
11.630
13.488
12.871
13.679
13.639
12.583
13.145
13.634
12.107
14.554
14.139
13.879
14.707
15.691
14.600
14.243
13.584
13.771
15.233
15.091
13.989
12.767
15.149
12.969
13.525
13.314
15.105
13.073
15.217
13.260
12.611
19.577
12.710
15.918
13.458
17.340
14.111
15.195
12.920
13.516
12.459
13.164
12.458
20.911
15.251
17.714
12.849
18.128
13.061
13.603
14.243
15.529
12.849
17.966
13.406
12.755
18.696
12.971
14.467
14.768
12.759
13.366
13.110
15.625
15.318
13.858
14.703
15.290
13.472
18.267
13.093
13.845
15.810
14.895
13.189
19.521
16.651
17.485
15.984
15.940
13.766
13.204
14.171
13.620
12.913
13.173
12.524
14.490
18.688
13.837
12.477
16.356
16.293
13.841
13.989
12.927
14.125
12.541
18.208
14.446
13.660
14.298
12.960
13.467
14.824
13.799
12.781
13.355
12.608
15.399
13.818
13.518
14.408
14.699
12.585
12.155
15.349
13.512
12.457
16.498
13.520
14.601
13.806
12.875
20.861
15.706
13.067
13.590
17.330
14.250
11.611
13.582
14.001
13.731
15.419
13.121
16.258
16.831
13.397
15.005
13.397
13.131
13.334
11.967
14.301
13.226
16.398
14.754
14.762
13.768
15.866
15.630
15.303
12.349
15.129
13.264
14.790
16.028
12.851
15.627
13.640
15.245
12.437
15.251
13.405
13.625
13.313
14.810
13.322
16.000
12.246
12.280
16.569
16.576
13.360
15.013
17.019
13.379
15.056
12.468
12.614
20.865
12.507
13.260
14.079
13.107
14.516
11.492
12.595
12.930
12.865
13.534
13.379
12.916
15.214
11.301
13.561
17.079
19.156
14.244
12.612
14.630
13.167
15.824
15.759
14.117
13.028
14.986
13.197
11.870
15.386
11.987
22.060
12.924
11.946
13.802
13.289
16.325
15.350
11.747
12.595
13.804
21.722
12.986
14.652
13.340
13.514
11.462
12.434
12.478
12.769
14.470
13.305
12.888
12.599
11.159
13.656
12.915
14.971
12.591
13.792
12.788
13.812
13.200
11.302
13.636
14.759
12.592
12.534
13.617
12.937
12.253
12.116
12.958
13.621
15.643
13.174
12.765
12.109
12.399
11.890
15.483
13.208
15.058
12.051
12.854
18.590
14.593
16.019
13.553
13.935
18.894
16.164
16.327
15.042
20.699
13.204
14.990
16.067
12.929
12.574
13.946
12.016
14.479
16.002
13.805
12.672
15.364
12.780
12.506
13.389
10.599
11.652
12.006
13.029
11.279
13.883
10.371
12.953
12.620
11.818
13.668
13.783
17.779
12.555
14.923
13.032
13.143
15.869
11.273
11.933
12.659
19.773
13.723
14.692
15.706
11.874
12.562
14.520
12.337
12.009
18.107
13.666
14.233
15.920
11.846
12.383
12.795
10.390
11.631
11.300
11.750
9.684
10.498
10.612
14.031
12.453
12.124
15.112
11.840
11.154
12.346
10.967
10.850
13.223
12.086
9.703
13.098
14.878
13.537
10.102
14.009
12.317
12.228
20.078
11.480
14.153
10.563
10.159
10.256
10.664
10.416
10.838
15.411
11.051
11.249
12.897
11.452
10.684
10.725
10.035
9.868
10.317
9.541
11.004
13.725
14.963
11.740
13.236
11.831
11.792
12.589
10.118
12.178
9.509
9.165
12.089
12.832
16.033
10.034
11.845
8.431
10.920
10.185
10.711
10.127
12.015
10.880
13.726
9.267
13.032
10.916
9.086
10.087
9.132
9.737
12.408
15.605
13.361
11.051
9.029
10.242
15.732
10.104
7.937
9.773
10.518
11.692
8.784
15.035
9.746
10.900
10.417
8.886
9.499
9.527
8.268
10.722
11.301
8.619
9.646
8.686
8.968
8.984
9.919
8.493
10.773
6.630
7.727
13.391
8.507
10.661
8.173
8.385
8.938
14.191
7.695
8.787
8.866
8.193
14.758
10.892
11.712
8.475
11.096
8.298
8.159
8.854
9.202
9.629
11.273
9.614
8.976
8.079
8.189
8.213
7.733
10.973
8.070
11.134
8.557
8.973
8.834
8.243
9.072
9.356
7.684
10.388
8.165
9.037
11.342
8.985
8.082
10.187
8.922
8.902
8.449
8.472
11.207
6.341
10.022
8.431
8.993
12.842
9.612
7.654
8.545
7.204
7.807
10.358
7.513
7.140
8.639
7.248
8.083
6.642
8.081
7.303
10.352
7.582
6.817
6.838
6.531
8.813
9.213
8.110
7.277
8.910
8.953
7.849
8.617
6.810
8.144
7.811
6.633
6.646
6.557
6.954
7.470
6.293
13.694
6.583
7.090
7.199
7.994
7.027
7.088
7.729
7.630
7.152
6.484
8.115
6.412
7.364
6.883
16.221
7.172
7.456
7.564
7.270
6.686
6.514
7.056
7.442
7.073
6.707
6.635
6.444
7.800
8.030
9.190
6.322
7.887
7.505
8.896
6.731
7.179
7.600
7.006
8.361
9.656
7.054
7.233
8.621
13.311
7.313
6.522
9.533
15.094
6.920
7.072
8.580
6.662
7.787
8.197
7.827
10.721
8.253
6.866
6.438
8.952
6.561
6.899
6.506
6.310
7.023
8.765
6.443
12.124
6.744
7.490
8.876
6.333
6.411
6.507
9.324
6.400
10.684
6.753
6.610
6.595
6.064
6.979
6.128
6.382
7.333
10.025
6.177
5.811
6.192
6.402
6.935
7.733
6.131
6.796
5.940
6.697
5.940
7.495
7.704
22.773
9.005
7.530
7.315
8.359
17.487
6.459
11.359
6.643
7.851
6.381
9.552
5.946
8.333
5.872
6.320
9.375
5.640
5.644
6.522
6.893
6.245
5.981
6.907
6.414
5.967
5.455
21.472
8.262
6.719
5.681
12.046
6.139
6.400
9.044
5.401
5.693
10.387
6.079
5.392
4.959
5.406
5.658
5.807
7.648
6.841
10.625
6.976
4.793
8.027
6.258
6.698
5.629
4.759
5.034
6.793
6.013
22.899
5.563
5.228
5.688
5.584
6.382
5.504
5.193
5.917
4.879
4.729
5.384
5.142
6.024
4.707
4.740
4.828
5.530
5.340
5.084
5.114
5.970
5.977
4.793
6.910
5.104
8.437
5.367
7.532
5.049
4.837
4.556
4.795
5.038
6.498
5.276
4.917
4.885
5.817
6.502
4.815
4.728
4.801
7.611
5.949
9.450
9.586
7.320
4.645
5.531
11.635
4.727
4.660
5.040
12.432
5.245
5.619
5.180
4.742
5.081
4.728
6.389
4.802
4.550
4.446
4.526
4.985
8.213
4.857
4.939
5.388
4.766
5.469
19.053
4.834
5.848
5.058
4.938
4.811
5.278
6.272
5.054
9.995
5.748
6.159
5.219
4.626
4.730
4.551
5.089
5.373
4.668
5.973
12.632
20.354
4.737
5.284
4.792
5.834
4.686
4.754
5.920
7.860
4.379
6.847
5.784
4.886
10.782
4.491
4.990
4.928
4.768
4.689
6.610
8.231
6.710
15.656
4.496
7.546
4.631
4.322
4.589
4.992
5.057
6.089
5.510
4.935
4.362
4.605
5.225
4.630
4.707
5.069
4.790
4.571
5.937
5.389
4.593
5.158
4.562
6.022
6.825
5.564
4.288
7.093
4.343
5.048
5.323
4.327
4.534
4.836
4.757
8.408
4.532
4.113
4.286
5.852
5.080
4.592
4.186
4.951
4.567
8.010
5.521
4.881
4.390
4.446
4.349
4.689
4.108
4.610
5.459
4.511
4.511
6.562
4.882
10.753
7.612
4.287
6.969
4.514
4.694
4.534
4.349
4.467
4.601
4.890
5.234
4.200
5.017
5.152
4.435
9.294
4.852
4.685
4.371
23.460
3.955
7.251
4.883
4.002
4.366
4.570
4.184
4.228
5.483
4.088
8.136
5.393
3.803
4.802
4.727
4.478
5.097
4.689
4.624
5.235
4.755
5.217
4.431
5.110
5.026
4.311
9.707
4.475
3.898
4.510
6.840
4.224
6.132
5.612
4.222
4.636
4.784
4.717
4.353
4.800
5.059
4.532
4.608
4.524
4.178
5.371
5.136
4.010
4.041
4.069
3.571
5.847
7.265
5.011
4.282
18.723
4.684
3.827
4.272
4.932
3.651
4.071
3.994
4.268
8.600
3.651
5.688
3.944
3.875
4.480
5.960
4.206
3.863
3.890
4.020
4.325
3.991
3.964
3.792
5.519
3.679
10.422
4.464
3.842
4.032
3.589
4.037
3.609
3.681
4.648
3.770
4.022
3.971
3.690
4.795
3.738
4.056
3.624
3.565
3.674
4.894
4.623
3.424
6.008
4.356
5.314
3.751
4.028
3.586
3.640
5.362
3.514
3.809
8.153
3.543
8.006
6.169
7.374
4.310
3.807
4.802
3.433
3.711
4.282
4.399
5.056
3.994
4.736
3.817
3.964
3.459
3.190
3.435
3.794
3.524
3.901
3.918
3.720
4.559
3.772
3.276
3.780
3.652
3.856
8.920
4.546
3.621
3.803
3.689
3.279
4.744
26.370
3.418
5.024
4.578
3.703
3.875
5.985
4.276
3.170
3.822
3.073
4.018
3.390
3.486
4.844
5.626
4.861
3.112
3.453
13.521
3.750
3.320
4.513
3.365
3.375
6.574
3.085
3.173
3.175
3.377
6.282
3.375
3.571
4.671
4.623
3.543
3.875
3.730
3.952
3.240
3.661
3.375
3.725
3.628
2.969
4.207
3.095
3.044
3.739
2.954
3.024
3.410
4.001
3.203
4.681
3.218
7.313
8.485
4.095
5.177
3.217
3.065
3.029
3.140
2.770
3.233
4.335
3.259
9.184
2.956
6.888
4.718
16.904
4.031
3.069
3.246
2.978
3.553
11.377
3.184
3.212
3.148
12.943
3.346
3.124
3.183
3.045
3.193
3.098
4.019
5.600
5.027
3.312
3.401
22.278
4.465
3.065
5.798
4.245
3.924
2.982
6.942
3.745
3.440
3.031
3.027
4.738
2.894
3.089
2.932
4.472
3.155
2.799
3.827
2.956
3.733
2.771
3.537
2.816
2.916
2.753
3.430
2.824
2.950
3.788
5.453
4.247
3.189
2.794
2.773
2.788
2.753
2.786
4.154
2.995
3.032
2.858
7.187
3.431
3.487
3.036
2.675
4.033
2.751
4.314
3.159
7.558
3.573
3.159
2.960
3.004
3.086
2.700
3.483
3.171
4.253
2.809
5.653
2.697
2.908
3.706
5.420
3.268
2.963
2.755
3.257
8.629
2.854
6.023
3.123
3.037
2.579
3.639
2.672
3.048
12.109
2.890
3.005
2.605
4.684
2.697
2.959
22.411
3.771
2.608
16.283
2.588
2.704
8.012
2.799
2.671
5.056
2.709
2.746
2.699
4.714
6.271
2.845
4.282
2.990
2.726
2.821
3.190
2.855
2.606
2.788
10.283
2.617
2.565
2.817
2.546
2.779
2.756
3.395
2.987
3.005
2.613
2.710
3.941
2.572
2.492
4.290
2.858
4.017
3.075
3.230
3.458
2.979
3.067
7.675
2.780
2.587
7.148
4.471
2.635
2.634
2.631
3.385
2.740
2.650
3.117
3.942
3.124
3.393
3.000
2.833
9.459
2.554
3.411
2.653
5.007
3.573
2.788
2.605
2.598
2.550
2.519
2.812
5.131
2.412
3.273
2.364
4.717
3.006
12.101
2.940
3.051
2.921
2.697
8.055
5.453
3.512
4.294
2.385
2.586
2.649
2.730
3.025
2.954
2.659
2.834
4.070
2.664
2.641
2.684
2.407
2.799
2.691
2.951
20.491
2.439
3.036
2.738
2.357
2.449
2.446
2.633
3.092
5.083
2.619
2.707
2.316
2.945
2.466
2.361
2.401
2.480
2.382
2.346
3.131
2.408
2.501
2.471
2.973
2.565
2.269
2.806
2.617
2.394
2.790
2.328
2.782
3.230
2.374
3.191
2.306
3.343
2.337
3.776
2.484
2.957
3.459
2.353
2.468
2.911
2.380
2.365
2.313
2.282
2.438
2.424
2.505
2.381
2.506
2.454
2.427
2.444
2.321
2.481
2.277
2.717
9.121
2.552
2.610
4.038
2.361
2.375
2.971
2.414
9.830
2.410
10.165
2.468
2.341
2.477
2.339
2.423
2.553
2.538
2.296
2.870
8.569
2.387
2.856
2.383
5.971
2.605
2.326
9.761
2.452
2.670
2.429
3.666
2.561
2.260
2.597
2.502
2.498
2.449
2.424
2.460
2.306
2.593
2.469
2.545
2.669
3.124
2.337
2.333
2.639
2.714
2.398
2.815
2.376
2.535
2.590
3.625
2.841
2.264
2.424
4.522
2.262
2.594
5.924
2.488
2.516
2.432
2.477
2.684
2.455
2.613
2.967
2.296
2.318
3.025
2.574
7.508
2.412
9.902
2.350
3.991
2.303
2.829
2.320
3.239
2.714
2.052
2.735
2.338
3.264
2.398
2.407
2.311
2.360
2.327
2.450
2.581
3.133
2.299
2.784
2.493
7.769
2.449
2.476
2.326
2.894
3.654
3.915
2.339
2.752
2.206
2.543
2.220
3.051
2.625
2.424
2.231
2.930
2.272
2.541
2.453
2.305
2.265
2.717
2.705
2.198
2.380
2.972
3.824
2.354
2.190
5.827
2.221
3.278
2.433
2.252
2.938
2.236
18.394
2.413
2.190
8.266
2.572
2.250
2.486
2.342
3.705
2.281
3.096
3.270
2.281
9.366
2.193
2.337
2.189
2.313
2.355
2.976
2.253
2.121
2.437
2.161
2.141
3.195
2.307
2.338
2.229
2.160
2.242
2.816
2.163
3.535
2.241
2.154
2.139
2.338
2.417
2.669
2.350
2.427
6.082
6.123
2.331
2.169
2.724
2.942
4.454
2.217
3.758
17.199
2.203
2.170
2.180
2.140
2.571
2.313
2.329
3.061
2.218
3.162
8.122
4.783
2.260
2.326
2.118
2.673
2.126
2.326
4.041
2.213
2.149
2.157
2.468
2.294
2.375
2.197
2.511
4.682
2.501
2.222
2.148
2.239
3.154
2.057
2.833
2.383
2.587
2.180
2.256
3.896
2.446
2.122
2.411
2.146
2.250
2.310
2.225
2.316
2.973
2.765
2.192
2.337
2.158
2.203
2.170
2.791
2.703
2.148
2.446
2.497
3.761
2.226
2.304
2.125
2.193
2.570
20.350
2.176
2.863
3.030
2.183
2.156
2.229
2.182
3.503
2.256
11.355
3.390
2.214
3.491
2.214
2.079
2.155
2.088
2.867
2.552
2.473
2.319
2.312
2.375
2.209
2.478
2.257
2.337
2.186
2.576
2.137
2.428
17.644
14.408
2.651
2.371
2.233
2.194
2.106
2.816
3.329
3.576
10.375
2.431
2.251
3.772
2.602
2.947
2.453
2.428
2.941
3.165
6.055
2.172
2.636
2.806
2.377
2.560
2.385
2.503
6.322
3.652
2.303
2.120
2.555
2.266
2.095
2.168
2.117
2.238
2.160
2.149
2.065
2.154
2.182
2.266
2.658
2.064
22.316
2.365
3.877
2.683
2.183
2.704
2.405
2.193
2.173
3.237
2.667
2.120
2.182
15.792
2.594
2.458
2.278
2.329
2.032
2.172
2.194
2.521
2.189
2.313
2.281
2.724
4.072
2.187
2.136
2.130
2.625
2.179
2.484
4.514
2.162
2.259
2.417
3.399
14.920
2.102
2.371
2.439
2.167
2.093
2.502
2.032
2.390
2.237
2.258
2.087
3.414
2.627
2.111
3.486
2.743
12.476
2.575
1.999
2.413
2.095
2.055
20.403
12.278
2.053
2.174
4.517
2.175
8.465
2.252
2.655
2.250
3.501
13.513
2.203
2.077
2.826
3.394
2.511
2.456
2.256
2.811
3.274
2.077
10.260
2.135
2.161
2.372
2.616
2.222
2.086
10.916
2.246
2.033
2.247
2.008
2.216
13.775
3.874
2.191
2.065
3.193
3.701
2.062
2.116
2.657
2.050
2.541
2.374
2.107
2.124
2.065
2.102
2.489
2.204
2.172
3.378
3.151
2.099
2.528
4.638
2.253
2.183
2.371
2.836
2.083
2.921
2.648
2.461
2.002
2.129
2.126
2.060
2.062
2.258
2.133
2.269
1.997
2.379
6.474
2.133
2.078
2.053
2.008
2.272
2.238
2.038
3.534
2.101
1.871
2.261
1.960
1.984
2.187
2.013
2.126
2.290
2.697
3.091
2.656
2.031
2.222
1.957
2.409
2.274
2.935
2.075
2.098
1.997
2.490
2.089
2.008
2.094
2.027
2.413
6.221
2.511
1.881
1.994
3.832
1.928
3.981
2.171
2.508
2.779
2.083
3.434
6.882
3.581
2.361
4.017
2.459
2.618
1.991
1.914
7.037
2.004
2.020
1.923
2.980
1.939
2.326
3.345
2.277
2.203
2.090
14.390
20.296
2.211
2.318
3.360
2.191
1.970
2.278
13.059
2.041
2.330
5.863
3.137
2.550
2.793
1.992
2.067
1.978
2.893
1.987
1.974
1.984
2.805
2.333
2.295
2.069
2.040
3.294
2.384
1.929
2.052
2.386
2.043
2.088
1.955
2.116
4.253
4.017
2.223
2.199
1.895
2.053
2.360
16.397
18.795
2.023
2.031
1.982
1.998
2.139
1.964
2.004
1.942
5.084
2.301
1.917
2.425
1.990
2.707
2.898
1.919
2.498
1.962
1.983
1.945
2.020
2.358
2.128
2.043
1.987
2.117
2.124
2.062
2.736
2.071
2.182
1.994
1.941
1.949
2.959
1.983
3.426
2.036
2.215
2.003
3.076
12.824
2.045
2.757
2.391
1.974
1.935
2.057
1.968
2.123
2.008
2.133
2.528
2.265
2.096
4.716
2.033
2.012
3.369
1.979
2.236
2.663
1.953
2.024
1.941
3.591
2.901
11.260
2.427
2.035
2.017
2.020
2.588
2.186
2.413
2.547
17.326
1.937
2.593
2.188
5.039
2.169
1.932
2.038
2.273
2.484
2.306
2.125
1.944
1.945
2.073
2.098
3.202
2.552
2.905
5.562
6.980
2.013
1.989
1.993
3.057
1.995
1.955
2.011
2.736
1.949
4.748
2.812
3.595
1.881
1.972
2.165
1.949
2.197
1.969
2.065
1.946
7.132
1.956
2.043
2.036
1.952
2.661
2.141
2.042
2.141
2.302
19.683
3.051
1.971
1.953
2.204
2.136
3.501
2.047
2.018
2.009
1.945
2.513
1.999
1.885
3.219
1.951
1.934
1.962
2.298
2.023
12.310
2.290
2.240
2.376
2.022
2.091
1.980
2.132
2.776
1.966
2.301
2.649
2.056
11.843
2.266
2.312
1.952
1.938
2.055
1.962
2.150
2.023
1.972
6.935
2.305
1.928
2.049
2.843
3.778
1.998
2.245
2.015
1.937
2.026
1.914
2.665
2.199
1.943
1.966
2.012
1.947
16.984
2.086
2.030
1.938
1.978
1.929
2.072
2.048
2.025
2.290
1.962
1.988
5.931
1.951
1.982
1.968
1.883
1.963
2.004
1.955
2.068
2.322
1.972
2.044
2.394
1.946
2.021
1.947
2.047
3.453
1.947
2.116
2.302
2.027
1.909
2.201
1.957
2.323
2.449
2.206
1.940
1.972
2.157
2.796
2.080
2.654
2.404
1.978
1.992
1.932
1.947
3.851
1.960
2.094
4.319
1.951
2.069
3.745
2.418
2.319
2.003
2.260
2.061
17.388
2.250
1.988
2.109
2.864
2.040
1.911
2.254
2.137
2.032
2.190
3.827
2.025
2.008
1.952
1.934
1.979
2.424
2.299
1.915
1.951
1.993
1.957
4.648
7.747
2.009
2.726
2.245
1.941
4.677
2.266
2.622
1.994
1.902
1.978
1.941
2.262
2.718
19.126
2.146
2.112
2.034
1.950
2.152
1.947
1.992
2.305
1.942
2.198
1.968
3.200
2.636
2.836
1.975
2.005
9.800
2.268
2.604
12.786
2.037
2.234
2.070
4.192
2.023
2.003
2.028
1.955
2.219
2.094
2.178
2.206
2.216
2.794
2.630
3.401
2.095
2.139
16.903
9.596
2.321
1.947
2.557
1.882
1.995
2.609
2.175
1.959
1.963
2.203
1.873
2.046
1.858
2.690
2.299
2.011
2.064
1.942
1.952
2.192
1.940
1.949
1.979
1.989
1.913
2.013
2.516
2.033
2.165
1.870
1.946
2.278
2.198
1.964
2.159
1.985
2.218
2.005
1.908
3.034
1.933
2.624
2.047
2.773
2.915
1.977
11.093
3.455
2.017
2.135
10.312
1.948
1.763
2.259
2.168
1.920
1.914
1.952
1.919
1.829
1.958
1.875
2.273
1.930
2.371
1.960
1.917
2.199
1.925
2.370
1.901
1.893
1.919
3.501
1.994
8.603
2.470
4.276
1.985
2.071
1.903
1.942
2.074
1.923
3.615
5.716
1.881
2.022
7.663
2.894
3.255
1.922
2.437
6.372
2.102
8.189
1.956
2.027
2.511
2.682
1.907
2.423
2.506
2.576
1.883
6.386
2.431
2.371
2.138
10.613
1.881
2.152
1.936
21.004
8.839
2.346
2.371
1.961
1.903
2.959
4.196
1.853
2.137
1.859
7.539
2.005
2.040
1.911
1.839
1.920
1.844
2.207
2.751
18.769
2.088
2.026
2.022
2.126
2.028
2.979
2.090
1.974
1.972
2.018
2.219
2.005
1.926
1.945
1.943
3.573
1.890
2.083
2.776
2.145
1.927
1.934
1.917
2.027
1.969
2.105
2.042
2.165
1.896
2.856
1.923
1.985
1.900
1.942
1.927
1.990
2.042
1.998
2.146
2.920
1.915
7.746
2.149
2.034
1.957
2.260
5.285
1.955
6.198
2.328
1.930
1.964
1.935
1.965
1.980
1.966
2.130
2.007
2.194
2.206
2.273
2.045
13.428
2.182
1.943
1.919
1.959
1.939
1.880
2.165
1.913
2.005
2.060
1.974
2.195
2.069
2.074
1.980
2.462
2.137
1.965
2.116
2.099
1.923
1.981
2.179
12.915
2.014
1.896
2.066
2.099
9.793
2.145
5.126
1.927
1.936
2.018
2.014
2.016
5.303
7.605
2.546
2.104
2.033
5.458
7.163
19.239
1.819
1.879
1.982
2.422
1.890
2.108
2.112
1.929
2.633
1.874
15.908
1.966
2.088
2.131
8.044
1.890
1.937
2.113
2.140
1.919
1.916
22.302
1.937
1.904
1.912
1.921
1.872
2.034
1.945
2.540
2.319
2.063
6.667
4.745
2.363
1.977
1.991
2.101
1.837
1.931
1.942
1.967
1.942
2.075
2.124
2.158
3.194
1.894
2.403
1.919
1.964
1.917
1.941
1.952
4.078
1.911
2.179
2.156
22.587
2.076
2.575
1.905
2.888
1.855
2.506
20.435
1.844
1.942
2.042
2.074
1.917
1.935
1.879
2.209
2.045
1.829
2.052
1.991
1.885
1.879
2.266
2.080
2.207
2.013
1.878
1.884
2.686
2.246
1.891
1.991
2.011
2.063
1.973
2.481
1.859
6.339
2.629
1.862
3.386
1.882
1.886
1.995
1.888
1.951
1.861
2.053
2.009
7.841
1.919
2.141
2.126
2.064
3.796
2.021
1.891
2.097
2.057
2.121
13.165
2.064
2.011
1.959
1.911
1.817
2.292
2.057
2.072
3.565
2.564
1.975
1.990
18.622
1.951
1.892
2.507
1.862
3.020
3.430
2.108
2.529
2.161
2.108
3.688
1.889
1.952
1.873
2.064
2.073
1.895
2.983
2.100
1.900
1.860
1.849
1.963
2.699
12.919
3.675
1.893
1.853
1.928
1.915
2.505
12.118
2.391
17.562
1.864
1.964
1.908
2.136
2.048
2.505
1.898
2.177
1.825
3.700
14.819
22.763
3.312
2.979
1.876
1.908
2.008
4.274
1.873
1.905
2.175
1.911
1.972
2.038
2.472
2.031
1.978
2.007
1.920
2.213
1.847
1.983
1.972
2.404
1.795
1.859
1.837
1.873
2.089
1.931
1.918
2.064
1.899
1.857
1.875
2.176
1.986
1.833
16.687
1.786
6.441
5.266
1.835
1.983
2.084
2.290
2.189
18.321
8.072
1.890
1.794
1.952
1.875
1.804
2.264
2.211
1.755
2.704
2.605
1.829
1.830
1.900
1.807
1.853
1.801
2.373
1.970
2.212
2.124
4.451
2.402
12.388
11.996
1.874
1.765
1.874
2.210
2.450
1.940
2.903
1.841
8.976
1.971
2.073
2.548
1.833
1.895
2.004
1.870
8.079
1.777
1.827
1.741
1.808
1.817
2.443
1.802
12.300
2.714
14.382
1.839
2.001
4.046
1.816
1.956
1.810
2.182
1.905
2.456
1.868
2.130
12.830
2.039
1.781
2.039
1.724
2.142
1.742
1.886
2.053
1.784
2.141
1.732
1.823
2.066
1.772
17.139
1.949
1.653
1.779
14.171
1.871
1.945
2.506
1.766
2.521
2.289
1.915
2.786
1.747
1.882
1.864
1.796
2.094
1.788
1.779
1.768
1.889
1.846
2.303
1.761
2.816
1.664
2.072
1.804
2.894
2.883
1.730
1.940
1.763
1.747
1.699
1.696
3.883
2.445
1.700
1.738
2.008
1.765
1.624
2.720
1.789
16.346
1.784
1.725
1.792
1.710
3.874
2.359
1.702
2.918
21.927
3.082
2.727
1.799
1.853
1.713
1.704
1.916
1.745
1.699
1.787
1.743
1.847
1.703
1.765
1.900
1.739
1.649
1.606
1.620
2.870
1.937
1.630
1.863
4.478
1.680
1.644
1.858
2.210
23.851
1.818
1.838
1.822
1.770
2.052
1.689
1.621
1.790
1.775
5.971
1.978
1.695
1.836
1.641
2.335
6.436
1.867
2.746
1.918
1.742
2.062
1.820
1.928
1.555
2.112
2.777
1.652
1.775
2.573
1.699
2.510
1.753
1.698
3.358
2.148
1.779
1.777
1.753
1.662
2.038
2.054
1.891
1.598
1.629
2.033
1.764
1.557
1.874
2.937
2.444
1.808
1.713
1.679
1.690
8.086
2.235
3.338
1.851
2.699
1.749
1.931
1.654
1.888
1.693
3.055
1.804
2.089
1.812
1.661
2.177
1.860
1.740
1.597
1.585
1.842
1.603
1.520
2.895
1.672
1.606
1.998
1.706
1.686
1.838
1.500
1.725
1.588
1.667
2.057
1.649
1.580
2.929
1.568
1.717
1.989
3.722
1.703
1.831
1.486
1.903
1.671
23.853
1.643
1.765
1.659
6.800
10.287
24.673
1.536
2.037
1.658
15.120
1.719
1.796
1.673
1.614
1.732
1.528
1.558
10.037
1.825
1.709
2.633
1.611
2.432
2.010
2.064
1.849
2.017
1.475
2.033
1.532
3.050
9.421
2.011
2.078
1.448
3.574
1.727
1.528
2.683
1.522
1.709
2.216
1.435
1.474
1.819
3.807
1.544
22.238
1.605
1.472
1.656
2.055
1.989
1.550
1.726
1.496
1.618
12.693
1.747
1.733
1.556
2.427
1.540
1.429
2.142
1.479
1.389
1.588
1.626
1.910
1.954
1.529
1.663
1.645
2.995
1.849
2.406
1.505
1.510
2.129
1.801
1.792
2.062
2.360
2.313
1.629
1.680
1.580
1.419
1.556
1.394
1.446
1.401
2.160
1.949
2.065
1.396
2.538
1.408
1.439
1.432
1.824
1.466
1.475
2.031
4.444
13.278
1.500
1.508
1.712
4.970
1.463
1.500
1.905
1.538
2.255
1.432
1.419
1.776
16.193
2.442
1.530
3.081
1.489
1.778
1.533
2.437
2.122
1.517
1.804
2.638
1.721
1.521
1.448
1.451
1.462
12.510
1.447
1.486
1.435
1.619
2.678
1.488
1.434
1.574
1.383
1.685
13.415
1.405
1.631
1.536
1.399
1.692
2.934
1.430
1.381
1.532
6.914
1.527
1.667
4.037
1.385
2.091
1.696
1.599
1.980
3.805
2.121
1.489
1.409
1.682
1.496
1.514
1.498
1.487
2.570
1.645
1.490
1.502
1.461
1.509
1.733
2.995
1.647
1.525
1.518
1.874
1.426
1.538
1.537
2.140
1.624
1.793
1.436
1.426
1.399
1.982
2.577
1.543
1.465
1.500
1.455
1.386
1.447
1.555
1.492
1.438
2.555
1.486
1.385
1.590
1.600
1.494
1.974
5.430
1.528
1.600
1.936
1.447
1.457
1.413
1.752
1.424
1.372
1.606
1.961
9.494
1.504
1.452
3.683
1.390
1.408
1.609
4.497
1.639
1.385
1.527
1.470
5.811
1.479
7.002
3.760
1.461
21.219
1.403
1.607
1.396
1.663
1.575
2.514
1.499
1.405
2.500
1.543
2.199
1.399
1.773
1.503
1.643
1.497
1.432
1.494
1.484
1.742
1.382
1.556
1.619
1.396
1.403
1.436
1.517
4.533
2.640
1.358
20.300
1.662
1.657
1.841
1.563
1.509
1.570
1.739
1.753
1.920
1.373
1.444
1.457
4.053
1.365
2.218
2.578
1.404
1.744
6.565
1.399
1.625
4.526
1.710
1.544
1.673
1.534
1.574
1.467
1.384
1.641
23.293
1.395
1.492
1.365
1.730
1.401
13.844
1.414
1.865
1.405
4.292
1.494
4.170
1.445
1.442
3.200
1.558
2.045
1.372
1.410
1.533
1.467
1.751
1.472
1.401
7.660
1.642
1.461
6.149
1.754
1.581
2.897
1.353
1.764
2.839
1.484
1.646
2.250
3.085
1.708
1.467
1.485
1.400
1.345
1.524
1.316
1.469
1.465
5.469
2.172
1.560
1.360
1.723
1.489
1.402
1.317
1.390
9.711
1.375
2.471
13.866
1.304
1.353
1.386
1.372
1.405
3.307
1.735
1.384
1.575
1.709
1.398
1.398
5.946
1.454
1.875
1.684
5.674
17.757
1.559
1.344
1.298
1.522
1.917
24.112
1.298
1.616
1.330
1.413
1.521
1.432
1.330
1.405
1.379
1.605
1.328
1.728
1.451
1.744
1.541
1.688
1.536
1.485
19.667
1.517
2.201
14.102
1.308
1.491
2.121
1.683
1.368
1.306
24.597
10.051
1.632
8.131
1.305
1.422
1.444
1.371
1.574
3.827
1.851
1.514
1.305
1.768
1.579
1.392
1.967
1.846
6.778
2.036
1.528
1.489
3.906
1.462
1.487
2.294
1.308
1.372
1.275
1.449
1.789
1.354
1.673
1.455
1.360
1.350
2.081
1.953
1.395
1.370
1.330
1.343
1.329
1.283
1.264
1.274
2.702
1.293
1.724
1.857
1.559
1.598
1.616
1.628
1.781
1.554
12.922
1.313
1.267
1.253
1.296
1.341
1.692
20.413
1.796
1.362
1.626
1.298
1.622
1.489
1.293
3.841
1.289
4.569
4.119
1.413
1.325
1.483
1.614
1.769
2.159
24.170
1.287
1.327
1.277
1.342
1.340
2.446
1.371
1.299
1.986
2.179
1.654
2.049
1.778
3.324
1.303
1.651
1.533
1.294
1.295
1.604
1.262
1.334
1.440
1.291
2.953
1.941
1.487
1.347
1.406
1.482
5.098
1.308
1.279
1.456
1.248
1.786
1.295
1.364
6.118
2.071
1.608
1.426
1.391
1.252
2.413
1.696
1.810
1.844
1.238
1.306
1.253
2.258
1.334
2.281
1.275
1.798
1.487
1.378
9.301
2.180
1.395
1.758
1.348
1.919
1.593
1.336
1.258
1.349
1.541
1.790
4.836
1.502
1.452
1.962
3.475
1.331
1.290
1.243
1.261
1.396
1.307
1.257
1.396
12.444
1.288
1.238
1.350
1.628
1.254
1.311
1.436
1.237
13.721
2.557
3.234
1.216
1.260
1.273
1.323
1.351
1.264
1.517
1.814
1.323
1.238
1.387
1.400
1.872
1.262
1.315
1.321
1.367
13.777
21.996
1.696
2.170
1.362
1.550
1.366
2.050
1.386
2.186
1.223
1.443
1.278
1.320
5.669
4.051
1.274
5.393
1.230
1.351
1.213
1.253
1.525
2.752
1.324
1.641
1.227
1.505
1.234
5.266
1.524
1.225
1.294
4.458
1.336
1.271
1.212
1.236
1.778
1.529
1.403
1.237
1.225
1.232
1.230
1.459
1.483
1.256
1.504
1.346
1.233
1.240
1.352
1.349
1.318
2.097
1.543
1.255
1.297
1.727
1.212
1.206
1.314
3.368
3.047
1.406
1.891
1.688
1.208
1.221
1.238
1.201
1.258
1.202
1.301
24.897
2.359
1.234
1.316
1.307
3.949
1.214
4.025
1.354
1.234
2.081
1.299
1.226
19.465
2.972
1.736
1.358
1.461
1.300
1.499
1.311
1.291
1.299
13.528
1.337
1.377
1.249
1.253
1.259
1.236
1.555
1.451
1.212
4.501
1.210
1.182
1.200
1.303
1.279
2.588
1.409
1.264
4.475
1.173
1.222
1.359
1.966
1.356
1.191
1.309
12.407
1.730
1.207
1.260
1.203
1.522
1.267
1.165
1.184
1.292
1.744
1.825
4.299
1.204
1.161
1.312
1.217
2.967
1.389
1.239
2.220
4.469
2.000
1.199
1.350
1.479
15.440
1.198
1.330
2.272
1.437
1.314
1.215
1.310
1.454
3.566
1.342
11.612
1.209
1.423
1.428
1.267
1.225
1.507
3.174
1.267
1.606
5.864
1.265
1.379
1.280
1.180
1.212
1.555
1.778
1.464
1.205
1.387
1.189
1.249
1.225
1.211
1.762
1.607
1.199
1.193
1.345
1.239
1.505
1.205
1.463
3.753
1.258
1.285
6.752
1.176
5.861
1.187
10.290
1.516
3.430
1.276
1.263
1.199
4.331
1.251
1.194
5.962
1.507
1.684
1.893
1.329
2.614
1.299
1.916
1.418
1.259
2.620
2.335
1.365
2.814
1.383
1.279
1.448
1.462
1.238
1.314
1.290
1.766
1.559
1.890
1.183
1.212
1.268
1.150
1.218
11.097
2.738
1.290
1.361
1.331
2.552
1.225
1.723
1.203
1.305
1.503
2.028
1.245
1.463
1.232
1.509
1.186
19.895
1.490
1.404
6.178
1.686
1.183
1.209
1.210
1.907
7.305
1.171
1.438
1.752
1.224
1.244
1.166
1.748
2.178
1.753
1.344
1.230
1.195
3.111
1.727
1.550
1.779
1.252
3.390
5.858
1.226
1.239
10.016
1.229
1.567
23.336
1.498
1.219
1.147
1.692
1.189
1.277
1.258
1.346
1.500
1.851
16.172
1.172
1.152
1.218
1.252
1.321
1.201
2.338
1.219
1.199
1.259
2.411
1.364
1.861
1.357
1.143
1.623
1.456
1.955
3.110
1.224
1.168
2.556
18.825
2.310
7.769
1.182
1.282
1.211
2.636
1.553
1.628
4.210
1.239
1.178
1.192
14.388
2.412
1.158
1.277
1.139
1.167
1.519
2.844
1.243
1.168
1.525
1.122
1.247
1.504
2.779
1.255
1.159
1.160
1.187
2.040
1.199
1.648
1.292
1.194
3.373
1.170
1.265
1.143
1.709
2.862
1.382
3.581
1.256
1.608
1.828
2.691
1.168
2.469
1.124
1.145
1.595
1.184
1.207
7.539
1.128
1.132
1.813
1.109
1.715
1.282
1.350
1.442
1.731
1.266
1.506
1.147
1.133
1.282
1.183
1.350
1.177
1.170
1.266
1.283
1.177
1.573
1.134
1.616
1.375
1.338
2.712
1.107
1.753
2.549
1.279
2.109
1.291
1.251
1.152
1.476
1.325
1.153
1.176
1.196
1.163
1.474
1.192
1.126
1.787
1.701
1.141
1.557
1.196
1.264
3.084
4.901
1.135
1.145
2.217
1.668
1.859
1.207
1.138
13.031
1.394
1.278
1.308
2.954
1.504
1.137
1.570
1.631
1.521
1.968
2.360
1.565
1.302
1.352
1.652
4.614
32.301
2.341
1.142
1.132
1.143
1.259
9.200
1.770
1.218
1.135
4.944
1.973
1.203
1.101
1.198
1.131
1.399
1.179
1.572
1.145
1.241
1.401
1.163
1.447
1.298
1.138
1.148
2.109
1.679
1.992
2.438
1.210
1.153
7.988
1.184
1.148
1.174
1.672
1.151
1.263
1.687
1.182
1.125
1.329
1.371
1.470
3.126
1.215
1.350
1.406
1.240
2.140
1.131
1.306
1.335
4.023
1.152
1.172
1.649
1.123
1.136
1.222
1.132
1.136
3.037
1.854
1.243
1.219
1.293
1.192
1.603
1.409
1.759
1.418
1.170
1.183
1.400
1.193
1.329
1.400
1.154
1.268
1.205
1.282
1.124
1.427
1.679
1.234
1.224
1.307
1.158
1.131
1.222
3.307
1.166
2.265
1.763
1.807
1.459
1.204
1.290
1.122
1.265
2.139
1.181
1.233
1.393
1.147
3.272
1.176
1.213
2.132
2.248
1.431
20.574
6.109
1.179
1.264
1.136
1.230
1.221
15.437
1.167
1.111
1.388
1.154
1.450
1.467
1.196
1.167
2.126
1.950
1.578
12.329
1.140
1.362
1.345
1.623
1.153
12.289
1.230
1.181
1.204
1.117
1.156
1.281
1.220
1.174
1.239
1.222
1.317
1.224
1.390
1.528
3.868
1.113
18.829
4.515
1.420
1.614
1.185
1.327
1.318
1.172
1.455
1.183
1.159
1.794
1.239
1.260
1.418
1.219
10.991
1.906
1.161
1.712
1.268
1.148
1.947
1.136
1.143
1.218
1.175
1.960
1.141
2.219
1.221
1.267
1.115
1.776
2.360
1.417
1.907
1.275
1.271
1.205
1.391
10.174
1.541
1.138
1.225
3.576
1.151
1.212
1.424
1.191
1.153
1.190
23.020
1.776
1.111
1.142
1.183
1.202
1.542
1.254
19.702
1.182
1.197
10.489
1.329
3.211
1.684
1.506
1.369
1.158
1.177
1.757
1.302
1.147
1.206
1.174
1.199
1.126
1.173
1.285
1.829
1.123
1.292
1.070
1.306
1.138
1.239
1.135
1.223
3.646
1.144
1.253
1.263
1.157
1.313
1.205
4.656
2.216
5.680
1.082
1.086
1.695
2.233
1.849
1.475
1.190
1.877
1.075
1.233
1.110
1.140
1.172
1.160
2.894
1.142
1.882
1.169
1.107
3.608
1.347
1.221
1.128
1.112
1.165
4.265
1.100
1.212
1.113
3.528
1.864
2.239
1.086
1.115
1.138
1.204
1.088
1.222
1.176
1.225
1.105
19.570
1.104
2.624
1.599
2.377
1.098
1.286
1.324
1.619
1.193
1.145
1.732
1.447
1.103
17.716
1.324
1.143
1.476
2.420
1.293
1.830
17.931
1.180
1.268
1.094
1.090
1.158
1.125
1.511
1.566
1.591
1.168
1.255
1.403
1.460
2.046
1.325
1.202
1.151
1.131
1.380
1.140
1.160
1.130
1.131
1.179
1.213
1.089
1.553
1.794
1.254
1.402
1.257
1.161
21.191
1.352
1.101
1.127
1.111
1.139
6.356
1.327
1.121
1.703
1.192
1.256
1.302
1.132
1.217
1.115
1.160
1.183
1.379
1.138
2.825
6.098
1.141
1.120
1.328
1.140
1.526
2.477
1.627
1.870
3.072
1.095
1.101
1.505
13.216
1.218
1.652
1.283
1.087
1.135
1.126
1.119
2.716
1.307
6.173
1.119
1.245
2.216
1.166
1.271
1.141
1.170
1.148
1.133
1.266
1.251
15.324
1.256
1.191
1.175
2.607
1.287
1.120
1.528
1.097
1.112
1.205
2.936
1.137
1.181
1.699
12.549
1.075
4.255
1.345
1.134
1.210
20.559
1.764
1.099
1.342
1.795
3.963
1.712
10.512
1.206
2.498
1.233
7.273
1.283
1.093
1.174
1.444
1.489
1.173
1.295
15.488
18.701
1.222
1.214
1.136
1.787
5.931
1.243
1.211
1.147
1.125
1.238
1.693
22.482
1.176
1.313
1.674
1.362
1.285
4.959
1.262
1.300
1.148
1.346
1.276
1.134
2.470
1.168
1.163
1.145
2.266
1.138
2.479
6.469
1.917
23.487
1.115
1.148
1.104
1.233
1.676
1.119
1.262
1.135
1.723
1.502
1.609
1.170
1.217
1.124
3.549
2.027
1.288
1.139
1.297
1.842
1.178
1.131
1.310
2.555
1.111
24.374
1.465
1.189
1.120
1.817
1.435
1.632
9.843
1.320
1.139
1.565
1.358
1.107

Results for GA
Target: Iris-versicolor: 
Correctly classified 147.0 instances.
Incorrectly classified 3.0 instances.
Percent correctly classified: 98.000%
Training time: 427.034 seconds
Testing time: 0.004 seconds

