-i 5000 -algo ga -tomutate 10 
Iterations: 5000
toMutate: 10.0

Error results for GA
Target: Iris-versicolor
---------------------------
17.201
20.172
16.631
18.211
18.621
17.282
16.047
35.151
29.045
19.658
16.362
15.520
23.546
20.001
21.627
20.572
21.880
18.159
22.843
17.579
21.587
19.453
22.153
17.348
18.723
28.267
16.139
15.896
16.697
17.260
21.025
19.461
20.227
23.037
18.971
18.508
17.154
20.967
17.688
17.177
26.792
15.913
19.867
17.529
18.126
16.925
17.549
20.752
15.782
18.172
15.202
16.034
18.682
17.095
15.100
18.153
16.423
17.592
23.506
18.130
16.937
18.727
18.721
16.497
19.230
22.187
18.219
18.742
20.155
23.100
17.606
18.467
16.759
16.588
21.157
20.771
15.826
16.710
16.023
15.861
20.600
21.371
16.005
16.821
16.788
16.466
16.792
22.338
16.829
15.938
15.766
17.253
16.017
15.724
17.736
19.157
18.135
15.658
17.475
18.750
16.212
15.432
15.285
16.321
17.365
15.861
15.518
16.292
16.281
15.792
15.643
16.950
14.923
16.974
17.112
15.508
16.380
15.850
15.976
16.169
18.418
15.802
17.175
15.749
16.003
16.019
15.358
16.227
14.974
16.275
15.794
15.064
17.193
16.793
17.116
17.768
15.862
15.434
15.510
15.434
16.537
15.530
16.551
14.820
15.872
16.414
17.570
15.986
16.080
16.587
17.327
16.032
15.648
15.425
15.262
17.625
16.540
15.769
15.455
15.195
15.660
17.001
14.928
15.489
15.728
16.760
17.399
18.146
18.035
15.688
15.959
16.293
15.363
15.866
15.179
15.497
16.015
16.385
15.974
15.861
15.836
15.459
15.953
15.799
15.426
15.723
15.608
15.294
15.463
16.056
15.690
15.729
16.189
15.223
16.825
16.225
15.712
15.459
15.751
15.454
16.165
15.356
15.175
16.393
15.546
15.924
15.817
16.478
16.238
15.561
15.756
15.195
16.591
15.485
15.951
16.141
15.380
15.820
15.578
16.143
15.816
16.646
17.129
15.797
15.379
15.983
14.981
17.941
14.955
15.336
15.475
16.110
15.886
15.562
15.798
15.913
15.361
15.056
15.084
16.059
17.978
16.944
16.008
15.412
15.366
15.815
16.126
16.173
14.786
15.640
16.107
15.283
16.583
16.348
15.892
15.681
15.756
17.307
15.716
15.764
15.591
15.711
15.817
15.421
16.241
15.693
16.799
15.425
16.297
15.832
16.496
15.664
15.683
15.426
16.736
15.664
16.078
15.829
15.886
16.294
15.638
15.789
15.583
15.547
15.732
16.032
15.389
15.902
16.603
15.409
16.156
16.680
15.352
15.293
16.043
15.540
15.554
15.371
16.340
15.912
15.690
14.804
15.710
18.253
15.427
15.856
17.026
15.639
19.304
15.637
16.549
16.799
15.542
15.994
15.583
15.651
16.359
15.255
14.971
15.719
15.470
15.627
15.562
16.052
15.304
15.843
16.998
15.104
15.769
14.240
15.713
16.068
15.317
16.300
15.020
15.489
15.065
15.589
16.403
15.147
15.077
15.348
16.129
14.829
14.844
17.161
15.473
15.834
15.052
15.436
15.692
15.183
15.261
18.242
15.506
14.790
15.213
14.988
15.443
15.603
16.179
15.205
14.687
15.746
16.065
15.599
15.310
14.704
14.659
15.075
15.593
14.781
15.880
14.727
14.986
15.323
14.703
15.408
15.629
14.796
14.856
14.781
15.435
14.992
14.828
14.769
14.237
14.718
15.228
14.270
15.020
15.213
17.211
14.498
14.397
14.905
15.458
15.191
15.165
15.095
15.246
14.814
15.069
14.832
15.136
15.937
15.540
14.959
14.845
14.786
15.084
15.041
14.792
15.061
14.868
15.085
14.834
14.406
15.029
14.651
14.466
14.567
14.902
14.685
15.957
15.626
14.871
14.604
14.521
14.769
15.240
15.086
15.249
15.379
15.142
14.897
14.822
14.916
14.635
17.204
14.373
16.239
14.752
14.938
14.693
14.853
15.179
14.896
15.378
14.977
15.252
14.798
16.147
15.110
14.861
15.550
15.035
15.223
14.904
14.809
14.369
14.931
14.242
14.504
15.919
14.840
15.020
14.546
15.485
14.625
15.724
14.742
15.148
16.302
16.151
14.801
14.894
14.811
14.738
15.282
15.018
14.881
14.439
14.935
13.846
14.907
14.801
14.576
14.899
14.539
14.869
14.773
14.096
14.866
15.167
15.333
14.590
14.665
14.250
14.928
14.850
13.846
14.049
15.245
14.354
14.265
13.777
14.377
13.860
14.295
14.627
15.118
15.574
15.033
14.522
15.020
14.753
14.301
14.372
14.087
14.431
14.422
14.372
15.454
14.650
14.332
14.568
14.872
14.464
14.183
14.323
14.306
14.483
14.037
13.840
14.669
13.865
13.594
14.409
14.186
14.301
14.170
15.675
14.526
14.229
14.601
14.330
14.090
14.321
14.014
14.563
14.088
13.686
14.659
14.062
14.162
14.549
14.230
14.033
14.420
14.206
14.048
13.724
14.275
13.595
14.239
14.565
14.421
14.426
14.260
14.483
13.787
15.127
14.807
14.364
14.447
14.928
14.009
13.302
15.523
14.561
14.045
15.417
14.566
14.054
16.917
14.972
13.755
14.612
14.048
15.102
14.403
14.265
14.405
14.315
14.484
13.904
14.457
14.516
14.540
14.183
13.957
13.712
13.706
14.306
13.936
14.057
13.501
13.993
13.715
14.238
14.217
14.476
14.329
14.572
13.660
14.183
14.785
14.165
13.651
13.891
14.160
13.855
14.271
14.224
14.345
13.503
14.707
14.108
14.949
14.645
14.604
14.277
13.816
14.312
15.255
13.990
14.305
14.153
13.737
14.458
13.802
14.136
13.969
14.349
14.843
14.502
14.225
14.585
14.860
13.790
14.527
14.240
13.685
14.464
13.714
14.174
13.191
13.796
13.714
13.828
15.716
16.867
13.961
14.754
13.889
13.749
14.369
13.808
13.954
13.907
14.237
13.247
14.242
13.923
14.413
13.544
14.578
14.493
14.852
13.905
13.344
13.792
14.272
14.093
14.139
13.666
17.006
18.175
14.125
13.574
14.125
14.749
13.538
13.960
13.663
14.265
14.395
13.084
15.885
13.724
14.252
13.949
13.746
13.835
13.516
13.921
13.531
13.625
14.008
13.687
13.706
14.553
13.738
14.685
13.402
13.538
14.100
15.578
13.626
13.678
13.757
14.251
14.136
13.873
13.951
13.035
13.688
13.620
14.281
13.254
13.765
14.375
14.101
14.270
13.740
13.651
15.447
13.539
13.274
13.484
13.183
14.045
14.015
13.755
13.638
13.336
13.397
13.658
13.328
13.778
12.634
15.123
12.988
13.899
13.714
13.533
13.529
14.027
13.667
13.475
13.591
13.837
13.708
13.729
13.438
13.789
14.405
14.383
13.521
13.327
13.869
13.370
14.019
14.535
14.102
13.619
13.501
14.203
13.462
13.853
13.730
13.674
13.744
13.743
15.372
13.504
13.968
14.304
13.883
13.624
13.072
13.408
13.468
14.371
13.281
13.765
13.683
13.995
13.834
13.088
13.484
13.347
13.706
13.962
13.768
13.960
15.678
13.380
14.925
13.576
13.246
13.131
13.606
17.874
13.522
13.114
15.640
13.549
13.518
13.192
13.532
13.154
14.602
13.226
16.031
14.183
13.352
13.510
13.557
13.806
15.084
14.164
13.717
13.613
13.149
13.221
13.564
13.209
13.212
13.478
13.295
13.647
13.158
13.204
13.149
13.956
13.389
13.231
13.280
12.784
14.403
13.255
14.140
13.251
13.191
15.984
13.263
13.136
15.049
14.213
14.124
13.103
13.020
13.122
13.256
13.289
17.402
12.426
13.234
13.424
13.272
13.478
13.600
13.215
13.193
13.104
13.678
12.371
12.734
16.508
13.692
12.877
13.297
13.697
13.008
13.595
12.990
13.250
13.052
13.004
12.444
13.158
13.146
13.429
13.146
12.683
13.375
13.112
13.101
13.866
13.132
13.105
12.886
13.354
13.462
13.154
13.400
13.422
13.323
13.067
13.124
13.113
13.239
12.986
12.999
13.949
13.545
13.237
13.506
13.121
13.021
12.938
13.030
13.214
13.535
13.051
13.151
13.278
12.721
13.159
12.866
12.899
13.299
12.842
12.708
13.007
12.940
12.909
12.833
12.927
12.681
12.747
13.384
13.466
12.693
12.859
12.473
13.299
13.073
12.793
12.947
13.020
12.749
13.150
12.831
12.832
12.855
13.646
13.083
13.134
13.052
12.387
13.124
14.624
12.956
12.594
13.051
12.771
13.100
12.923
13.450
13.138
12.947
14.693
13.282
12.808
12.609
12.878
12.835
12.481
12.807
13.193
12.752
12.855
12.897
12.975
12.946
12.609
12.538
12.451
13.343
12.881
12.872
12.665
12.888
13.249
12.892
12.625
13.150
13.316
12.819
12.768
12.771
12.537
12.702
12.947
12.796
12.874
12.828
12.725
12.969
13.636
13.016
12.637
13.203
12.775
12.895
12.759
12.720
12.661
12.828
12.702
12.724
12.731
12.629
12.764
13.166
13.011
12.825
12.927
12.796
12.686
12.854
12.885
12.670
12.838
12.581
12.746
12.914
12.776
12.785
13.011
13.912
12.942
12.776
12.768
12.628
17.873
12.790
12.955
12.411
12.780
12.749
12.645
12.846
12.789
12.750
13.104
12.731
12.767
13.045
13.019
12.928
19.678
12.703
12.919
13.013
12.838
12.841
12.666
13.148
12.800
12.558
13.049
12.759
12.766
12.844
13.251
12.784
12.696
12.687
13.326
13.013
12.716
12.922
12.814
13.082
13.107
12.687
12.571
12.639
12.690
12.849
12.734
12.948
12.744
12.958
12.775
12.967
12.881
12.630
12.942
12.909
12.618
13.480
12.739
12.899
13.321
12.748
13.245
12.658
12.709
13.058
12.731
12.900
13.153
12.634
14.312
15.441
12.729
13.718
13.765
13.184
13.076
13.205
13.202
12.833
13.348
13.057
12.801
13.160
12.871
12.831
12.805
13.240
12.598
12.775
13.134
13.200
12.630
12.197
12.946
13.746
12.729
12.953
12.740
12.738
14.161
12.980
12.870
12.897
13.769
13.080
12.719
12.542
12.851
13.761
12.901
12.766
13.428
12.745
12.716
12.699
12.854
12.832
13.370
12.904
12.849
12.510
13.021
12.666
12.517
12.519
12.662
13.150
12.616
13.519
12.666
12.824
12.946
12.771
12.828
12.937
13.007
12.737
12.699
12.587
13.170
14.036
12.764
12.875
12.784
12.905
12.850
12.629
12.617
13.024
12.683
12.742
13.292
12.948
12.871
11.706
14.115
12.453
12.403
13.438
12.501
12.762
12.314
12.873
12.827
12.655
12.957
11.497
14.765
12.360
12.769
13.101
13.233
13.312
14.077
13.494
12.593
12.881
15.759
11.063
15.557
15.344
12.762
13.521
11.276
11.439
12.709
12.841
13.261
12.947
13.191
13.884
12.210
13.059
12.729
15.267
11.247
12.938
10.869
10.873
11.831
14.183
11.029
11.176
11.424
10.952
11.058
11.080
10.881
11.343
11.308
12.937
11.342
12.516
11.768
10.830
11.896
11.614
11.827
12.276
11.482
11.322
10.976
11.939
11.416
11.752
11.838
10.916
11.843
12.001
11.315
11.850
11.313
11.362
11.433
10.634
11.155
11.064
11.234
11.071
10.786
11.180
10.792
11.115
10.769
10.861
11.027
11.755
11.527
11.353
10.597
10.884
11.562
10.717
10.880
11.076
11.314
10.750
10.707
11.021
10.962
11.539
10.740
11.741
11.004
12.038
10.949
10.804
11.023
10.868
10.720
11.034
11.074
10.786
11.040
10.923
10.560
10.801
10.946
10.816
10.898
10.746
10.866
11.536
12.032
10.849
10.781
10.918
10.701
10.716
10.753
10.895
11.191
10.964
10.761
10.893
10.660
10.685
10.772
10.831
10.614
11.054
10.603
10.779
10.621
11.188
10.833
12.550
10.872
11.506
10.737
10.704
10.768
10.728
11.422
10.821
10.752
10.785
11.321
10.588
10.744
11.247
10.976
10.828
11.201
10.858
11.150
11.202
10.400
10.803
10.662
10.777
10.828
11.122
10.821
10.570
10.634
10.397
10.508
10.753
10.515
10.734
11.999
10.697
11.149
10.719
10.996
10.633
10.933
10.693
10.628
10.978
11.435
10.484
10.369
10.921
10.526
10.997
11.030
10.348
13.309
10.368
10.553
10.684
10.831
10.731
10.712
11.064
10.703
10.918
11.151
10.362
11.032
10.597
10.872
12.734
10.917
11.082
10.505
11.222
11.275
10.577
10.260
10.854
10.301
11.436
10.280
12.955
9.987
10.289
10.636
10.991
11.092
10.562
10.548
11.232
10.443
10.939
11.070
11.136
10.747
10.966
11.021
11.065
12.481
10.779
10.447
11.763
10.879
11.331
10.875
11.043
10.427
10.893
10.849
10.849
10.920
11.879
11.036
11.334
10.673
10.621
10.454
10.458
10.478
11.155
10.891
10.886
10.890
10.695
10.597
10.877
11.023
10.324
10.381
10.623
10.879
10.444
10.465
11.115
10.645
10.581
10.380
10.701
10.333
10.678
13.088
10.645
10.682
10.323
10.426
10.342
10.334
11.167
10.968
10.517
10.385
10.585
10.697
11.781
10.581
10.945
11.156
10.650
10.876
10.478
10.617
10.969
10.374
10.844
10.759
10.565
10.648
10.315
13.377
10.682
10.885
11.374
10.260
10.620
11.213
10.694
10.779
10.404
10.669
10.556
10.541
10.343
10.351
10.396
10.644
10.503
10.641
12.495
10.450
11.377
19.485
10.365
10.356
12.495
10.596
11.668
10.463
10.439
10.572
10.478
10.228
10.334
10.569
10.370
10.321
10.520
10.363
10.420
10.384
10.217
10.457
10.593
10.416
10.318
10.393
10.412
10.387
10.335
10.401
10.318
10.241
10.196
10.324
10.412
12.122
10.358
10.308
10.399
10.340
10.337
12.240
10.531
13.062
10.430
10.326
10.222
10.324
10.279
10.377
10.207
10.260
10.324
10.561
10.741
10.352
10.781
10.324
10.330
11.048
10.352
10.563
10.378
10.301
10.364
10.364
10.367
10.316
10.223
14.900
10.402
10.657
10.273
10.190
10.886
10.326
10.828
10.316
10.971
10.513
10.331
11.217
10.334
10.310
11.440
10.297
11.577
10.279
10.401
10.320
10.353
10.368
12.505
10.634
10.732
10.350
10.449
10.436
10.381
10.294
10.331
11.578
10.322
10.812
15.675
10.395
10.431
10.325
10.315
10.645
9.835
10.816
10.330
10.282
10.417
11.004
10.251
10.199
10.865
9.899
10.525
10.365
10.306
9.742
9.969
9.935
10.986
10.237
10.364
10.347
10.272
10.267
11.204
9.783
9.802
9.711
10.179
10.026
10.497
11.906
10.492
11.050
9.692
10.413
10.147
9.545
9.546
9.530
12.000
10.318
9.830
10.690
9.954
9.768
9.464
9.721
10.334
10.119
10.425
10.014
9.781
9.931
9.794
9.816
9.666
9.830
9.998
9.729
10.491
10.542
9.874
10.085
9.593
9.659
9.502
9.888
10.358
9.823
9.644
9.276
9.736
10.232
9.967
9.634
9.740
9.423
9.708
9.985
11.971
9.678
9.395
10.288
9.036
10.301
9.382
9.122
9.844
10.072
9.850
9.438
9.583
9.334
9.696
10.145
9.275
9.582
9.265
11.123
9.684
10.528
9.867
10.709
9.536
9.915
9.672
10.663
9.736
9.986
9.461
9.171
9.911
9.318
9.680
9.879
8.950
9.513
9.425
10.801
10.198
9.902
9.571
9.375
9.302
9.508
9.636
9.686
9.759
9.226
9.633
9.351
10.044
9.611
9.571
9.446
9.175
9.545
9.412
9.782
9.464
9.160
9.162
9.620
9.692
9.492
9.680
9.692
9.488
9.540
10.056
10.331
9.530
9.690
9.368
9.786
9.382
9.560
9.458
9.102
9.675
8.937
9.591
10.058
10.791
9.388
9.098
9.109
9.394
9.455
10.293
9.755
10.574
10.242
9.718
9.767
9.763
9.498
9.870
9.064
9.374
9.341
9.419
9.210
9.329
9.628
11.985
8.728
9.243
9.380
9.006
8.379
8.382
10.779
9.846
10.838
9.420
9.030
9.216
9.252
9.389
9.020
9.221
8.792
8.801
9.765
9.048
9.435
8.267
9.261
9.052
10.011
8.985
9.361
9.266
8.044
8.084
8.506
8.996
8.250
9.827
8.318
8.570
8.770
8.960
8.117
8.069
9.455
9.402
8.764
8.960
8.367
8.390
8.934
8.757
9.295
9.316
8.321
8.335
9.052
8.487
8.076
9.270
8.533
8.538
11.218
8.291
8.331
13.730
8.364
8.793
8.447
8.517
7.949
8.743
8.762
8.324
8.706
8.751
8.043
9.093
9.319
8.825
8.364
8.541
8.330
8.019
8.540
8.741
10.343
8.730
8.352
8.171
8.240
8.414
8.694
13.444
8.215
9.100
8.487
9.425
8.179
8.339
8.182
8.503
8.076
8.974
8.593
8.211
7.937
8.203
8.487
8.605
8.161
8.195
8.217
8.333
8.594
10.270
8.786
8.367
8.332
8.789
8.158
8.186
8.848
8.334
9.056
9.318
8.422
8.543
8.940
8.854
8.143
8.488
8.208
8.199
8.244
7.903
8.474
8.122
8.520
8.060
8.149
8.026
8.104
8.437
10.133
8.198
8.088
8.226
8.610
8.073
8.390
8.284
9.041
8.091
8.707
13.649
15.010
9.389
8.132
8.085
8.602
9.187
8.290
8.122
8.137
11.921
9.032
8.284
8.839
7.841
9.644
8.089
7.378
8.070
8.121
8.130
8.321
8.551
9.110
7.477
8.120
8.035
8.085
8.074
8.383
8.180
7.903
7.412
7.405
8.074
7.630
8.904
7.781
7.487
7.825
7.565
7.379
7.406
7.407
7.400
12.772
7.549
7.266
7.381
7.664
7.556
7.677
7.382
7.418
7.950
9.124
7.639
8.082
7.339
8.081
9.084
7.801
8.158
8.283
7.383
8.770
7.929
7.458
7.546
7.376
7.389
8.100
8.029
7.394
7.407
7.201
7.662
7.783
7.447
8.113
7.769
7.692
7.408
7.394
7.466
7.488
7.404
12.038
7.841
7.108
7.579
7.522
7.370
7.797
7.385
16.351
7.384
7.583
7.671
7.091
7.326
7.377
8.857
7.427
9.284
7.717
7.675
7.463
7.461
7.385
7.587
7.356
8.369
7.835
7.389
7.604
7.685
7.382
7.394
7.508
7.382
7.419
7.365
7.377
7.390
10.723
8.245
7.396
7.401
7.387
7.610
7.405
7.139
7.071
8.125
7.369
8.362
7.773
7.131
7.365
7.394
7.011
7.429
8.332
7.145
7.109
7.458
8.561
7.773
7.995
7.713
7.443
7.526
6.932
7.242
7.405
8.419
7.394
7.522
7.592
7.102
7.178
7.049
10.288
7.392
7.893
7.503
7.178
7.953
7.367
7.538
8.603
7.366
12.320
7.264
6.981
7.046
7.135
7.122
6.860
6.803
7.183
7.031
7.512
7.078
7.258
7.000
7.469
6.960
7.391
6.859
7.410
6.903
6.994
7.117
7.598
7.286
10.933
6.849
7.502
7.464
6.778
7.141
7.319
7.443
6.847
7.269
7.616
6.924
6.854
6.838
7.274
7.302
16.544
7.853
6.909
6.785
7.360
7.363
6.952
6.999
6.816
6.787
6.948
7.030
7.047
7.138
7.026
7.905
6.977
7.052
7.306
7.074
6.813
6.959
6.802
7.223
6.738
7.288
7.367
7.072
6.740
6.817
6.746
7.180
6.794
6.894
6.938
6.778
6.736
6.795
7.630
6.800
7.163
8.974
6.779
7.505
6.810
6.794
6.798
6.755
6.793
6.819
6.820
6.821
6.781
6.808
6.782
6.805
6.777
6.822
6.873
6.836
6.786
6.487
6.892
6.804
6.958
6.818
6.804
6.797
6.830
7.048
7.055
6.796
6.804
6.768
8.842
6.968
6.807
6.960
7.048
7.155
6.921
6.762
6.784
6.769
6.816
6.803
6.830
6.937
6.805
6.887
6.745
7.019
6.773
6.841
6.807
6.775
16.208
11.844
11.737
6.805
6.767
7.864
6.892
6.822
7.061
7.110
6.783
6.820
6.841
6.809
6.782
6.761
9.209
6.797
6.809
7.619
6.821
7.559
6.909
7.113
6.807
7.251
6.780
6.523
6.769
6.779
6.777
6.766
6.535
6.831
7.073
6.818
7.458
6.535
7.196
7.014
6.863
7.142
7.008
6.811
6.793
7.450
7.534
6.883
6.914
7.358
6.855
8.353
7.051
14.100
6.860
6.777
6.566
6.814
6.906
6.782
7.494
6.829
6.601
6.502
6.802
7.713
6.868
6.992
6.847
6.897
7.099
15.408
6.550
6.848
7.000
6.814
7.069
6.941
6.940
7.758
6.871
6.776
6.935
6.569
6.759
6.814
6.527
6.855
6.922
6.489
6.970
6.517
6.722
6.904
6.761
6.760
6.977
6.752
7.075
6.517
6.791
7.055
6.838
6.515
7.027
6.545
6.487
6.500
6.952
6.978
6.771
6.548
6.525
6.433
6.537
6.611
6.537
6.776
6.743
6.803
8.102
6.777
6.542
9.714
6.768
6.665
6.808
6.467
7.264
6.585
8.129
6.499
6.774
6.500
6.537
6.583
6.517
6.565
6.517
6.705
6.566
7.930
6.497
6.680
6.468
7.043
6.587
7.484
6.528
6.708
6.484
6.663
6.536
9.318
6.527
6.840
7.415
6.538
6.527
6.527
6.514
6.506
6.521
7.129
6.685
6.573
6.590
7.027
6.569
6.580
6.902
6.464
6.518
6.459
6.605
6.533
6.479
8.444
6.469
7.096
6.684
6.632
6.469
6.487
7.899
6.527
6.675
6.483
6.714
6.510
6.319
6.567
6.640
7.358
6.833
6.464
6.552
6.481
7.342
7.460
12.580
7.126
6.695
6.141
8.424
7.622
6.481
6.726
6.719
6.575
6.747
6.518
6.238
6.604
12.964
6.567
6.369
6.494
6.618
6.424
7.651
6.807
6.964
6.459
6.505
6.903
6.310
6.437
6.468
6.350
6.529
7.510
6.931
10.975
8.163
7.919
6.698
8.513
6.286
6.320
6.498
6.316
6.220
6.277
6.509
6.295
6.499
6.474
7.038
6.513
6.291
6.508
6.266
6.468
6.727
6.508
6.611
6.262
6.619
6.696
6.364
6.263
6.164
6.324
6.243
6.437
6.234
6.294
6.295
6.252
7.732
9.536
6.892
6.462
6.509
7.253
6.311
6.455
6.364
6.500
6.551
6.329
6.457
7.612
10.919
6.632
6.257
6.290
8.244
6.412
6.328
6.234
6.309
6.313
6.313
6.351
7.012
6.317
6.847
7.808
6.203
6.164
6.264
6.207
6.326
6.311
6.305
5.974
6.525
6.373
6.317
6.326
6.350
6.364
6.404
6.324
6.214
6.342
6.440
6.233
6.168
6.281
6.566
6.581
5.922
6.208
6.554
6.459
6.316
6.599
6.493
5.691
8.181
5.802
6.300
6.292
5.576
6.174
6.484
5.766
5.791
6.237
7.153
5.753
6.064
6.442
5.600
5.910
5.605
5.817
6.040
6.131
5.652
5.905
5.748
5.830
5.941
5.803
6.025
5.698
6.258
6.260
8.144
5.839
5.897
7.272
5.744
5.785
5.631
6.616
5.732
5.656
6.992
5.844
5.796
5.698
5.641
5.703
5.812
5.833
6.877
5.673
5.849
5.760
5.606
5.649
5.881
5.660
6.047
6.068
5.943
5.960
5.663
6.203
6.191
5.653
5.605
5.680
5.529
5.809
6.450
5.664
5.928
5.665
5.726
5.832
5.708
10.649
5.596
5.648
6.128
5.833
5.594
5.834
5.986
5.708
5.617
5.626
5.672
5.617
6.610
5.682
5.742
6.488
5.745
5.979
5.666
5.581
6.306
5.597
5.712
5.603
6.126
5.906
8.547
5.649
5.648
6.263
7.439
5.925
5.668
5.636
5.748
5.684
5.609
5.693
5.586
5.577
5.753
5.543
6.463
5.534
5.971
5.678
5.546
5.650
5.523
5.706
5.615
5.666
5.600
5.697
5.748
5.548
5.659
5.738
5.766
5.600
6.092
5.607
5.677
5.655
5.632
5.706
5.519
5.552
5.927
5.552
5.628
5.711
5.571
6.185
5.550
6.076
10.708
5.521
5.647
5.546
5.573
7.616
5.585
5.671
5.507
5.842
5.697
5.971
5.604
5.647
5.576
5.671
5.520
7.145
5.837
6.038
5.530
5.542
5.578
5.600
5.511
5.544
5.331
5.693
5.338
5.473
5.514
5.547
5.599
5.609
5.572
5.497
5.534
11.842
5.523
5.614
5.822
5.528
5.557
5.561
5.590
5.635
6.041
5.634
5.621
6.107
5.719
5.496
5.529
5.457
5.440
5.629
6.435
5.581
5.682
5.518
5.536
5.590
5.826
5.548
5.586
5.512
6.319
5.764
12.766
5.517
7.042
5.619
5.589
5.506
5.654
5.629
5.500
5.510
5.540
5.465
5.519
5.499
5.573
5.694
5.569
5.508
5.606
5.531
5.580
5.489
5.494
5.517
5.510
5.570
5.737
5.584
6.403
5.593
5.531
5.671
5.479
6.233
5.505
5.506
5.629
5.597
5.562
5.538
5.608
6.157
5.462
15.696
5.643
5.683
5.737
5.534
5.421
5.480
5.546
5.582
5.597
5.382
5.592
18.527
5.588
5.575
5.521
5.565
5.493
5.487
5.790
5.475
5.695
5.751
5.505
5.444
5.552
5.410
5.549
5.567
5.544
5.844
5.584
5.629
5.585
5.600
6.189
5.613
5.506
5.435
5.506
5.474
7.044
6.498
5.896
5.593
5.601
5.507
6.491
5.488
5.546
5.605
5.531
5.618
5.588
5.496
5.492
5.594
6.003
5.572
5.599
5.701
5.556
5.654
5.606
5.659
5.589
6.740
5.488
5.480
5.567
5.401
5.414
6.296
6.229
5.352
5.715
5.522
5.531
5.989
5.341
5.595
5.420
5.485
5.589
5.504
5.572
5.442
5.941
5.443
5.444
5.483
8.607
5.539
5.494
5.541
5.628
5.605
5.435
5.434
5.456
5.401
5.483
5.398
5.499
5.425
16.771
5.463
5.199
5.481
20.376
7.620
5.712
5.391
5.308
5.365
5.377
5.554
5.428
5.423
5.632
5.381
5.903
5.416
5.419
5.370
5.447
5.305
8.093
5.423
5.370
5.458
5.405
5.543
5.392
5.279
5.466
5.350
5.347
5.301
5.281
5.785
6.707
5.299
5.454
5.436
5.301
5.394
5.461
5.381
5.453
5.489
5.476
12.448
5.420
5.689
5.979
5.795
5.784
5.271
5.312
6.143
5.049
5.408
5.606
5.425
5.419
5.410
5.546
5.336
5.330
5.494
5.318
5.471
5.404
5.754
5.404
5.423
5.265
6.247
5.224
5.079
6.021
5.756
5.804
8.840
6.084
5.307
5.413
5.514
5.192
5.143
5.310
5.238
5.631
5.871
5.560
5.270
5.362
5.440
7.108
5.443
5.181
5.318
5.350
5.029
5.453
5.241
5.297
5.180
5.348
5.503
5.222
5.272
5.298
5.248
5.413
5.349
5.298
5.258
5.375
5.457
5.456
5.379
5.444
5.309
5.309
6.402
5.762
5.173
5.298
5.243
6.073
5.197
5.287
5.271
5.428
5.275
5.212
5.203
5.461
5.444
5.274
5.458
5.818
5.421
5.707
5.445
5.280
5.705
6.057
5.483
5.487
5.819
5.446
5.211
5.198
5.023
5.334
5.826
5.229
5.177
5.413
5.741
5.462
5.455
5.203
5.078
5.176
5.198
5.819
5.261
4.962
5.616
5.380
5.070
5.313
5.872
4.593
12.392
5.083
5.072
5.081
5.190
5.208
5.329
5.207
5.110
5.048
5.035
4.868
6.006
5.463
5.358
5.817
5.050
5.273
5.142
5.429
5.372
5.550
5.210
5.155
5.203
5.109
5.061
6.429
6.820
20.068
5.055
4.993
5.714
5.601
5.111
5.320
5.449
5.662
5.150
4.903
4.985
4.488
5.929
4.972
5.608
12.753
5.047
5.043
4.809
4.868
4.973
5.245
5.611
4.848
5.440
4.914
5.220
4.600
5.028
5.273
4.479
4.547
4.989
4.522
4.766
4.657
4.564
5.156
4.610
4.529
5.701
4.790
5.031
4.841
4.899
4.599
4.718
4.920
4.903
4.754
5.042
4.754
4.552
4.479
5.060
4.527
4.600
4.973
4.958
4.708
19.472
4.538
4.486
4.683
4.513
4.486
4.495
4.810
5.184
4.479
4.626
4.461
4.547
6.862
5.410
4.661
5.008
4.487
8.616
4.479
4.531
4.455
4.512
4.612
4.778
4.631
4.178
4.531
4.109
4.473
4.486
5.034
4.332
4.424
4.512
7.410
4.460
4.195
4.411
4.158
4.534
4.152
4.093
4.199
7.240
4.213
4.201
4.088
4.525
4.190
4.188
4.276
4.466
4.486
4.089
4.089
4.234
4.495
4.078
4.522
4.128
4.089
4.173
4.483
7.979
4.184
4.093
4.768
4.175
4.174
4.187
4.678
4.061
4.052
4.187
4.056
3.906
4.214
5.659
4.056
4.390
4.020
4.154
5.007
3.963
4.395
4.053
4.450
3.840
4.134
4.054
4.054
5.004
3.956
4.096
4.004
4.153
4.469
4.270
4.049
4.139
3.948
4.243
4.488
4.068
4.129
4.051
4.041
4.052
4.145
4.604
4.205
4.027
5.075
5.502
4.140
3.976
3.862
4.642
3.935
4.034
4.121
4.215
4.177
3.960
4.047
3.961
3.984
3.959
4.048
4.105
4.054
5.247
4.051
4.055
4.223
4.053
3.976
3.935
4.066
4.012
4.221
4.000
4.081
4.085
4.031
3.837
4.066
4.053
4.047
4.918
4.045
4.449
4.054
3.981
3.965
4.108
4.344
3.990
4.090
4.303
3.951
4.406
3.877
3.871
4.098
4.048
3.933
4.048
3.877
4.048
4.156
4.010
14.674
3.954
3.953
3.900
4.057
3.875
4.503
4.050
3.874
3.945
3.882
4.660
3.928
3.851
3.871
3.877
3.800
3.838
4.787
4.055
4.047
3.768
3.818
4.912
3.848
3.850
3.824
3.834
4.246
3.991
3.907
4.027
3.848
3.866
3.793
3.946
4.028
4.633
3.937
4.048
3.996
4.040
3.886
4.039
4.047
3.969
3.845
3.879
4.002
3.945
3.947
3.849
3.932
3.865
3.926
4.029
4.028
3.832
4.543
3.928
3.872
5.237
3.893
3.865
4.025
3.986
4.017
3.883
4.358
3.863
4.018
3.735
6.138
3.784
3.864
3.879
3.765
3.846
3.803
4.544
3.855
3.852
4.213
3.927
3.869
4.145
4.230
3.774
3.818
3.994
3.869
4.474
3.793
3.879
3.844
3.829
3.856
3.849
4.160
4.729
3.837
3.865
3.848
3.798
3.828
3.868
3.743
3.779
3.782
3.859
3.849
3.765
4.039
3.780
3.836
4.127
3.904
3.899
3.767
3.828
4.130
3.809
3.788
3.784
3.840
3.775
3.779
3.734
17.660
3.773
3.866
4.034
3.876
3.777
3.809
3.922
3.754
3.755
3.863
3.874
3.796
3.831
3.824
3.900
3.772
3.869
3.902
3.872
3.793
3.822
3.868
3.871
3.775
3.792
3.880
5.467
3.779
5.059
3.871
3.761
3.770
3.810
4.318
3.792
3.848
3.810
4.517
6.638
3.822
3.838
3.797
3.860
3.914
3.648
3.756
3.694
4.035
3.772
4.261
3.788
3.831
3.740
3.791
4.061
3.842
3.861
3.781
3.777
3.836
3.826
4.111
3.723
5.162
3.576
3.771
3.877
4.103
3.861
3.978
4.063
3.772
4.428
3.799
3.712
3.747
3.833
3.807
3.744
3.826
4.263
3.765
3.854
3.814
4.049
3.774
3.857
4.422
3.764
3.819
3.934
3.817
3.802
4.121
5.055
3.941
3.935
3.771
4.106
3.778
3.729
3.844
3.759
4.768
3.918
3.780
3.841
3.788
3.873
3.821
3.831
3.866
3.852
3.836
3.838
3.864
3.873
4.285
3.829
3.778
3.957
3.872
3.974
3.777
3.787
3.729
3.750
3.779
3.770
3.777
3.863
4.132
3.758
3.764
3.786
3.754
4.193
3.703
3.792
4.061
4.384
3.927
3.977
4.791
3.862
3.787
3.773
3.856
3.687
3.830
3.985
3.963
18.794
4.763
3.895
3.729
3.734
3.737
3.737
4.972
3.699
3.985
3.749
4.335
3.833
3.750
3.768
7.275
4.100
4.546
3.735
3.722
3.719
4.232
3.701
3.730
3.828
3.833
4.039
3.882
3.706
3.771
3.725
3.791
3.736
3.722
3.765
3.803
3.861
3.985
3.810
3.754
3.805
3.733
3.976
3.735
3.732
3.778
3.976
3.735
4.045
3.734
3.724
7.339
4.628
3.746
3.807
3.765
3.754
3.811
3.728
3.737
3.892
3.837
3.697
3.760
3.741
4.099
3.791
3.802
3.828
6.946
3.732
3.778
3.741
3.961
3.867
3.719
3.707
3.774
3.818
4.042
3.790
3.738
3.826
3.670
3.666
3.785
3.746
3.744
3.681
3.918
3.769
3.720
3.791
3.783
3.660
3.769
3.677
3.702
3.913
3.765
3.769
3.672
3.750
6.468
6.188
3.721
3.736
3.742
3.714
3.778
3.736
3.818
3.736
3.805
3.889
3.713
3.702
3.616
3.739
3.709
3.788
3.673
4.421
3.708
3.658
3.767
4.947
3.820
3.843
3.749
3.674
4.270
3.677
3.740
4.023
3.735
3.975
3.667
3.620
3.763
3.840
4.037
3.722
18.508
3.968
3.653
3.734
3.752
3.677
3.670
4.214
3.688
3.730
3.731
3.622
3.782
3.785
3.633
3.692
3.755
3.846
3.852
4.098
3.713
4.487
3.707
3.710
3.673
3.618
3.684
3.612
3.706
3.308
10.132
4.620
3.779
3.724
3.629
3.888
3.721
3.668
3.313
3.632
3.653
3.690
3.691
3.343
3.631
3.830
3.424
3.974
3.287
3.759
3.407
3.670
3.710
3.768
3.655
6.165
3.771
3.311
3.454
3.702
3.559
3.400
3.520
3.771
3.519
3.308
3.776
3.455
3.390
3.313
3.390
3.400
3.772
3.977
3.574
3.330
3.672
3.705
3.287
3.677
3.531
3.390
3.313
3.313
3.680
3.315
3.512
3.772
3.493
3.794
3.485
3.283
3.500
3.567
3.784
21.806
3.294
3.408
3.312
3.289
4.018
3.332
3.315
3.395
3.313
3.366
3.321
3.311
3.282
3.288
3.334
3.320
3.354
3.314
3.311
3.405
3.557
3.322
3.394
3.295
3.297
3.313
3.297
3.312
3.298
3.365
3.297
3.287
3.294
3.412
3.295
3.294
3.365
3.397
3.312
3.450
3.314
3.313
3.360
3.460
3.335
3.290
3.286
3.353
3.294
3.365
3.284
3.343
3.296
3.390
3.329
3.341
3.345
3.399
3.359
3.332
3.638
10.350
3.436
3.297
3.312
3.337
3.296
3.364
3.373
3.404
3.290
3.294
3.292
3.300
3.403
3.295
3.223
3.422
3.402
3.406
3.303
3.346
3.422
3.302
3.345
3.251
3.371
3.360
3.293
3.307
3.383
3.489
3.329
3.493
3.296
4.723
3.251
3.428
3.396
3.320
4.276
3.543
4.031
3.467
3.336
3.353
3.597
3.776
3.378
3.360
3.312
3.240
3.767
3.284
3.318
3.379
3.289
3.372
3.452
3.376
3.492
3.401
3.396
3.492
3.254
3.230
3.486
3.563
3.568
3.339
3.696
3.566
3.360
3.674
3.495
3.474
3.290
4.149
3.293
3.318
3.231
3.379
3.297
3.544
3.374
3.598
3.479
3.489
3.229
13.224
3.221
3.252
3.219
3.246
3.215
3.238
3.352
3.198
3.288
3.275
3.530
3.229
3.226
3.650
3.231
5.071
3.260
3.382
4.679
3.369
3.347
3.230
3.380
3.233
3.230
3.636
3.407
3.450
3.269
3.232
3.233
3.777
3.230
3.235
4.694
3.212
3.238
3.366
3.501
3.374
3.216
3.468
3.270
3.274
3.214
3.482
3.416
3.418
3.522
3.232
3.232
3.470
3.396
3.213
3.243
3.404
3.373
3.231
4.217
3.371
3.352
3.219
3.306
3.399
3.229
3.224
3.119
3.227
3.254
3.722
3.221
3.269
3.382
3.298
3.202
3.551
4.535
4.046
3.277
3.299
3.122
3.233
3.272
3.125
3.427
3.229
3.096
3.272
3.271
3.477
3.117
3.108
3.213
3.209
3.097
3.210
3.207
3.091
3.408
3.973
3.268
3.121
3.240
3.114
3.222
3.243
3.222
3.207
3.103
3.222
3.375
3.204
3.354
3.095
3.188
3.059
3.208
3.229
3.087
3.058
3.513
3.225
3.226
3.378
3.222
13.483
4.003
3.275
3.114
3.255
5.438
3.163
3.141
3.639
3.115
3.127
3.228
3.119
3.115
3.226
3.159
3.076
3.112
3.283
3.038
3.111
2.980
3.092
5.163
3.100
3.232
3.117
3.117
3.279
3.128
3.962
3.090
3.097
3.232
3.118
3.251
3.076
2.997
2.972
3.160
3.152
3.119
3.137
3.091
3.343
3.119
3.329
3.047
3.084
3.116
3.107
3.141
3.086
3.017
2.991
2.999
3.266
3.117
3.115
3.144
3.385
3.002
3.196
3.130
3.125
3.102
3.079
3.073
3.346
3.151
3.152
3.951
3.088
3.149
3.112
3.236
3.099
3.110
3.164
3.115
3.088
3.231
3.045
2.991
3.130
3.032
3.837
3.528
3.088
3.068
3.194
3.078
2.944
3.052
3.049
3.049
3.248
3.102
3.121
3.003
11.713
3.059
3.110
3.104
3.032
2.998
3.048
3.243
3.075
3.032
3.031
3.625
2.869
3.051
3.030
2.888
3.193
3.145
3.088
3.018
3.277
3.023
3.105
3.110
7.351
3.106
3.101
3.068
3.058
3.112
3.115
3.112
3.032
3.128
3.030
3.031
3.013
3.051
3.037
3.129
2.956
21.633
3.293
3.093
3.086
2.994
3.028
3.030
3.031
2.938
3.087
3.013
2.871
3.017
3.032
2.987
2.997
3.105
2.825
3.092
2.973
3.022
2.930
2.995
3.010
3.014
2.967
3.015
2.952
3.285
2.961
2.847
2.953
3.045
3.036
3.060
5.666
3.116
3.122
2.938
2.948
2.829
2.933
2.976
2.957
2.880
2.819
3.075
2.930
2.888
3.097
3.152
3.036
3.011
2.953
3.018
3.016
3.031
2.991
2.931
3.047
4.958
2.938
3.360
2.990
2.928
3.567
3.005
2.924
2.952
2.902
2.951
2.951
3.642
7.829
2.838
2.952
2.994
3.020
2.958
2.948
2.922
2.920
2.924
2.952
2.970
3.179
2.951
2.933
2.949
2.989
2.935
2.957
2.930
2.874
2.858
2.953
3.005
2.919
2.831
2.954
2.855
2.903
2.984
2.952
3.314
2.982
2.989
2.865
2.833
4.264
3.510
2.906
3.246
2.956
2.924
2.950
3.114
2.978
2.847
2.823
2.977
2.918
2.961
3.597
4.418
2.909
3.013
2.974
3.034
3.218
2.976
2.924
2.944
2.945
2.922
2.920
2.917
11.719
2.916
2.919
2.861
4.976
4.361
2.971
3.007
2.971
2.916
2.992
2.975
2.994
2.916
3.014
2.955
3.119
3.367
3.102
4.366
3.006
3.352
13.593
2.934
2.916
2.951
2.904
2.951
2.914
2.937
2.930
2.989
2.768
2.994
2.954
2.918
2.911
2.899
2.989
2.927
2.934
2.934
5.385
3.243
2.879
3.361
2.949
2.853
2.859
2.840
2.913
3.277
2.715
2.882
2.955
2.987
2.934
2.955
2.937
2.843
2.915
2.843
3.122
2.904
3.147
2.869
2.884
2.908
2.911
2.989
2.927
2.916
2.934
2.924
2.866
2.846
3.005
2.861
2.851
2.858
2.980
2.959
3.101
3.183
2.960
2.954
3.022
2.908
2.948
2.984
2.961
3.033
2.869
3.129
2.844
2.997
2.847
2.934
2.892
2.985
2.898
2.890
2.888
2.835
2.910
2.947
2.854
5.963
2.921
2.831
2.862
2.922
3.463
2.883
2.895
2.940
2.902
2.831
2.911
2.905
3.052
2.889
3.547
2.917
7.711
2.921
2.996
3.027
2.972
2.935
2.869
2.761
3.002
2.769
3.935
2.851
3.064
2.922
2.889
3.272
2.858
3.007
2.855
2.870
3.750
3.036
2.885
2.930
2.819
2.908
2.948
2.956
2.790
2.828
14.752
2.827
4.706
2.898
2.806
2.867
2.891
3.034
2.959
2.836
3.118
2.879
2.872
2.846
2.748
3.306
2.907
3.113
2.828
2.751
2.867
2.733
2.805
2.828
2.831
2.735
2.831
2.833
2.829
2.733
2.936
2.977
3.405
3.173
2.875
3.071
2.797
4.101
2.852
2.735
2.843
2.699
3.719
2.842
2.808
2.919
3.239
3.289
2.833
3.046
2.889
3.042
2.831
2.844
2.930
2.884
2.887
2.791
2.749
2.835
2.830
2.815
3.081
2.789
3.484
2.765
2.894
2.855
2.832
2.641
2.850
2.846
2.935
2.831
2.837
3.134
2.819
2.978
2.823
2.717
17.762
3.110
2.921
2.763
2.806
2.954
2.871
2.935
2.855
2.733
2.838
2.838
2.753
2.818
2.915
2.741
2.738
2.827
3.037
2.842
2.733
2.738
2.753
4.743
2.759
2.740
5.304
2.835
2.734
3.333
2.794
2.761
2.754
2.765
2.818
3.064
2.750
2.762
2.745
2.771
2.748
2.897
2.751
2.768
3.147
2.734
3.659
3.457
2.697
2.752
2.823
2.722
2.668
2.780
3.033
3.193
2.762
2.753
2.648
2.756
2.749
2.750
3.174
2.761
2.783
2.733
2.680
3.023
2.726
2.859
2.750
2.758
2.762
2.756
2.911
2.721
2.748
2.818
2.732
2.817
2.762
2.817
2.736
2.717
2.676
2.658
2.814
2.682
2.695
2.772
2.827
2.748
2.645
2.748
2.738
2.839
2.748
2.721
2.780
6.157
2.935
2.736
3.939
2.841
2.703
2.653
2.777
3.463
2.814
3.260
2.766
2.759
2.818
2.705
2.749
2.762
2.644
2.748
2.750
2.790
2.644
2.639
2.835
2.762
3.068
2.734
3.178
3.414
3.704
2.799
21.694
2.763
2.660
3.070
3.836
2.733
2.750
2.676
2.728
2.644
2.644
2.859
2.829
2.868
2.791
2.746
2.750
2.746
2.844
2.818
3.015
2.715
2.748
2.751
2.735
2.746
2.617
2.749
2.827
2.691
2.801
2.831
2.749
2.681
2.689
2.632
2.729
2.649
2.632
2.705
2.675
2.694
2.870
2.722
3.111
2.750
2.649
3.240
2.655
2.746
2.983
2.632
2.659
2.632
2.698
2.972
2.677
2.675
2.675
3.290
3.199
2.645
2.634
2.618
2.648
2.681
2.632
2.643
6.514
2.652
2.633
2.633
2.636
2.632
2.658
2.641
2.649
2.648
2.627
2.627
2.679
2.631
2.641
2.635
2.649
2.645
2.609
2.683
2.633
2.671
2.695
3.097
2.644
2.722
2.672
2.848
2.719
2.676
2.711
2.676
2.625
2.631
3.456
2.631
2.969
2.669
2.644
2.644
2.645
2.673
2.639
2.695
2.700
2.664
2.618
2.673
3.641
2.671
2.631
2.692
2.635
2.692
2.479
2.701
2.547
2.518
3.422
2.672
2.710

Results for GA
Target: Iris-versicolor: 
Correctly classified 147.0 instances.
Incorrectly classified 3.0 instances.
Percent correctly classified: 98.000%
Training time: 427.767 seconds
Testing time: 0.004 seconds

