-i 10000 -algo sa -alpha .30 
Iterations: 10000
Cooling alpha: 0.3

Error results for SA
Target: Iris-versicolor
---------------------------
17.491
18.225
18.226
18.230
18.096
16.664
16.661
16.709
16.985
17.232
17.230
17.231
17.259
17.255
16.910
16.738
16.729
16.883
16.879
16.891
16.878
19.103
19.384
19.397
19.248
19.304
19.142
19.151
19.169
19.215
19.911
18.863
19.562
18.799
18.552
18.461
18.464
18.446
19.015
18.446
18.437
20.049
18.610
18.504
16.763
16.741
20.044
16.522
17.248
16.444
16.444
16.444
16.588
16.444
16.444
16.296
16.293
16.277
17.180
16.127
16.127
16.091
16.182
16.184
16.061
16.147
16.050
16.049
16.141
16.194
16.144
15.900
15.902
16.120
16.059
16.148
16.549
15.900
15.834
15.823
15.831
16.514
15.802
15.743
15.789
15.651
15.651
15.487
15.502
15.479
15.494
15.479
16.558
15.475
15.490
15.479
15.475
15.451
15.307
15.335
16.529
15.301
15.301
15.294
15.039
15.053
16.383
15.039
14.771
15.435
14.771
14.758
14.766
14.814
14.758
14.659
14.666
14.668
14.840
15.257
14.399
14.398
14.388
14.394
14.397
14.518
15.277
15.678
15.170
14.374
14.372
14.372
14.389
14.382
14.372
14.372
14.391
14.481
14.506
14.372
15.581
14.372
15.908
14.491
14.461
14.266
14.184
14.184
13.939
14.356
13.939
13.925
13.925
13.972
14.508
13.925
14.592
14.270
13.919
13.997
13.845
13.780
13.854
13.781
13.780
13.782
13.773
14.216
13.773
13.773
14.274
13.772
13.926
14.341
13.772
13.859
13.772
13.780
13.820
13.761
13.766
13.824
13.768
13.634
13.634
13.674
13.635
13.634
13.634
13.955
13.632
14.167
14.519
13.737
13.681
13.673
13.682
13.935
13.631
13.664
13.632
13.617
14.446
13.627
13.616
13.836
13.616
13.601
13.658
13.601
13.575
13.548
13.616
13.537
13.450
13.449
13.409
13.655
13.563
14.048
13.386
13.386
13.468
13.764
13.483
13.928
13.470
13.504
13.388
13.640
13.386
13.397
13.491
13.386
13.713
13.385
13.451
13.400
14.310
13.393
13.387
13.379
13.389
13.385
13.443
14.187
13.380
13.376
13.384
13.538
13.661
13.442
13.428
13.378
13.877
13.393
13.908
13.378
13.388
13.375
13.361
13.443
14.038
14.182
13.361
13.396
13.361
13.361
13.414
13.372
13.361
13.361
13.610
13.344
13.249
13.231
13.231
13.529
13.316
13.402
13.284
15.314
13.658
13.231
13.231
13.229
13.297
13.229
13.229
13.225
13.148
13.134
13.090
13.454
13.055
13.055
13.168
13.036
13.036
13.036
13.021
12.950
13.058
12.952
12.950
12.947
13.616
12.931
12.931
12.952
12.931
12.949
12.931
13.012
12.931
12.972
12.931
12.933
12.951
12.931
12.967
13.424
12.931
12.931
12.929
12.922
13.469
12.922
12.933
12.922
12.922
12.922
12.955
13.497
13.335
12.933
12.912
13.360
12.961
12.940
13.004
13.091
12.898
13.636
13.330
12.925
12.898
12.898
12.652
13.314
12.657
12.546
13.650
12.546
12.546
12.546
12.590
12.915
12.540
12.526
12.464
12.698
12.464
13.370
13.270
12.846
12.463
12.463
12.715
12.466
12.928
12.463
12.463
12.462
12.443
13.471
12.464
12.443
12.443
12.414
12.391
12.433
12.347
12.529
12.347
13.337
12.347
12.564
12.535
12.340
12.373
12.162
12.162
12.205
12.174
12.162
12.769
12.162
12.162
12.163
12.351
12.120
12.105
12.022
12.031
11.946
11.946
12.028
11.946
11.946
12.853
11.948
12.011
11.946
12.090
11.946
11.946
12.190
13.800
12.556
12.367
11.948
12.194
12.080
14.259
11.946
11.946
11.946
11.938
12.188
11.893
11.891
11.980
11.885
11.905
11.893
11.885
11.885
11.867
11.818
11.818
11.838
12.013
11.818
11.831
12.802
11.910
11.813
11.813
12.097
11.780
11.780
11.524
11.512
11.505
11.515
11.505
11.472
11.449
12.651
11.443
12.013
11.401
11.401
11.401
11.385
11.385
11.834
11.959
11.384
11.366
11.381
11.360
11.360
11.341
11.426
11.573
16.741
11.352
11.865
11.341
11.749
14.227
11.383
11.329
11.316
11.310
11.278
11.278
11.278
11.278
11.367
11.277
11.290
11.300
11.269
11.268
11.268
11.255
11.833
11.255
11.112
11.386
11.055
11.129
11.054
11.539
11.064
11.052
11.052
11.043
11.122
11.081
11.043
11.035
11.035
11.044
11.035
13.238
11.972
11.104
11.045
12.593
11.039
11.042
11.035
11.075
17.649
10.964
11.010
10.919
10.919
10.995
10.914
10.918
10.914
10.929
10.923
11.037
10.939
10.914
10.914
11.572
10.801
11.640
10.798
12.396
15.388
10.781
10.912
12.495
10.789
11.712
10.821
10.748
10.764
10.847
10.909
10.738
10.736
10.741
10.799
10.737
10.762
10.736
10.736
10.765
10.874
10.666
10.666
10.658
11.041
10.656
10.630
10.629
10.621
10.641
10.632
10.625
10.526
10.524
10.514
10.451
15.053
10.451
10.451
10.849
10.472
10.461
10.432
10.512
10.428
10.473
10.426
10.419
10.471
11.580
10.419
10.521
10.445
10.482
10.436
10.633
10.444
10.622
10.739
10.419
10.392
11.096
10.394
10.387
14.308
10.387
10.681
10.390
10.387
10.384
10.385
11.371
10.354
10.354
10.354
10.470
10.354
10.368
11.506
12.376
11.114
10.352
10.597
10.389
10.635
10.355
10.713
10.351
10.351
10.350
14.780
10.363
10.923
10.507
10.342
10.339
10.339
10.339
10.896
10.330
10.259
10.408
10.290
10.712
11.977
11.112
10.284
10.259
10.271
10.259
10.580
10.386
10.280
10.548
10.273
10.259
10.522
10.259
10.260
10.287
10.600
14.151
10.487
10.267
10.404
11.457
10.277
10.259
10.270
10.259
10.421
10.291
10.455
10.259
10.209
10.232
10.209
10.221
10.197
10.213
10.196
10.196
10.379
10.234
10.932
10.939
10.420
10.390
10.712
10.395
10.195
10.474
10.187
10.267
10.511
12.917
10.606
10.455
14.249
10.411
10.203
10.188
10.184
10.186
10.199
10.286
10.865
10.210
10.862
10.197
10.181
10.179
10.207
10.195
10.069
10.318
10.173
10.069
9.975
10.090
9.974
10.183
9.974
9.974
9.974
9.900
9.945
9.906
9.896
9.909
10.634
9.910
9.907
11.078
9.896
9.896
9.882
9.907
10.020
10.438
9.857
10.063
9.856
15.530
9.879
9.857
9.872
10.078
9.853
9.694
9.827
9.260
9.113
9.073
10.126
9.505
9.543
10.390
9.058
9.091
9.112
9.333
10.282
9.054
9.158
9.724
9.054
9.072
9.054
9.074
9.964
9.316
9.003
8.969
9.179
9.070
8.969
8.977
8.969
9.662
8.999
8.970
9.007
8.982
9.374
8.980
9.129
8.969
9.065
8.994
8.967
9.022
9.430
9.669
9.019
9.439
9.107
9.016
8.967
8.920
8.920
8.895
8.899
8.894
8.945
9.155
8.952
9.649
9.387
9.556
8.967
8.953
9.056
9.148
9.027
9.066
8.912
8.895
8.895
8.901
8.899
9.102
8.895
9.397
8.892
9.184
8.892
8.892
8.970
9.145
8.897
8.903
9.891
8.851
8.883
10.099
9.007
8.850
8.869
8.849
8.849
10.321
8.221
10.559
8.221
8.221
8.221
8.220
8.230
12.875
15.026
8.229
8.220
8.997
9.878
8.220
8.381
8.218
7.809
7.992
8.013
7.857
7.810
7.831
7.809
7.809
7.806
7.806
7.829
7.827
7.828
7.828
7.801
7.802
8.158
7.860
7.801
7.801
7.801
7.801
8.133
7.800
7.950
7.757
7.980
7.608
7.814
7.993
7.625
16.566
7.844
7.607
10.167
7.665
7.542
7.544
7.556
7.578
7.541
7.563
7.553
7.579
7.541
7.626
8.000
7.541
7.423
7.430
7.435
14.558
7.419
7.419
7.809
7.704
7.423
7.482
8.660
7.449
7.423
7.419
7.486
7.419
7.969
7.512
7.422
7.499
7.420
7.588
8.546
7.421
7.423
7.414
7.488
7.414
7.412
7.423
7.412
7.389
7.940
9.494
7.931
7.389
8.163
8.474
7.369
8.229
7.511
7.378
16.233
7.357
7.400
7.474
7.362
7.349
7.448
7.400
7.334
7.334
7.848
10.928
7.334
7.517
7.334
7.387
10.041
7.330
7.360
7.334
10.875
7.330
7.330
7.329
7.334
7.374
7.569
7.541
8.354
7.503
11.202
7.329
10.145
7.671
7.329
7.411
7.331
7.778
7.329
7.329
7.329
7.332
7.435
7.324
7.324
7.347
9.351
7.323
7.353
17.845
7.458
7.323
7.332
7.323
7.323
7.363
7.373
7.330
7.381
7.335
7.336
7.323
7.340
8.714
7.693
7.323
7.323
7.323
7.359
7.337
7.425
7.340
7.332
7.331
7.323
7.349
7.327
7.328
7.324
7.325
7.323
7.323
7.323
7.349
8.196
7.670
7.853
7.323
7.341
7.323
7.351
7.327
7.281
7.391
7.281
7.291
7.314
7.281
7.276
9.070
7.211
10.315
7.410
7.211
7.489
17.717
7.484
19.114
7.892
7.207
7.207
7.254
7.230
7.219
8.648
7.225
7.264
10.273
7.181
7.210
7.185
7.134
7.959
7.134
7.138
7.177
7.982
7.170
7.392
6.856
6.813
6.847
6.924
6.823
6.796
6.831
7.309
7.532
6.796
7.586
6.832
6.761
7.045
6.761
7.055
6.770
6.764
6.761
6.740
7.070
12.055
6.990
6.741
7.008
21.831
6.991
6.743
6.740
6.817
6.733
6.746
6.792
6.743
6.733
6.724
6.706
6.706
6.705
6.791
6.705
6.930
6.740
6.746
6.705
6.706
6.857
14.069
6.728
6.705
6.705
6.705
6.702
6.702
6.906
6.700
17.821
6.801
6.721
17.607
6.700
6.687
6.691
6.685
6.705
6.685
6.716
6.927
6.685
11.346
6.694
6.683
6.876
8.976
6.677
6.685
6.677
6.685
6.681
6.680
9.907
6.701
7.263
7.694
7.141
20.482
6.946
6.844
6.673
7.126
6.673
7.294
6.716
6.673
6.679
7.097
6.818
6.686
6.673
6.787
6.673
16.322
6.689
7.046
8.207
6.674
8.478
11.785
6.687
7.053
7.345
6.673
6.673
6.673
6.683
6.674
6.672
6.672
6.674
6.673
15.839
6.672
6.674
9.756
6.671
6.675
6.671
6.757
10.726
7.443
20.349
6.676
6.670
7.232
6.762
8.257
6.669
7.330
6.795
6.670
6.704
6.669
6.669
6.669
6.674
6.813
6.669
6.669
6.799
6.905
6.764
7.101
6.877
6.671
6.668
6.689
6.667
6.719
6.902
6.668
7.339
6.705
6.670
6.707
6.667
6.652
6.652
7.590
6.651
6.658
6.651
7.323
19.438
7.037
7.816
6.651
6.672
6.655
6.651
7.646
6.708
12.587
7.225
6.763
7.384
9.325
6.653
6.958
8.955
6.651
6.781
6.650
23.310
6.687
6.658
6.872
9.296
6.650
6.655
6.820
13.000
6.654
6.650
6.866
6.679
6.643
6.658
6.895
6.647
6.643
6.643
6.643
6.726
7.168
6.818
6.710
7.108
6.878
6.748
7.075
6.643
6.646
6.642
6.651
9.711
6.642
6.641
6.653
7.132
11.078
6.646
6.650
6.646
6.706
6.641
6.648
6.635
6.646
6.689
6.677
6.634
6.637
6.782
6.642
7.101
6.634
6.634
13.810
7.545
6.634
6.634
6.633
6.633
6.637
6.732
6.687
6.633
6.895
6.633
6.821
6.633
9.820
13.642
7.150
15.508
6.642
6.804
6.770
6.633
6.720
12.432
8.471
6.635
6.635
6.634
9.128
6.635
6.633
6.633
6.634
6.645
6.633
6.637
6.636
6.646
6.635
6.699
6.633
6.638
6.802
7.880
6.626
6.623
6.649
6.620
6.633
6.620
6.620
6.619
6.622
6.619
6.622
6.626
6.618
6.959
6.618
6.629
12.216
6.620
8.706
6.624
7.088
6.651
8.374
6.619
15.195
8.681
6.773
6.627
7.018
6.525
7.616
6.524
6.688
6.527
6.566
6.739
6.683
6.524
6.530
6.526
6.945
6.574
6.526
6.552
6.524
6.559
6.524
6.524
7.140
6.540
7.446
6.530
6.523
6.524
13.229
7.645
6.505
6.578
6.504
22.790
12.155
6.493
6.500
6.951
6.522
6.566
6.513
6.639
6.497
6.500
6.484
6.486
6.361
6.358
6.364
10.841
10.298
7.011
6.359
6.358
8.009
6.345
6.411
10.516
6.345
6.622
14.270
6.269
6.277
14.167
6.351
6.334
6.269
6.304
6.611
6.309
7.951
6.458
6.910
6.518
6.290
6.268
6.298
6.363
6.358
6.288
6.268
6.299
6.476
6.656
6.990
6.269
6.438
6.378
6.412
6.457
6.273
6.338
12.896
6.264
6.488
6.294
7.371
16.016
7.216
12.912
6.281
6.201
6.205
7.349
6.160
6.223
6.159
6.137
6.335
6.143
6.174
12.908
6.560
6.169
6.314
6.228
6.443
6.137
6.137
6.043
12.183
6.051
6.023
6.050
6.053
6.175
6.023
6.100
6.023
6.038
6.385
6.009
6.023
6.008
6.008
6.078
6.517
6.470
6.009
6.014
6.009
8.410
6.881
6.008
6.008
12.253
6.020
6.239
6.009
6.094
6.045
6.000
5.831
5.841
5.831
5.831
5.831
5.824
5.872
10.495
10.607
5.947
5.825
5.824
17.013
5.826
5.827
5.824
5.895
5.830
5.823
5.823
5.842
8.140
5.823
5.823
5.823
11.299
5.823
6.321
5.869
5.837
5.854
6.055
5.830
5.793
6.300
6.127
5.793
5.920
5.987
5.811
5.793
5.877
5.806
7.966
5.903
9.687
5.805
5.839
5.795
5.825
5.825
5.787
5.803
5.814
5.785
6.985
6.454
14.070
11.538
5.785
5.785
5.785
7.579
5.849
5.792
5.921
5.797
5.836
14.071
5.813
5.820
5.768
5.769
5.784
5.772
5.841
6.652
5.767
12.974
8.683
5.767
5.840
10.093
5.777
6.210
5.858
5.767
5.782
7.053
5.763
5.763
8.574
6.140
18.435
5.763
5.763
6.271
5.771
6.399
5.759
6.372
5.770
5.843
5.759
6.098
5.786
6.367
5.848
6.624
5.943
5.759
5.759
5.759
5.759
5.761
5.763
5.759
5.698
17.276
6.876
5.770
5.697
5.709
6.080
5.943
12.152
5.697
5.735
5.715
18.418
5.696
5.839
5.690
6.192
5.756
5.686
6.184
5.692
5.688
5.676
5.894
5.680
20.937
5.957
5.582
5.882
6.226
5.579
5.620
5.681
5.579
5.579
5.579
6.001
6.886
5.591
5.632
9.853
5.579
5.603
5.603
5.564
5.812
5.582
5.551
5.725
5.583
19.604
5.552
5.653
5.939
5.549
5.549
5.548
5.509
5.593
5.509
5.294
5.339
5.294
13.155
5.294
5.282
5.627
5.410
5.297
5.400
21.622
5.371
5.282
5.282
5.282
5.461
5.184
13.313
5.214
5.231
5.459
5.184
5.139
5.149
5.139
5.153
5.801
5.139
5.139
5.139
5.422
5.805
5.374
5.001
5.362
4.971
4.971
5.390
4.967
11.057
4.968
5.132
4.976
4.968
4.967
4.961
5.938
4.961
5.004
4.990
4.940
5.162
4.940
5.422
4.939
4.940
5.284
5.696
6.397
20.882
4.939
4.947
5.016
17.287
4.947
5.985
4.939
4.945
4.939
4.972
5.424
4.939
4.950
4.957
4.935
5.246
4.935
4.935
4.935
7.531
13.022
4.947
4.935
4.935
4.974
4.935
4.949
8.012
4.934
4.935
4.934
5.315
16.528
9.597
4.977
5.433
4.934
5.027
4.934
21.332
4.986
4.934
4.937
5.191
4.934
4.928
22.329
4.969
7.628
5.669
4.926
4.983
5.094
4.926
4.925
4.717
4.717
4.775
4.718
4.716
4.867
4.716
4.708
22.420
4.740
4.717
4.756
4.787
6.530
6.247
4.709
4.708
4.715
4.715
5.518
4.709
4.755
5.049
4.737
4.708
4.708
4.708
4.868
6.506
11.961
4.708
10.261
4.708
4.614
4.613
4.613
4.722
4.686
4.595
4.595
4.975
4.582
5.306
4.739
4.827
4.562
22.729
4.582
4.563
4.570
4.595
4.556
4.569
4.572
4.555
4.557
4.758
4.555
4.553
5.443
23.524
5.511
4.930
4.553
5.861
10.535
4.568
19.912
4.574
4.553
4.629
4.562
6.494
4.553
8.425
4.553
4.590
9.667
4.553
4.754
4.562
4.545
4.545
4.549
4.484
4.490
4.484
5.771
4.484
21.593
4.484
6.309
4.489
4.483
4.484
4.482
4.482
12.828
4.493
23.490
4.535
5.437
4.483
4.461
4.463
4.922
5.127
4.499
4.461
7.116
7.109
21.750
4.461
7.078
4.670
4.718
4.461
4.462
4.509
4.461
4.461
4.461
4.461
4.595
4.525
16.625
9.687
4.463
4.461
4.612
4.463
4.461
4.461
4.479
4.460
4.702
4.447
4.407
5.704
4.758
20.733
4.543
20.020
4.409
4.418
4.407
20.315
4.408
19.799
4.407
4.407
4.441
5.168
4.370
4.407
4.888
4.370
4.371
4.619
4.369
4.376
4.369
4.369
16.130
4.369
4.388
4.369
4.411
4.368
4.368
4.368
4.368
4.368
8.472
4.392
4.371
4.373
4.368
4.369
4.368
4.368
4.368
18.769
4.368
4.460
22.767
4.368
4.584
4.447
4.404
4.369
5.297
4.634
16.557
4.368
4.368
4.368
4.368
17.677
4.349
8.220
4.569
4.349
4.349
5.650
4.348
4.351
4.348
4.368
4.266
4.512
4.278
4.874
4.266
4.483
4.270
4.266
4.260
4.312
4.218
4.521
4.218
4.190
22.425
4.191
4.190
4.900
4.190
4.190
4.128
4.128
4.130
4.132
4.209
6.212
4.131
4.737
10.251
5.348
4.138
4.189
4.128
4.424
4.120
4.120
14.417
4.257
5.891
4.168
4.177
5.676
4.163
20.696
4.120
4.120
4.152
12.937
4.140
4.359
4.120
4.120
4.120
4.120
4.121
4.120
4.120
4.120
4.357
23.943
4.348
4.784
6.670
4.139
4.120
4.738
4.134
4.888
4.163
4.156
4.120
5.324
4.120
4.120
4.118
4.118
6.211
4.118
4.214
5.134
4.118
4.118
4.118
4.114
4.567
4.147
4.114
4.171
4.045
5.180
7.339
4.045
4.045
4.165
22.756
4.741
4.045
5.187
14.392
11.081
4.047
4.038
5.185
4.038
4.043
4.039
4.054
6.338
6.168
4.116
4.038
3.997
10.337
4.308
4.141
3.997
4.007
6.600
4.270
3.997
4.182
4.195
9.707
4.007
3.997
3.996
3.996
3.999
4.003
3.996
3.996
3.997
4.007
4.377
10.498
3.997
3.996
23.845
4.542
3.996
3.996
4.046
4.759
3.999
5.141
3.996
3.996
3.996
3.974
13.177
3.974
3.923
4.536
3.854
3.854
3.854
3.854
4.110
3.854
3.855
4.010
3.888
3.854
3.856
3.854
3.866
3.973
4.157
3.872
3.854
4.613
3.858
3.854
3.854
3.854
3.854
3.866
5.832
3.897
3.854
3.854
3.854
3.856
3.851
3.943
3.851
13.914
3.851
4.048
4.014
3.851
3.851
11.338
3.851
4.085
3.804
3.843
3.804
3.804
4.262
18.147
4.901
3.821
11.402
3.812
3.775
3.776
3.776
3.787
10.375
9.160
3.775
3.775
3.775
4.188
3.775
3.775
3.775
3.826
8.164
8.026
3.775
3.833
3.956
3.775
3.777
3.775
3.841
10.437
3.779
3.777
3.791
3.942
3.775
3.775
3.775
3.919
3.872
3.775
3.767
3.767
3.767
8.339
3.776
3.772
3.767
3.762
3.764
3.819
3.762
3.764
3.762
3.762
3.762
3.762
4.377
8.247
3.762
3.762
3.951
3.813
3.762
3.792
19.536
19.258
3.933
3.766
3.762
3.762
4.442
3.762
10.156
9.964
5.088
4.026
3.762
8.550
3.760
3.764
3.881
3.758
18.183
3.758
3.757
3.966
3.757
3.949
3.763
3.768
5.419
3.826
3.757
3.848
3.757
22.475
4.038
3.908
11.958
3.741
4.196
3.743
3.813
3.779
9.908
3.741
3.741
4.301
3.742
3.745
3.741
3.744
3.741
3.754
3.812
3.741
3.744
3.741
3.772
3.741
3.743
3.741
4.024
3.742
3.742
3.738
3.774
20.825
3.737
3.737
12.493
5.527
3.737
3.737
20.968
3.743
3.841
3.737
3.988
4.101
9.789
18.666
3.811
3.737
3.820
3.725
3.770
3.725
4.321
10.207
4.016
3.725
3.725
18.241
4.015
3.725
3.714
18.741
3.947
3.751
3.803
3.714
3.714
3.714
17.924
4.098
3.714
8.958
3.835
3.714
3.725
4.409
4.113
10.323
3.714
3.714
3.714
4.801
3.714
6.369
3.714
3.889
3.801
3.715
3.755
8.953
3.714
3.699
3.727
3.699
3.699
3.699
3.699
3.699
3.616
3.616
3.616
3.638
21.382
3.616
3.616
3.682
3.616
3.616
4.896
3.616
3.734
3.630
6.340
3.617
3.621
3.619
3.598
8.333
3.569
8.871
3.569
3.563
3.563
3.563
3.912
3.564
10.174
5.095
3.596
3.563
3.563
3.562
3.562
3.562
3.477
4.016
3.608
3.962
3.461
3.493
3.461
4.473
20.355
3.461
3.554
3.490
3.461
3.750
3.590
4.312
3.485
3.461
3.461
9.991
3.988
3.461
3.461
3.461
3.711
3.462
3.462
3.461
3.462
3.461
21.115
3.963
3.461
3.972
22.205
3.469
3.464
3.461
3.491
3.457
3.464
3.540
8.400
3.458
4.352
20.200
3.457
3.457
3.457
3.457
3.655
3.459
3.460
3.382
7.593
3.390
3.382
5.614
3.382
3.382
3.382
12.992
13.517
3.393
3.382
3.584
3.576
3.382
3.393
5.454
3.372
3.526
4.761
3.372
3.411
3.644
3.373
3.372
3.372
3.372
5.023
3.404
3.383
3.372
3.393
3.372
3.372
3.374
3.372
3.372
3.457
3.372
3.482
3.971
3.374
3.372
3.372
3.371
3.380
3.357
3.585
3.357
3.843
3.361
3.971
3.357
3.358
3.357
5.000
3.356
8.390
3.394
3.370
3.359
3.357
3.357
3.356
3.757
3.356
3.354
3.368
6.270
6.450
3.372
3.384
3.811
3.353
3.355
3.353
4.062
3.355
20.675
3.353
3.380
3.353
3.362
3.359
3.456
3.375
6.649
10.297
3.354
3.339
3.338
3.338
22.476
4.240
3.338
3.338
3.331
3.331
3.332
3.429
3.471
3.330
5.026
19.310
3.330
3.330
3.627
3.336
3.329
3.329
3.329
3.331
3.329
3.329
5.271
3.321
3.321
5.454
3.414
3.321
3.321
3.326
3.321
3.335
3.365
3.321
3.321
3.321
16.442
3.628
3.321
3.430
3.324
3.321
16.400
3.281
3.281
3.281
3.282
3.281
3.640
21.451
6.596
9.729
3.522
3.317
3.281
3.342
3.281
3.280
6.589
3.787
4.003
3.500
3.282
3.280
3.525
3.280
3.669
3.281
7.774
11.264
3.282
3.294
3.300
3.280
3.280
3.280
3.289
3.602
3.451
3.996
3.286
3.280
3.280
3.280
3.280
3.632
3.280
3.282
3.561
3.389
3.371
3.280
3.280
3.280
3.280
3.677
3.280
3.277
22.288
3.773
3.357
3.285
3.277
4.614
3.311
3.277
3.279
8.042
4.266
3.276
21.102
24.226
3.276
3.276
3.277
3.276
3.276
3.276
20.516
3.622
5.126
3.276
3.276
3.480
3.276
3.276
3.276
3.276
11.152
3.630
3.276
3.276
3.319
3.275
15.802
3.276
3.280
3.403
3.275
3.275
3.275
4.092
3.277
3.751
3.275
3.275
3.289
3.275
3.275
11.871
3.277
3.274
3.191
3.249
3.191
3.191
3.191
3.191
3.191
3.192
3.226
3.208
9.068
3.763
3.231
3.191
3.649
6.408
22.714
3.191
3.194
22.669
3.191
3.191
3.216
3.191
3.192
3.276
3.274
3.191
3.191
3.190
16.425
3.324
3.338
13.421
3.190
3.251
11.159
3.190
22.979
4.548
3.191
4.467
3.190
3.231
3.192
3.190
4.540
3.220
3.190
3.751
3.190
3.190
3.190
3.194
3.191
3.192
3.217
3.190
5.105
3.190
3.192
8.489
4.767
3.191
3.634
3.264
3.186
3.186
3.186
4.128
3.269
3.469
3.186
3.632
3.673
3.780
3.186
10.869
3.186
3.213
3.479
3.234
3.192
3.203
3.185
3.185
3.185
3.185
3.185
3.535
3.185
9.414
3.186
3.212
9.741
3.185
3.185
3.484
3.190
3.185
3.234
12.244
3.185
3.185
4.120
3.185
3.185
3.185
3.185
3.286
3.185
3.216
3.185
4.660
3.185
3.185
3.185
4.142
3.320
23.071
3.190
4.707
3.185
3.185
3.178
3.282
3.178
3.178
4.454
3.178
3.236
3.178
3.178
3.181
3.178
3.314
3.178
3.200
3.178
3.639
3.178
9.866
3.180
3.178
17.049
3.178
3.178
3.226
3.746
3.178
3.179
3.178
7.436
3.178
3.182
3.178
3.178
4.414
9.842
5.748
3.177
3.235
3.181
3.184
3.769
3.157
3.157
3.198
3.169
3.196
3.222
3.162
3.157
6.423
3.160
3.999
4.428
3.350
3.224
3.157
3.157
3.160
3.184
3.242
24.714
4.087
3.157
3.158
3.157
3.157
3.180
3.161
24.311
3.157
3.180
3.162
3.170
3.157
3.157
3.155
3.155
3.167
3.201
3.191
12.564
3.154
3.154
3.155
3.155
3.155
3.162
3.155
5.442
5.253
3.154
3.375
3.401
6.717
22.743
4.747
12.853
3.154
3.155
3.296
4.852
3.248
3.155
3.603
3.155
3.199
3.298
3.322
3.553
4.598
3.154
3.211
3.154
3.154
3.420
3.154
3.733
3.156
4.453
3.154
4.803
3.154
3.155
6.857
3.154
3.154
3.154
3.154
3.184
3.501
9.327
3.157
5.389
3.201
3.154
5.035
3.151
23.993
3.300
3.151
3.257
3.129
3.104
3.262
3.105
11.034
3.341
3.104
21.683
3.623
7.853
3.106
3.549
3.104
9.216
3.105
3.104
3.104
3.240
3.309
3.107
3.224
3.104
3.104
3.104
3.105
7.696
12.231
3.120
3.104
3.036
3.036
9.012
3.036
3.281
3.187
3.031
3.031
5.812
3.031
3.025
3.025
3.025
22.154
3.025
3.025
3.125
3.025
3.026
3.025
3.058
3.025
2.995
3.301
2.995
3.038
3.055
2.995
2.995
3.782
3.018
2.995
3.057
2.995
2.995
2.995
3.056
2.995
2.995
3.015
2.995
18.215
2.995
2.995
2.996
3.993
3.028
2.996
2.995
2.950
2.951
2.950
2.989
2.950
2.950
2.952
2.951
7.330
2.950
2.950
3.411
2.949
2.949
2.949
2.949
2.949
3.159
3.074
2.957
2.946
2.947
3.385
2.948
2.946
2.946
2.946
4.724
2.985
2.946
4.229
3.333
2.977
3.142
8.370
2.946
2.946
2.946
3.151
2.946
2.946
10.094
2.946
6.391
5.298
2.946
2.968
3.633
2.946
4.030
2.946
2.946
2.946
2.946
2.946
2.974
3.715
3.441
8.154
2.946
2.946
2.946
10.560
3.094
2.946
2.946
5.169
3.148
2.946
7.623
2.946
2.946
4.769
2.954
3.003
2.946
2.948
2.946
2.946
2.947
7.710
2.946
3.233
11.560
2.946
2.946
3.098
2.946
2.946
4.122
3.581
16.516
2.946
2.946
2.946
2.946
2.931
2.931
13.146
2.931
8.930
2.932
2.931
2.931
2.931
2.931
2.937
2.931
3.976
2.931
2.931
2.931
4.455
2.931
2.932
23.510
2.967
2.933
2.931
10.816
2.931
2.931
2.931
3.891
2.931
2.931
2.931
2.971
25.371
4.578
2.931
2.930
2.930
3.057
3.168
10.803
3.404
2.930
2.932
2.930
2.981
2.930
2.930
2.931
3.081
2.938
2.931
2.930
2.930
3.304
2.930
2.931
3.033
3.762
2.930
2.930
2.930
4.853
2.930
2.930
4.030
3.270
2.930
2.930
2.930
22.231
2.930
2.933
18.426
2.930
4.022
12.554
4.625
2.930
3.320
2.930
2.930
2.930
2.930
2.930
3.997
11.355
12.884
3.035
2.930
2.999
3.114
11.009
2.930
3.582
2.930
2.930
2.930
2.935
2.930
9.303
2.930
3.213
2.960
3.124
3.359
2.976
11.201
2.930
2.929
2.952
2.929
2.972
3.324
3.086
2.929
2.929
2.930
2.929
2.929
2.929
2.929
2.929
2.929
2.929
2.949
2.929
2.929
2.929
2.929
2.929
2.929
2.929
2.994
2.929
2.929
23.217
8.225
2.930
2.929
7.808
3.465
2.929
2.929
3.388
2.929
2.937
2.929
2.976
3.052
22.986
2.929
3.343
3.114
2.929
3.329
5.566
2.929
2.929
7.799
11.771
25.143
2.929
2.929
2.929
2.961
2.930
2.929
2.929
11.921
23.654
10.937
13.254
2.929
5.117
2.948
3.322
23.415
2.929
2.929
2.929
2.929
2.929
2.929
4.292
2.954
2.914
2.914
2.914
25.321
2.914
2.914
6.566
7.391
2.939
3.078
2.964
4.215
2.914
2.914
2.914
23.192
5.635
2.914
21.838
2.914
2.914
2.914
4.208
3.008
4.771
3.523
4.408
2.914
3.293
2.914
8.749
2.914
2.929
2.932
3.253
2.916
9.533
2.945
2.914
7.444
2.914
9.683
8.527
2.914
2.921
4.908
3.140
2.914
2.915
3.318
3.056
2.914
2.916
2.933
2.914
2.914
4.441
2.995
3.307
3.252
2.936
2.915
2.915
2.914
2.914
2.914
2.914
2.914
2.914
3.026
2.914
2.914
3.503
2.914
2.915
7.697
2.928
2.916
2.915
2.914
2.917
2.914
2.914
2.914
2.914
2.914
6.466
2.948
2.914
2.914
2.914
2.914
11.225
3.879
2.921
2.942
25.632
2.914
12.449
5.612
2.914
11.444
2.914
2.904
10.885
2.904
2.904
2.904
2.904
2.904
2.904
2.904
13.025
2.907
2.904
2.922
2.905
3.437
2.904
6.167
2.904
11.223
2.904
2.904
2.904
2.904
2.904
2.904
6.795
2.904
3.105
3.189
2.904
4.460
13.655
3.219
2.904
2.904
2.905
2.904
2.904
7.602
3.059
2.904
2.904
3.902
2.913
2.904
2.936
2.890
2.891
2.889
2.889
2.888
5.635
2.888
5.183
4.774
11.804
2.888
3.916
3.112
21.023
3.556
2.888
3.406
2.888
3.038
3.273
2.889
2.894
8.104
3.596
3.154
3.015
2.888
2.888
2.888
2.888
3.416
2.888
2.888
2.888
2.888
2.890
3.085
2.888
2.888
2.888
2.888
2.895
2.888
2.888
10.666
2.888
2.889
21.059
2.888
2.888
2.888
2.888
2.990
2.888
9.700
2.888
11.241
2.888
2.889
8.930
4.065
10.815
2.888
9.302
2.890
2.888
2.888
24.728
2.998
2.888
2.890
2.888
2.888
2.888
2.888
2.923
2.888
7.231
2.888
2.888
2.905
2.948
2.888
2.888
2.925
23.388
2.892
2.968
2.888
2.888
2.888
2.935
2.914
2.888
4.453
2.914
3.017
2.888
2.888
3.184
2.888
2.881
2.877
2.947
2.877
2.877
2.877
2.877
3.205
2.877
2.893
3.081
3.026
4.261
3.720
3.385
3.038
2.985
2.897
2.879
2.877
2.878
2.877
2.877
2.877
2.877
2.877
2.877
3.540
9.963
10.453
16.473
7.376
3.894
18.834
2.877
3.001
2.877
23.376
2.874
2.875
2.874
15.975
2.875
2.874
2.956
25.089
2.874
2.856
2.856
2.856
3.076
2.856
2.856
22.070
4.867
2.902
3.062
2.847
2.922
2.848
9.296
4.651
2.847
2.850
2.899
2.880
2.844
2.844
2.844
2.844
4.857
2.844
2.844
2.846
2.844
2.855
11.408
2.844
2.910
12.190
2.844
5.455
2.844
3.194
2.844
24.795
2.844
10.871
7.704
2.844
2.844
13.304
2.844
2.844
21.005
2.844
2.865
2.845
2.844
2.844
2.844
2.844
10.835
4.704
2.844
2.844
2.889
2.847
2.886
2.844
6.302
2.844
2.844
2.844
3.574
2.844
24.291
9.111
2.844
2.844
2.844
20.917
3.156
2.844
2.844
2.851
2.844
2.847
2.845
2.844
10.438
10.151
2.844
2.844
3.662
2.875
2.894
2.844
2.844
2.844
2.844
2.844
2.844
9.531
2.844
5.003
2.844
2.844
2.844
2.844
2.844
10.990
3.062
2.844
2.844
2.858
2.844
2.864
2.845
2.879
2.844
14.555
3.102
2.844
2.857
2.940
2.844
2.844
10.651
2.844
2.847
2.844
2.844
5.578
3.611
2.844
2.844
2.927
3.031
9.284
2.844
2.909
2.844
2.844
5.556
2.845
3.102
3.024
2.845
2.844
2.844
2.845
3.073
2.844
7.873
2.893
2.938
3.777
2.902
2.844
9.609
2.846
2.844
2.844
2.977
25.247
2.844
2.844
3.358
2.976
2.844
2.917
2.844
2.844
2.843
2.843
2.843
2.843
2.843
2.843
2.843
14.089
10.289
5.426
2.844
2.843
7.106
2.843
2.843
10.496
7.684
13.693
3.251
4.477
2.902
2.844
2.843
3.080
2.854
3.323
2.843
5.400
2.843
2.843
3.247
2.843
2.986
2.843
2.972
9.568
12.681
2.836
3.695
3.001
8.108
2.836
2.834
22.889
6.563
6.359
2.892
4.816
3.583
2.834
22.535
2.856
2.866
2.834
2.834
2.834
2.834
16.337
3.726
2.834
2.834
5.297
2.834
4.649
18.513
2.834
2.903
2.834
2.862
2.938
2.834
2.848
2.834
4.742
2.844
2.891
2.834
2.834
2.867
2.834
2.836
2.834
6.617
2.834
2.861
2.834
3.079
2.834
9.169
2.834
2.834
2.854
2.834
2.834
2.834
2.834
2.834
3.093
24.892
2.837
2.834
4.220
2.834
2.834
2.844
2.834
2.904
2.834
2.834
25.317
2.834
2.834
3.053
2.834
2.834
2.838
2.834
2.834
2.834
5.567
3.347
2.834
8.595
2.834
4.777
2.876
2.834
2.834
2.834
2.834
2.921
22.861
2.997
2.847
4.829
2.834
2.834
2.834
2.834
3.023
2.925
4.076
4.025
2.834
2.834
2.965
3.003
2.834
2.834
2.834
2.948
2.834
3.465
2.834
16.076
2.855
2.834
5.797
2.835
3.132
2.840
3.199
4.470
2.834
2.834
3.071
2.834
7.065
2.834
2.834
2.834
2.834
2.827
8.828
2.828
2.827
2.827
2.828
2.827
2.827
4.693
2.970
2.828
2.827
3.046
3.238
2.829
7.452
2.888
2.899
2.853
3.379
2.827
2.840
2.827
2.827
11.246
2.827
2.827
2.827
11.573
2.827
2.823
2.839
2.823
2.823
4.421
2.823
2.823
2.826
2.824
2.823
3.597
2.818
2.947
21.379
3.599
2.818
2.818
23.178
2.818
2.818
2.818
3.388
9.465
2.818
2.947
2.818
2.815
2.831
5.370
4.805
2.815
2.815
2.815
2.815
2.815
2.815
2.815
2.815
2.815
2.815
9.777
3.047
2.816
2.815
2.815
2.815
2.815
2.815
2.815
5.036
2.785
2.785
2.784
2.888
2.785
2.790
2.801
3.076
24.280
3.552
2.784
2.784
2.861
2.784
2.898
2.784
14.228
24.492
2.790
2.785
2.836
2.785
2.784
2.784
2.784
2.784
3.255
2.831
3.077
2.784
2.785
2.796
2.954
2.784
2.784
2.780
2.780
2.803
2.780
2.968
8.758
2.780
2.780
2.780
2.780
2.780
3.129
2.780
25.328
2.780
2.780
2.846
2.780
2.780
2.808
2.780
8.154
2.780
2.781
2.780
2.780
8.406
2.780
2.781
2.780
2.780
2.781
3.674
2.780
2.773
22.362
2.773
2.773
2.773
18.975
2.943
13.191
2.773
2.773
2.773
9.095
8.215
2.773
2.791
5.551
3.773
2.773
3.918
2.789
2.773
2.775
3.264
3.004
11.254
3.366
2.773
2.773
2.773
3.954
3.034
24.892
2.773
2.761
2.957
5.315
2.941
3.379
3.734
2.825
2.763
3.445
10.421
2.761
18.017
3.007
2.762
2.817
2.762
2.993
2.761
5.752
2.761
2.761
2.762
2.761
2.883
3.103
2.761
3.001
18.331
2.763
2.952
10.163
2.778
2.761
2.766
2.761
24.805
2.766
2.761
2.761
2.761
2.762
2.790
2.761
4.558
2.815
2.761
2.762
2.762
2.762
3.510
2.762
2.761
2.761
2.761
3.078
2.761
3.600
4.555
2.761
2.761
2.762
12.150
2.761
2.762
2.762
2.761
2.760
2.713
2.713
2.769
11.467
3.117
2.774
2.716
14.354
2.712
2.714
2.810
2.712
2.700
3.078
3.456
8.624
2.700
2.700
2.727
2.700
2.700
2.700
2.702
2.739
2.999
2.700
22.444
2.709
2.700
2.700
2.700
3.008
2.788
2.700
4.212
2.700
2.843
3.013
2.700
3.273
2.691
2.691
6.796
23.642
2.845
8.895
2.780
2.691
2.691
2.692
8.784
2.876
3.021
2.948
2.691
2.691
2.691
2.691
2.691
2.711
2.691
2.691
2.692
2.694
2.691
2.691
9.380
2.691
2.700
2.896
2.691
2.691
5.848
2.687
2.687
2.747
2.687
21.731
11.508
2.684
2.712
24.729
2.678
2.819
2.678
2.678
25.030
2.678
2.678
2.678
2.907
2.678
2.759
2.680
2.678
2.678
3.156
6.168
2.678
23.625
2.678
16.088
2.678
2.678
2.678
2.733
2.902
2.680
2.679
9.978
2.678
2.678
17.834
2.678
2.678
5.558
2.678
2.678
2.678
2.667
25.526
2.667
3.109
2.742
6.933
2.667
2.667
2.667
2.667
2.693
2.671
2.667
2.618
2.618
2.617
2.617
2.617
2.617
3.026
2.610
2.610
2.610
2.610
2.641
3.840
2.631
18.545
2.610
2.610
4.571
2.700
2.604
2.604
4.606
2.605
2.604
2.604
2.604
2.581
2.581
2.677
2.944
2.581
2.581
2.736
2.581
3.192
2.581
2.559
3.521
2.702
2.559
2.559
2.750
2.559
2.956
2.559
2.559
23.582
2.559
2.559
2.559
3.532
2.555
2.555
2.555
2.752
2.555
21.027
2.555
2.555
23.503
3.960
12.348
2.728
2.804
22.863
2.907
5.599
2.555
2.556
2.555
2.521
2.521
2.521
2.520
2.530
2.520
2.776
2.520
2.520
2.520
2.520
2.520
2.520
2.520
2.520
23.505
2.520
3.235
2.520
14.564
2.520
2.520
2.520
2.521
15.021
2.518
2.507
3.974
2.508
2.507
2.672
2.507
2.549
2.711
4.751
2.507
2.891
2.973
10.685
15.080
2.507
2.507
6.362
2.507
2.512
2.507
10.044
2.507
2.518
2.507
2.507
2.470
2.470
2.543
16.945
4.451
27.856
2.450
2.454
2.450
2.450
2.462
2.450
2.450
25.238
2.450
2.851
2.450
2.450
7.764
2.444
2.444
12.335
2.428
2.428
2.480
2.428
2.428
2.428
3.293
2.428
2.600
2.428
2.428
2.613
2.428
2.431
2.805
2.428
2.428
2.428
2.428
12.447
2.428
2.428
2.428
3.514
2.428
2.785
16.177
23.390
2.428
2.428
2.428
2.428
2.428
2.428
2.428
2.440
3.601
2.428
2.428
2.428
2.428
2.428
2.428
2.428
2.428
25.892
4.075
3.205
2.428
6.425
2.428
2.428
2.428
2.428
2.428
2.428
2.505
5.601
2.428
3.011
3.662
2.428
7.531
2.428
2.428
2.428
2.585
2.428
2.428
5.740
2.428
2.428
2.428
2.615
2.461
2.492
2.428
2.484
2.428
2.445
2.818
2.428
2.428
2.492
8.692
2.477
2.428
2.428
2.428
12.856
2.428
5.753
2.428
2.428
24.647
2.428
2.440
2.494
3.233
2.421
2.421
6.165
25.561
2.876
2.421
6.928
2.424
2.465
13.495
2.633
2.421
7.358
2.454
2.421
2.421
2.421
2.421
3.513
2.582
2.421
2.421
2.421
2.709
2.769
2.421
2.894
2.421
2.421
23.720
2.481
2.421
2.421
2.556
2.421
6.362
5.808
2.573
2.421
2.421
2.421
2.421
2.421
2.421
2.421
2.421
2.421
2.599
2.421
2.421
2.421
2.421
2.421
2.421
2.436
2.421
2.421
2.422
3.359
2.458
2.421
11.721
2.421
2.421
2.478
2.421
2.421
2.421
2.421
11.013
2.421
11.910
5.590
2.421
4.521
2.421
2.421
2.421
2.424
12.552
22.862
2.421
2.421
2.423
2.622
13.128
2.804
2.421
3.012
4.592
2.421
24.581
2.421
8.575
2.421
25.459
2.421
2.421
2.827
2.421
5.501
2.424
2.421
10.342
23.627
7.155
2.421
2.418
11.698
2.418
2.418
3.516
2.418
2.518
2.418
2.418
2.418
2.418
2.418
12.363
2.664
11.927
2.420
2.546
6.701
2.529
2.578
2.418
2.418
2.729
2.419
2.428
2.418
2.418
2.418
2.418
2.445
2.418
2.420
2.418
2.418
2.418
2.418
20.765
2.418
2.418
2.418
2.821
2.418
25.786
2.418
2.418
2.565
10.512
2.486
18.197
2.418
6.903
2.467
2.418
2.446
8.139
2.471
2.428
2.415
2.415
2.756
2.415
15.355
2.415
25.736
2.415
2.415
2.415
6.113
2.415
2.790
2.415
2.415
2.415
2.415
2.415
2.415
2.636
2.496
4.181
2.415
12.880
2.415
2.422
2.471
3.003
2.415
2.420
2.415
2.415
2.415
2.412
12.670
2.412
25.729
2.457
2.486
2.413
6.430
2.657
2.412
2.412
2.525
13.150
3.241
2.412
2.412
2.686
2.412
2.445
2.687
2.412
2.430
11.813
2.448
2.444
2.412
7.686
2.412
2.412
2.412
2.504
2.412
2.591
2.442
2.412
2.410
3.028
2.636
2.410
2.410
2.410
2.410
2.410
2.605
2.410
2.410
2.410
2.410
2.413
2.410
2.824
2.834
2.410
2.410
2.410
2.410
2.410
2.410
2.410
2.410
2.411
7.066
2.410
2.410
2.410
2.487
2.410
2.410
25.541
2.410
2.459
7.801
2.410
3.455
2.417
2.411
2.410
2.839
2.410
2.594
2.410
2.415
2.562
2.410
2.410
2.410
2.410
10.766
2.649
11.809
2.465
2.411
2.410
2.410
3.800
2.726
2.410
2.410
2.410
2.423
2.410
2.410
3.974
2.410
2.509
2.567
2.410
25.352
2.413
2.410
2.410
3.455
25.516
2.410
19.923
2.410
25.754
9.492
25.932
3.781
2.410
2.410
2.681
2.410
2.421
2.410
2.471
2.410
2.410
4.480
2.410
2.411
2.420
2.458
2.410
5.363
16.443
2.410
2.415
2.481
2.410
10.125
2.410
2.410
2.410
2.417
2.555
22.032
5.374
16.680
2.410
3.753
2.410
2.410
2.410
25.398
11.791
2.410
2.410
5.542
2.410
2.410
2.410
2.692
2.479
2.354
2.354
2.463
2.354
3.465
2.379
2.357
2.380
2.354
2.354
2.386
8.129
2.349
2.349
2.431
2.466
2.812
2.349
2.349
2.348
2.388
15.787
2.353
2.348
2.348
2.348
2.348
2.348
2.348
24.232
2.348
2.349
2.348
2.767
2.382
6.102
4.253
2.348
2.348
2.348
21.060
2.350
23.858
11.121
2.623
2.348
2.348
2.348
4.224
2.348
2.348
16.894
2.348
2.348
2.348
2.350
2.769
2.348
2.364
2.348
2.348
2.670
25.611
2.348
2.784
2.348
2.348
2.348
2.348
6.632
13.904
2.348
2.348
2.348
2.973
3.478
2.348
2.435
2.401
2.670
2.348
2.348
2.348
2.348
2.348
2.543
2.630
2.348
2.348
2.398
2.348
21.928
24.583
2.347
2.347
2.347
2.347
2.347
2.347
3.289
2.516
2.371
2.347
2.347
2.347
7.372
2.601
2.377
2.588
2.355
2.347
2.347
2.391
2.364
6.991
2.347
3.535
2.347
2.347
2.347
2.782
3.122
2.347
2.347
2.340
2.340
2.340
2.340
7.455
2.340
2.457
2.372
2.340
2.339
2.339
2.828
24.250
2.541
2.339
4.280
2.339
10.421
2.593
2.340
2.531
2.339
2.339
2.389
2.339
23.274
2.372
2.339
2.410
2.339
2.339
10.930
5.386
2.988
2.386
2.339
2.339
2.339
2.414
2.339
2.340
2.345
2.339
2.339
2.447
6.759
2.438
2.339
2.339
2.505
2.339
2.339
10.106
2.692
2.461
2.339
2.343
2.339
2.887
2.339
2.339
24.391
2.339
11.268
2.339
2.474
2.339
2.339
2.431
2.764
2.339
23.969
2.339
2.339
2.337
2.337
2.337
2.337
6.921
25.565
2.760
5.199
2.337
2.337
2.430
2.447
2.337
2.331
2.501
2.331
2.331
2.331
26.484
2.331
2.331
11.489
2.714
2.399
2.635
3.511
2.636
2.331
2.600
2.331
2.332
2.343
2.331
2.331
2.664
2.617
4.734
7.428
2.327
2.376
2.327
2.502
2.426
2.327
2.380
2.364
2.368
2.327
2.554
2.327
2.327
2.342
2.327
26.561
2.327
2.327
2.567
2.401
5.959
2.561
2.378
2.373
9.506
2.327
2.327
11.939
2.329
2.327
2.327
2.344
2.443
2.327
2.327
2.641
2.327
2.327
2.502
2.327
2.327
2.381
9.653
2.327
2.327
2.882
2.432
10.703
8.979
2.345
2.327
2.327
2.327
2.342
2.327
10.410
6.981
2.343
2.327
2.338
2.327
2.352
2.327
2.327
2.327
2.643
3.132
2.325
6.735
11.384
2.325
2.325
6.830
2.386
2.338
6.403
2.749
2.354
15.164
2.325
26.511
2.343
2.987
2.325
2.325
2.918
2.325
2.388
2.325
2.367
2.325
16.177
2.325
2.325
2.472
2.325
2.325
2.325
2.325
2.476
24.672
2.325
2.325
2.363
2.325
2.470
2.325
2.338
2.514
2.430
2.357
2.717
2.325
10.928
2.500
2.325
2.332
2.344
2.325
2.325
2.325
20.830
2.325
2.325
8.560
17.115
2.325
26.881
2.325
2.325
2.383
2.325
2.325
2.325
2.545
11.730
2.325
2.325
7.666
2.325
2.325
2.325
2.325
2.325
2.347
2.423
2.325
2.325
2.391
23.864
2.464
2.300
2.298
2.298
2.298
2.503
2.298
2.344
2.420
2.299
2.298
2.295
2.377
4.781
2.303
2.295
2.295
2.571
2.392
4.197
2.800
4.029
2.295
2.295
2.295
2.380
2.296
2.295
2.715
2.295
7.889
2.687
2.295
3.337
2.295
2.295
2.295
24.490
2.295
3.258
2.351
2.344
2.295
2.654
2.299
2.295
2.295
2.295
23.406
2.318
2.654
2.295
2.295
2.324
2.295
2.295
2.295
2.295
2.295
2.295
2.295
2.295
2.463
2.438
2.324
2.295
2.295
2.295
2.295
2.301
2.295
2.295
2.295
5.450
2.372
2.295
2.555
2.295
10.282
2.295
2.295
2.298
2.295
2.295
2.989
2.713
2.295
2.295
26.282
2.295
24.595
2.295
2.297
2.295
2.295
2.295
2.295
2.295
2.295
2.295
2.497
27.015
2.295
2.334
2.295
2.296
2.466
12.221
2.295
2.292
2.292
2.292
2.526
10.695
2.292
2.297
2.292
2.292
2.606
2.286
10.479
2.286
2.348
2.286
2.291
2.286
2.286
2.286
2.277
2.277
2.277
2.277
2.277
2.277
2.277
2.269
2.467
2.270
2.285
2.269
2.269
2.269
2.269
2.270
2.269
2.269
2.251
2.250
2.239
2.239
2.299
2.239
2.239
2.239
2.239
2.239
2.239
2.317
2.472
2.239
2.310
2.239
2.239
2.239
2.301
2.239
4.607
6.468
4.047
2.239
11.070
2.239
2.239
2.693
2.239
2.239
2.464
2.239
2.239
2.263
2.239
3.266
2.526
2.239
2.239
17.349
2.232
23.949
2.232
4.304
9.522
2.232
2.232
14.484
2.486
2.232
2.232
2.232
10.390
2.232
2.410
2.360
10.695
2.232
2.232
2.232
2.232
2.232
2.232
5.315
2.232
2.236
2.627
2.424
2.300
2.239
9.388
2.232
2.232
2.232
2.898
2.232
2.627
2.280
2.232
2.232
2.232
2.232
10.680
2.232
2.308
12.135
2.232
2.232
2.232
8.602
3.062
2.231
2.231
2.231
2.231
25.369
2.231
2.231
25.208
2.227
2.227
2.227
2.227
2.227
2.485
2.227
2.227
2.227
2.240
2.227
10.623
2.227
3.195
7.942
2.227
2.227
4.099
2.231
2.227
2.227
2.778
2.228
2.662
2.242
2.227
2.230
2.227
2.227
2.227
2.224
12.995
2.832
2.227
2.224
2.224
2.224
14.496
2.385
23.589
2.549
2.232
2.196
2.196
2.196
2.196
2.189
2.221
2.189
21.877
2.706
2.189
2.419
2.189
2.282
2.337
2.790
11.735
2.189
2.189
2.189
2.218
2.189
2.550
2.189
2.189
2.189
18.038
2.187
2.187
2.187
2.187
2.187
7.488
2.187
2.209
2.335
2.187
2.187
2.839
25.405
2.187
5.396
2.171
2.171
24.782
2.171
2.171
2.171
2.520
2.171
2.171
2.171
5.928
2.314
24.907
2.201
2.152
4.005
2.152
6.654
2.152
2.410
2.200
13.635
2.152
2.184
15.720
2.152
2.152
2.152
2.152
2.111
2.374
3.153
23.385
9.983
2.111
2.104
2.167
2.139
2.732
2.104
2.104
2.170
12.329
2.104
2.104
2.101
2.118
2.101
10.036
25.709
2.101
2.142
5.847
2.101
2.157
2.301
2.101
4.739
2.101
2.101
2.101
2.101
2.459
2.114
2.249
2.101
2.101
2.101
2.101
25.342
2.101
2.101
2.101
2.101
2.374
2.101
2.101
2.101
2.101
2.195
2.101
3.964
2.101
2.099
3.574
2.099
2.166
2.099
2.535
2.099
2.099
2.099
3.952
2.099
2.099
2.099
2.099
2.590
2.099
2.099
2.099
2.099
23.091
2.099
2.160
9.902
25.178
2.086
2.273
2.086
8.620
2.102
2.086
2.086
2.086
2.086
2.086
10.296
2.086
2.086
2.086
2.199
23.672
24.907
2.086
2.086
2.086
2.053
9.317
2.053
2.053
2.053
2.053
2.054
2.053
2.052
2.253
2.134
5.505
2.052
2.056
2.052
24.051
2.052
2.080
27.110
5.685
4.463
2.052
2.713
3.491
2.052
2.052
2.052
2.052
2.063
2.132
17.417
2.076
2.166
3.904
2.052
2.052
2.052
2.165
2.061
2.052
2.052
2.052
2.151
2.073
2.052
2.059
2.091
2.052
2.165
6.193
2.219
2.052
2.052
2.052
2.077
2.052
2.052
2.062
18.844
2.448
2.052
2.053
2.055
27.640
23.667
2.077
2.124
2.052
2.052
2.147
2.052
2.089
2.052
2.052
2.070
2.052
2.128
2.056
2.052
2.113
2.052
2.052
2.052
2.049
2.929
2.049
2.044
2.044
14.951
2.044
14.271
2.044
2.044
3.289
6.052
2.044
2.044
2.044
2.044
2.044
2.044
9.757
2.044
2.044
2.035
2.266
2.035
2.035
2.035
2.108
2.035
5.006
2.035
2.035
2.036
2.006
2.047
3.055
26.567
2.002
2.002
9.883
6.353
2.002
2.001
2.007
2.001
2.007
2.001
2.001
12.259
2.001
2.001
2.001
2.001
2.001
2.105
2.001
2.001
2.231
6.722
3.096
2.001
2.001
2.001
2.001
2.018
2.004
2.001
2.001
2.971
2.148
2.018
1.999
1.999
1.999
1.999
21.822
1.999
2.021
1.999
1.999
2.222
1.999
2.005
1.999
1.993
1.993
1.991
1.991
2.113
1.991
2.079
2.021
1.991
1.991
1.991
21.524
1.991
2.000
1.991
2.230
1.991
8.104
1.992
1.991
1.996
2.089
1.990
1.990
1.990
7.147
2.103
2.299
1.990
2.010
15.997
2.322
1.990
2.213
1.990
1.990
2.090
2.620
24.946
2.161
2.016
2.092
1.990
2.159
1.990
1.990
2.001
2.022
1.992
3.941
1.990
1.990
3.250
2.062
1.990
2.005
2.216
2.671
2.132
2.039
2.037
1.990
1.998
1.990
4.012
2.409
1.990
1.990
1.990
4.327
1.990
1.990
1.990
1.990
2.035
1.979
2.189
2.009
1.979
1.979
1.979
1.979
1.979
1.979
9.480
1.981
1.979
2.204
1.977
13.889
1.977
2.377
1.977
1.977
2.242
1.977
2.198
1.977
1.977
1.977
1.966
1.934
1.934
1.934
1.934
1.934
1.922
1.922
1.922
1.922
14.210
1.922
1.922
1.922
17.650
1.922
1.922
1.922
1.922
2.076
1.922
2.224
1.922
1.925
1.922
1.928
6.866
5.729
19.863
2.053
2.394
1.922
1.922
2.125
1.921
1.961
1.921
1.921
1.921
2.410
4.260
2.131
1.921
1.921
1.921
1.921
1.921
1.921
1.921
1.921
1.921
2.152
1.921
1.921
1.921
25.719
1.921
1.921
2.193
1.921
2.022
1.921
7.905
1.921
1.991
1.921
1.921
1.921
1.921
11.207
18.173
1.921
1.921
1.921
1.921
1.921
2.083
1.921
1.921
1.921
1.921
2.134
1.921
1.921
1.921
2.016
3.214
2.905
1.921
2.119
10.919
1.921
7.563
1.999
1.921
8.002
1.921
24.956
1.921
1.921
2.020
1.994
1.921
1.921
1.921
24.977
1.921
1.921
6.224
1.921
1.920
1.920
1.920
1.920
1.920
1.920
1.972
1.923
1.920
1.920
1.920
1.920
1.956
1.920
1.983
1.920
1.920
2.896
1.920
1.920
12.683
1.949
1.920
1.920
1.920
1.920
1.920
13.524
16.938
1.921
1.920
4.543
1.920
1.923
1.920
1.920
1.920
1.920
1.920
26.151
1.920
1.920
1.920
1.920
1.972
1.942
10.328
1.922
1.918
1.991
23.111
1.918
1.930
1.918
1.918
8.381
1.955
2.154
1.918
1.918
1.918
1.918
1.918
2.058
1.918
1.955
1.918
1.920
1.918
2.106
1.989
10.604
2.108
1.918
1.918
1.918
1.918
1.918
1.918
1.918
7.249
1.918
1.918
4.474
1.937
1.918
1.918
1.918
1.918
1.918
1.918
1.918
1.935
1.919
1.918
21.770
1.918
1.918
1.918
1.918
1.918
1.918
10.270
1.918
1.918
1.966
1.918
1.918
2.108
1.918
3.509
1.918
1.918
1.918
25.370
1.960
25.197
1.918
1.918
1.918
1.949
1.918
11.095
26.240
7.343
1.918
26.336
2.580
1.918
1.918
1.918
2.005
1.918
1.918
1.918
1.918
4.540
18.585
2.159
1.918
1.918
1.918
1.966
1.918
1.918
1.918
1.918
1.918
1.918
4.320
1.947
1.979
1.918
1.918
2.224
1.918
1.918
1.918
1.916
1.916
1.916
1.916
2.016
1.916
1.916
1.888
1.887
1.887
1.887
1.887
1.923
25.620
1.887
1.930
1.882
2.068
1.882
1.952
3.015
1.882
1.882
1.882
2.003
1.882
1.882
1.882
24.460
1.882
1.882
1.904
1.882
1.882
1.882
1.883
1.882
2.000
1.882
1.882
1.882
1.882
1.915
1.882
1.882
16.084
1.882
1.882
1.882
1.905
1.882
1.882
1.882
1.882
1.894
1.880
1.892
1.880
1.898
1.998
1.880
1.880
1.880
1.880
1.880
11.154
1.972
1.880
3.241
2.123
1.880
1.880
1.880
1.880
1.883
25.339
1.880
2.325
1.883
2.091
6.466
24.958
1.880
1.880
1.889
25.189
1.880
1.932
1.880
1.880
1.880
1.880
1.880
1.880
1.880
2.014
1.880
1.883
3.090
1.880
1.880
2.115
24.983
1.880
1.880
1.880
1.888
1.880
1.880
1.880
1.880
1.880
2.032
1.880
1.880
1.880
21.049
1.880
1.929
2.012
1.880
1.880
1.880
1.880
2.625
14.781
1.880
1.880
1.880
1.880
15.330
14.466
1.880
1.900
1.880
1.880
1.900
1.880
1.880
18.944
1.943
1.880
1.880
1.914
1.880
2.019
1.880
2.314
1.880
1.889
7.025
1.880
1.944
1.880
1.880
1.900
1.880
1.880
1.890
1.880
1.880
18.505
1.880
1.939
1.935
1.988
1.880
1.880
1.880
1.880
1.880
25.301
3.975
1.880
1.880
1.880
1.880
1.845
1.845
7.204
2.781
3.683
1.845
1.845
1.861
1.970
1.845
24.970
2.132
1.845
14.094
1.845
1.905
1.845
1.888
3.392
2.144
1.845
1.845
22.214
1.845
3.687
1.845
6.482
1.845
26.841
1.845
1.938
1.845
1.845
1.845
1.845
1.845
1.845
1.845
1.845
1.867
1.845
1.845
15.562
26.731
1.845
1.845
1.845
1.845
1.845
1.845
1.845
25.843
1.845
1.845
1.845
1.845
1.857
1.845
1.845
1.849
1.845
1.845
1.845
1.845
1.845
1.845
1.845
13.562
1.845
1.845
1.845
1.845
19.324
1.845
1.845
15.536
1.845
27.624
1.845
1.845
1.845
7.991
10.768
1.845
1.845
1.845
1.845
1.845
1.845
1.845
1.845
1.855
2.009
1.845
1.845
1.847
1.845
1.845
1.845
1.846
1.847
1.845
1.845
1.845
1.859
1.845
24.991
1.845
1.843
2.038
1.843
2.653
1.843
1.843
13.236
1.849
1.843
1.843
2.069
1.843
1.843
1.843
1.843
4.375
1.843
1.843
1.858
1.849
1.843
1.847
1.859
1.843
2.086
1.843
1.843
1.843
1.843
1.843
12.831
1.843
1.907
1.843
1.843
2.015
1.843
1.843
1.843
1.843
1.843
1.843
1.843
1.919
1.843
1.988
1.843
1.843
1.843
1.843
10.856
1.843
1.843
1.865
1.843
19.261
11.346
1.843
1.905
1.843
2.087
2.760
1.843
1.843
1.843
1.923
1.843
1.843
1.883
1.843
1.843
1.843
1.843
1.843
1.843
1.940
1.843
1.843
1.843
8.197
1.843
1.974
1.949
1.843
2.052
7.382
3.133
1.843
1.843
1.843
1.843
1.843
8.088
1.843
1.843
1.842
1.842
25.841
1.842
1.842
1.842
7.757
1.842
1.842
1.847
3.353
1.939
2.199
1.842
2.558
1.842
1.842
1.842
1.842
1.842
1.842
1.842
1.842
1.842
1.963
2.012
1.842
1.842
1.842
1.859
1.842
6.728
1.842
1.940
1.842
1.842
27.708
2.158
1.842
1.842
1.842
3.916
1.842
1.842
1.842
1.913
1.851
1.842
2.258
1.842
27.550
1.842
1.895
2.750
25.327
1.890
1.870
1.829
2.139
1.998
2.118
1.829
28.983
1.829
1.910
1.853
1.829
1.829
1.829
1.829
1.829
1.904
16.558
18.902
3.527
1.829
1.829
1.829
1.829
1.862
1.975
4.983
1.829
1.829
1.833
2.427
1.829
4.353
1.857
1.829
2.108
1.906
1.829
1.829
4.276
2.031
1.829
1.829
2.234
1.829
1.829
1.829
1.829
2.094
1.829
2.108
1.829
2.002
2.078
1.949
1.829
1.829
1.829
1.829
1.841
1.829
1.829
1.829
1.829
1.829
1.829
1.829
13.107
1.828
1.828
1.828
1.828
1.828
1.920
1.828
1.963
1.828
1.828
6.164
1.828
5.187
2.006
1.828
1.828
1.828
1.828
1.828
1.828
22.924
1.828
1.828
1.828
1.828
1.828
1.828
1.828
1.828
1.828
2.724
2.057
1.828
1.828
1.928
1.828
1.828
1.828
1.828
2.003
1.854
1.828
1.828
1.828
24.252
1.828
1.828
1.828
1.828
1.828
1.828
1.828
1.828
1.828
1.826
1.826
1.826
1.830
1.826
2.281
7.595
1.877
1.826
1.826
1.826
3.821
1.826
1.826
1.826
1.826
1.826
1.826
1.826
3.467
1.839
1.826
1.826
1.826
18.867
1.826
1.825
27.177
14.936
25.359
1.834
1.825
1.825
1.825
25.398
1.825
12.987
10.503
1.825
1.825
1.825
1.825
1.825
1.906
1.848
1.825
25.475
1.825
1.825
1.825
1.825
1.825
1.825
1.849
1.825
1.825
2.377
1.825
1.825
1.825
8.337
1.842
2.818
1.857
1.825
1.825
1.928
1.825
1.825
1.825
16.235
1.825
1.825
8.125
1.825
1.825
1.922
4.271
1.825
1.825
1.825
1.953
1.945
1.825
1.904
1.874
1.825
1.834
1.911
1.825
3.217
18.164
1.825
1.825
1.825
1.825
1.825
1.825
28.369
1.825
1.825
1.825
1.825
1.825
1.825
2.723
1.828
1.825
20.290
1.825
1.825
1.825
1.825
1.825
1.825
1.825
5.583
1.825
1.825
1.825
1.825
1.825
29.140
1.825
1.825
1.830
1.825
6.912
1.825
1.825
1.825
1.850
1.863
1.825
1.864
1.825
1.825
1.825
2.174
1.825
1.823
27.742
1.995
1.823
1.823
1.823
1.823
1.823
1.860
1.823
1.823
2.387
1.970
1.823
24.744
1.823
1.823
1.823
1.817
1.817
24.268
1.817
1.817
1.817
2.125
1.817
1.817
1.886
1.817
1.817
7.248
12.816
1.817
3.475
1.817
1.817
1.817
1.815
1.815
1.815
1.815
4.192
1.872
2.059
1.815
1.815
1.815
1.815
1.815
1.815
1.815
25.259
1.835
1.815
1.815
1.815
1.841
1.815
1.815
1.917
4.995
1.815
1.815
1.815
1.815
2.251
1.815
1.815
17.039
1.852
1.815
1.815
1.815
1.815
1.815
3.936
1.815
1.815
1.815
1.815
1.815
1.818
1.815
1.815
1.816
1.815
1.815
1.815
1.815
1.815
1.815
25.859
5.483
1.819
1.815
1.815
1.815
16.997
1.815
1.815
1.815
1.815
1.815
1.815
1.815
6.036
1.831
1.815
1.815
1.848
1.864
25.760
1.815
1.815
1.815
6.959
1.815
1.815
1.815
1.815
1.815
1.829
1.818
1.815
1.815
1.946
25.283
1.815
1.815
1.819
1.815
1.815
1.815
1.904
1.814
2.145
7.181
1.814
1.814
1.814
1.826
1.904
1.814
1.814
2.452
2.075
1.844
1.838
1.814
1.814
1.814
1.814
1.814
1.814
1.852
1.814
1.814
1.814
1.814
1.814
1.814
1.814
2.144
1.913
1.814
18.449
1.814
1.814
1.814
1.857
1.814
1.814
1.814
7.121
21.064
1.814
1.814
1.814
1.814
1.814
24.971
1.814
1.814
2.431
1.849
1.814
24.994
1.814
1.814
2.024
1.814
2.184
1.972
1.814
1.994
1.814
1.814
9.788
1.814
20.514
1.814
1.814
1.814
24.827
1.851
1.814
1.814
2.574
1.814
1.814
2.019
1.814
1.814
1.814
1.814
1.813
2.164
1.813
1.813
1.837
1.813
1.813
1.813
1.813
2.046
1.813
1.813
1.813
2.045
1.813
1.813
7.026
1.813
1.813
1.813
1.813
27.619
1.813
1.813
1.813
1.817
1.813
1.949
1.813
1.813
1.813
1.813
27.038
1.815
20.537
1.815
1.813
1.813
1.813
2.508
1.813
1.813
1.813
1.853
1.813
1.908
1.834
2.067
3.436
1.813
24.928
1.953
1.813
1.921
1.813
1.821
2.971
2.005
1.859
1.813
24.766
24.951
1.813
1.813
1.813
2.988
1.813
24.937
1.813
1.813
1.813
9.314
1.813
1.813
1.813
1.813
1.813
1.813
1.813
1.813
1.860
1.895
1.813
1.813
24.994
1.813
1.995
1.829
1.813
1.813
1.813
1.813
1.813
1.907
2.157
1.813
1.813
1.813
1.813
1.813
1.821
1.813
1.813
6.264
1.812
1.812
1.812
1.812
1.812
1.812
1.812
1.812
1.978
2.030
1.812
1.812
2.058
1.812
1.896
25.169
1.812
1.812
1.841
1.812
1.853
1.812
1.812
6.473
2.907
1.814
7.809
1.812
1.812
1.812
1.812
1.822
1.812
1.812
2.088
1.812
1.964
1.813
1.812
8.830
1.812
1.812
1.812
1.812
1.812
1.841
2.617
1.812
1.812
7.266
1.812
16.146
13.594
1.823
1.812
1.982
1.812
1.877
1.812
1.812
1.812
1.812
1.840
1.862
1.812
1.812
1.811
24.994
1.826
1.850
10.733
10.901
1.811
1.811
1.970
7.020
1.811
1.970
1.811
1.811
1.811
1.813
1.811
1.811
1.811
6.193
1.898
1.841
9.508
1.811
1.811
1.811
1.811
1.811
1.872
1.811
1.840
1.850
1.911
5.873
1.811
1.811
1.811
1.811
1.811
1.811
1.811
24.994
2.498
1.880
1.811
1.830
1.811
1.841
1.811
18.075
1.811
1.811
10.141
1.811
1.811
1.811
2.376
1.812
1.811
1.811
2.054
1.816
1.811
1.811
1.811
1.811
9.595
1.811
1.811
1.811
1.811
1.786
1.786
1.786
1.786
1.786
1.786
1.786
23.254
1.786
1.786
1.788
1.786
2.787
1.942
1.813
6.719
19.540
1.786
18.587
1.786
1.786
1.786
20.516
1.786
1.786
1.786
1.836
7.654
2.026
24.995
1.786
26.953
1.786
1.786
18.486
2.017
1.786
1.786
2.843
1.786
1.807
3.129
1.788
1.786
1.786
1.786
20.782
1.786
1.786
1.853
1.825
1.786
1.786
1.786
1.798
1.786
1.786
1.786
1.786
1.827
2.494
1.786
1.802
1.786
1.786
1.786
1.786
2.113
1.786
1.786
2.648
1.786
1.786
1.786
1.786
1.786
1.859
1.811
1.786
1.812
1.786
1.786
1.786
1.786
1.786
1.786
2.488
1.829
1.806
25.020
1.786
1.786
1.786
1.786
11.291
1.797
2.592
1.786
1.786
1.786
1.786
1.786
2.019
1.786
1.786
1.786
1.786
1.786
1.777
6.749
2.138
1.777
1.777
22.529
1.777
1.777
1.777
24.998
2.262
1.777
1.777
1.777
6.507
1.777
5.558
1.777
1.778
1.777
1.777
1.922
2.074
1.777
2.005
16.493
2.444
1.777
25.939
1.777
25.692
1.777
1.781
10.522
1.814
1.964
1.777
1.777
1.835
2.061
6.349
19.150
9.177
1.777
1.777
2.108
29.263
1.777
1.777
1.777
1.777
1.777
1.777
1.777
1.777
1.777
1.845
10.636
10.242
1.777
14.233
1.777
8.948
1.768
1.768
7.092
1.768
1.768
1.768
15.001
5.559
1.768
1.768
1.768
1.770
1.768
1.768
10.619
2.000
1.768
1.768
1.768
12.976
4.050
1.768
10.187
1.768
1.768
5.417
16.172
1.835
1.768
1.768
1.768
1.768
1.768
1.829
1.768
1.768
2.050
6.571
1.768
1.768
1.768
1.768
1.768
1.768
1.924
1.916
1.768
2.027
2.119
1.768
1.768
1.768
1.768
1.768
1.768
1.786
1.768
1.768
1.766
16.740
1.766
1.766
1.766
4.871
1.766
31.636
1.778
1.766
1.766
1.803
1.766
1.766
1.889
1.766
1.766
1.983
1.766
1.766
1.766
1.776
2.047
1.768
1.766
1.766
1.766
29.850
1.768
1.766
1.766
1.840
1.766
1.766
1.766
1.766
1.866
1.766
26.364
1.766
26.754
8.872
1.795
1.766
1.766
3.177
1.766
1.766
26.249
4.533
2.464
1.768
1.766
1.766
24.916
2.026
1.766
1.870
2.425
1.766
1.766
1.766
1.766
1.825
1.766
1.766
1.766
26.627
1.954
1.766
1.766
1.766
2.358
1.798
6.088
1.763
6.226
1.763
1.763
1.768
1.763
1.763
1.763
25.707
17.625
1.763
1.763
1.763
1.763
1.770
18.702
1.763
4.810
1.763
2.176
1.763
1.763
1.763
1.758
1.915
20.282
1.758
1.758
1.758
1.758
1.759
1.758
1.758
1.758
1.758
17.543
24.311
1.923
2.592
1.758
2.386
1.758
1.758
1.758
1.758
1.769
1.762
1.795
15.653
1.758
1.758
1.758
1.763
1.758
1.827
1.758
1.758
1.758
1.877
2.158
1.758
3.618
1.758
1.758
1.758
1.759
1.758
1.758
1.949
1.758
1.758
1.822
1.758
1.758
1.758
1.770
1.796
1.758
1.758
1.758
1.773
1.869
1.803
1.862
1.758
1.758
27.362
24.920
1.758
1.755
1.755
1.755
1.755
5.735
1.859
1.784
1.770
2.243
1.755
1.869
1.763
1.755
1.755
24.891
1.755
1.756
1.784
1.852
9.736
1.755
1.755
8.963
1.755
3.224
1.900
1.922
1.757
1.755
1.755
1.857
1.755
8.735
1.755
1.755
28.199
1.755
1.755
1.755
1.755
1.755
7.534
1.755
1.759
1.755
1.755
1.755
1.753
1.753
2.381
25.158
1.753
1.753
1.753
1.753
1.753
25.746
1.753
1.874
1.753
1.753
1.843
1.754
1.753
1.753
1.786
1.753
6.207
1.753
1.753
1.753
1.765
1.753
1.749
1.749
1.749
1.749
1.749
1.749
1.749
1.749
24.898
14.992
2.012
3.928
1.749
1.749
1.749
1.749
1.749
1.749
1.769
1.749
1.749
5.272
1.749
1.749
1.958
1.873
1.749
6.671
3.395
1.749
1.772
1.749
1.749
1.749
1.749
1.872
1.749
1.805
1.828
1.749
1.883
25.337
1.749
28.332
1.749
1.749
1.749
1.749
1.878
1.749
1.758
1.858
31.331
1.749
1.749
1.762
1.749
2.031
1.926
1.749
1.750
1.749
1.749
1.749
1.749
1.749
1.768
1.749
1.749
3.225
1.749
1.808
1.749
25.056
1.749
1.749
1.749
1.749
24.998
1.749
1.749
1.760
1.749
3.025
1.749
1.749
1.798
1.749
30.443
1.749
4.126
1.749
1.748
1.748
13.171
17.113
1.748
1.748
12.141
1.742
1.742
1.826
1.742
12.327
1.742
1.774
1.741
2.374
1.891
1.741
1.741
1.741
1.743
1.741
1.741
1.741
1.741
1.741
1.741
1.937
1.741
1.784
1.806
1.927
1.784
2.012
1.741
1.741
1.741
1.943
1.741
2.076
1.748
1.741
1.741
1.741
1.741
2.463
1.752
1.786
1.741
1.741
1.741
1.741
1.741
24.999
5.893
1.741
1.741
1.741
1.741
1.766
1.741
1.741
9.502
1.754
1.823
2.397
1.741
1.741
1.741
1.741
1.733
1.733
30.466
1.733
1.733
1.733
1.733
1.733
2.407
1.733
1.733
1.786
1.733
17.567
1.982
1.735
1.733
7.110
1.733
1.733
1.733
24.940
1.733
1.733
1.733
1.733
1.898
1.733
1.733
1.733
11.189
1.733
1.733
1.733
1.733
1.733
1.733
1.733
1.755
1.733
23.982
1.733
1.733
9.757
1.733
1.733
1.733
3.141
1.744
1.733
1.733
8.643
1.733
1.733
1.733
1.789
1.741
1.733
1.733
1.881
1.733
1.733
1.733
1.733
1.810
1.733
1.811
1.733
1.733
2.055
1.733
1.733
1.733
3.966
4.727
1.733
1.889
1.733
1.733
1.879
1.923
1.733
1.957
1.935
1.733
1.733
1.815
1.733
1.799
1.744
4.661
1.733
1.739
1.731
1.879
1.731
1.736
13.832
1.731
1.731
1.731
2.373
1.731
1.731
1.731
1.731
1.731
1.731
1.731
1.844
1.731
1.731
1.731
1.731
1.731
1.731
1.731
1.874
1.731
1.731
1.731
1.876
1.731
1.731
1.731
1.775
30.151
25.052
1.991
1.731
1.852
5.171
1.731
1.731
1.731
1.731
2.154
1.731
1.908
1.731
1.727
1.727
1.727
1.727
1.727
3.170
24.881
1.727
1.727
1.727
11.943
1.727
1.723
1.723
1.723
1.723
1.723
1.737
1.723
1.723
1.740
3.610
1.723
1.723
1.725
1.723
1.934
1.723
1.723
1.723
1.723
1.723
1.775
1.723
3.362
1.723
1.723
1.723
1.723
1.723
1.901
1.723
1.723
29.539
1.723
1.723
1.723
1.814
12.337
1.723
1.723
1.894
1.723
1.793
5.028
1.723
1.723
1.723
1.746
24.510
1.723
5.355
1.723
1.740
1.723
1.723
1.723
1.850
1.723
9.030
5.316
1.723
1.723
2.614
1.723
1.723
1.723
1.817
1.800
24.998
2.275
1.723
3.844
1.723
1.723
1.723
1.723
1.729
1.723
2.531
12.803
1.723
1.723
1.723
1.723
1.754
1.723
1.723
2.323
1.723
1.723
7.649
24.983
1.723
1.723
1.716
1.716
1.716
24.990
1.716
1.716
1.716
1.716
1.716
15.817
1.716
7.062
1.716
1.716
15.383
1.716
15.111
1.716
1.716
24.893
14.712
1.716
1.745
1.921
1.716
1.907
1.716
1.716
1.716
1.733
1.716
1.716
1.723
1.716
24.967
1.817
1.716
1.716
1.716
1.716
1.716
1.807
19.675
1.716
15.398
26.594
1.716
1.921
1.716
1.716
1.827
1.735
9.054
15.300
1.716
1.716
1.716
1.716
2.178
1.716
11.234
1.716
1.716
1.846
1.716
1.716
1.716
1.718
1.716
1.716
1.716
2.536
1.716
1.716
1.716
1.716
1.871
1.759
5.248
1.726
1.716
1.716
1.716
3.221
1.716
1.716
1.717
1.716
1.716
25.926
1.716
1.716
5.374
2.543
1.775
1.716
1.716
1.716
1.722
23.052
25.022
1.750
1.716
1.799
1.716
1.716
1.716
1.716
1.716
1.716
1.726
1.716
1.716
1.716
1.727
1.764
1.716
1.716
1.716
4.394
1.716
1.735
1.716
1.712
1.712
13.414
1.763
1.712
1.721
1.766
1.712
1.712
1.712
1.712
1.712
1.766
1.766
1.712
1.723
1.712
1.712
29.635
1.712
1.769
1.741
1.712
24.955
1.712
1.712
1.715
1.712
1.712
1.712
1.707
24.998
1.707
1.707
1.707
1.724
1.707
1.707
1.707
1.771
1.707
1.707
1.707
1.707
1.707
1.719
1.707
1.707
1.707
1.734
1.707
1.783
5.340
1.707
1.707
1.707
1.707
1.715
1.707
1.707
1.707
1.707
1.706
1.706
1.706
1.706
1.706
1.706
1.731
24.883
1.706
1.724
1.714
1.706
1.706
1.703
1.703
1.703
1.703
1.703
1.714
1.759
1.703
4.892
1.703
1.703
1.697
1.697
1.893
1.697
1.697
1.697
1.697
15.882
24.591
1.705
2.094
1.697
13.400
1.698
1.697
2.139
1.697
1.697
1.697
1.697
11.334
1.705
2.303
1.697
1.697
1.697
1.750
1.697
1.697
1.697
15.508
1.697
1.703
1.710
1.810
1.697
1.697
1.697
6.074
1.725
1.707
1.733
1.697
1.697
1.843
24.463
1.697
19.085
1.697
1.697
1.697
1.697
1.697
1.717
1.697
1.697
1.697
1.709
1.697
1.998
1.717
1.697
16.259
1.765
1.697
1.692
1.692
5.702
1.692
1.765
1.692
1.716
1.692
1.692
1.692
1.724
1.692
1.692
4.399
25.031
1.692
1.692
1.692
1.692
1.692
1.692
1.692
1.692
1.692
1.724
1.692
1.692
1.692
1.692
1.692
4.570
1.690
1.690
29.283
1.690
1.690
1.690
1.756
1.756
5.060
1.690
1.719
1.690
1.706
1.690
1.869
1.696
1.692
1.690
1.690
2.685
17.927
1.711
2.944
1.688
1.697
1.688
1.688
1.768
1.688
1.689
1.688
2.060
25.560
1.688
1.688
1.688
1.688
1.953
1.779
21.175
1.696
1.688
1.688
1.688
1.703
1.687
1.687
1.687
4.810
1.687
1.687
1.781
2.246
1.687
1.687
1.687
2.574
1.681
1.681
1.681
1.681
1.681
1.681
1.782
1.681
1.681
1.688
1.681
1.681
18.722
1.681
1.693
1.681
20.556
1.681
1.681
1.681
1.681
1.681
14.981
1.681
1.852
1.681
15.452
1.681
1.692
4.876
31.472
1.897
1.681
1.681
1.681
1.681
1.681
1.683
1.681
24.891
1.681
1.681
1.681
1.681
1.681
1.681
1.681
1.681
1.681
1.681
1.681
1.681
1.678
2.778
1.678
1.722
1.678
1.678
1.678
1.678
4.423
1.678
1.678
1.678
1.678
1.678
1.678
1.678
1.678
1.678
1.678
1.871
1.678
1.678
1.687
1.678
1.882
2.639
1.678
1.678
26.744
1.678
18.531
1.678
1.682
1.678
1.678
1.678
1.678
1.678
3.022
1.678
1.678
13.637
14.876
1.678
1.778
1.678
1.678
1.678
1.678
1.678
1.678
1.678
1.678
1.678
1.727
1.678
1.678
1.678
1.678
15.158
1.678
1.697
1.678
1.678
1.678
1.684
1.678
1.678
1.678
1.678
1.678
1.678
1.678
1.678
1.678
3.258
1.678
1.678
2.285
1.678
1.678
1.717
1.822
1.693
24.949
2.235
1.692
1.678
1.678
1.678
1.678
1.678
1.704
1.678
1.767
1.681
1.678
1.799
3.230
1.678
1.678
1.678
1.678
1.678
1.689
1.903
1.678
1.678
1.678
1.745
1.678
1.678
1.678
1.678
1.715
1.678
1.678
1.795
1.678
1.678
1.678
1.697
1.678
31.179
3.038
1.678
1.678
1.678
1.678
1.678
1.678
1.678
4.297
1.678
12.695
10.866
1.678
2.023
1.677
1.696
1.677
1.730
1.677
1.682
1.677
1.677
1.703
1.677
4.056
2.159
4.585
1.677
1.677
1.709
1.846
1.677
1.677
1.673
1.673
15.246
1.696
1.673
1.673
1.673
1.670
19.324
1.708
1.670
1.670
1.850
1.670
1.669
1.665
1.665
1.665
1.665
2.131
1.753
1.665
1.665
1.665
25.514
1.665
1.665
1.779
1.665
1.665
1.666
1.665
1.665
27.265
3.877
1.811
1.821
1.706
1.665
1.665
1.665
1.665
1.665
13.338
1.665
1.665
1.665
28.521
1.850
1.665
3.150
1.675
1.665
1.667
1.665
18.952
1.665
1.665
1.665
1.665
1.665
27.814
1.665
1.664
27.149
1.806
1.664
25.019
1.666
1.664
1.664
1.664
6.510
8.745
1.664
1.664
1.664
5.441
1.664
1.664
1.664
1.664
1.664
1.664
1.664
1.664
1.664
24.996
1.692
1.664
1.664
1.664
1.935
1.664
1.664
1.664
1.945
1.664
1.664
1.664
1.664
25.362
1.664
1.664
1.664
1.664
1.664
1.664
1.664
1.664
1.696
1.664
1.664
1.664
1.761
1.664
1.664
2.030
1.664
1.664
1.664
1.679
1.664
1.664
1.664
1.803
1.781
1.664
1.676
1.673
1.664
1.705
1.664
1.664
1.664
1.664
1.664
1.669
24.887
1.664
1.664
1.664
1.664
1.664
1.664
1.664
1.664
1.664
1.664
4.236
6.545
1.664
1.664
1.664
1.664
1.664
1.664
1.664
1.664
24.999
1.664
1.664
1.664
1.664
1.664
4.502
2.129
1.846
1.664
1.664
1.664
1.664
1.815
1.664
1.664
1.815
1.784
1.664
1.664
14.688
1.664
1.684
1.664
1.664
1.664
1.664
24.996
6.155
1.690
1.692
1.664
1.664
1.664
1.664
1.664
1.664
1.668
1.664
1.664
1.664
1.664
1.664
1.664
1.664
1.664
1.664
1.722
1.664
1.664
1.664
26.545
22.289
1.664
1.664
1.664
1.664
1.664
1.725
1.664
1.678
1.664
1.664
1.664
1.664
1.664
1.664
5.003
1.713
4.984
1.664
1.664
1.664
1.701
1.684
2.543
13.045
5.596
24.999
1.664
4.949
1.667
1.664
9.633
1.664
1.670
1.664
1.664
1.664
4.794
1.664
1.664
1.664
1.664
1.797
1.664
1.664
6.059
1.664
1.664
1.664
1.664
1.880
1.664
1.664
1.664
1.664
1.664
1.664
1.773
20.771
1.664
1.664
1.664
1.664
1.664
1.664
1.664
1.664
1.666
3.289
1.664
1.664
1.738
1.664
1.664
1.664
1.664
1.664
1.715
1.664
1.664
24.999
1.664
1.870
1.672
1.664
1.817
1.664
3.227
1.664
1.664
1.664
1.664
1.664
1.718
1.664
1.664
1.676
1.664
1.664
1.664
25.939
1.664
1.664
1.664
1.664
1.664
3.800
1.664
19.924
1.664
1.664
1.664
1.664
1.664
1.664
1.773
1.664
1.664
1.664
1.664
1.664
24.612
1.664
1.664
1.664
1.667
1.664
1.645
1.675
1.645
24.999
1.645
1.645
1.645
1.645
1.645
1.645
1.645
5.367
1.645
1.645
1.645
1.645
5.324
1.645
1.645
1.645
1.645
1.645
1.672
2.981
1.645
1.645
1.645
1.645
1.646
1.645
1.645
1.645
1.694
1.776
1.645
1.656
1.645
1.645
13.548
1.645
7.599
2.428
1.645
1.645
1.647
1.645
1.645
1.645
1.645
1.646
1.645
1.645
1.645
1.645
1.645
1.668
1.645
1.645
1.645
1.643
1.643
1.643
24.636
1.643
1.749
9.626
1.643
1.643
1.643
1.643
1.643
1.643
1.643
9.010
16.689
26.919
1.714
1.643
1.643
1.643
1.643
1.643
17.008
1.643
7.250
1.643
1.643
1.942
1.641
1.811
1.641
1.641
2.207
1.648
23.671
1.641
1.641
2.239
1.641
1.641
24.948
3.071
1.641
1.641
24.999
1.641
6.999
1.641
1.679
1.628
1.628
1.628
1.628
1.628
16.791
1.628
1.628
1.628
1.628
2.151
1.628
1.651
1.628
1.628
1.628
1.628
26.059
1.628
26.612
1.628
1.706
7.481
1.628
3.462
3.798
1.732
1.628
1.628
1.628
1.628
26.865
1.628
1.628
2.094
1.628
1.628
1.628
1.628
1.628
1.628
4.964
1.628
1.628
1.627
1.627
1.627
1.627
1.627
1.627
3.953
16.337
25.000
1.625
1.625
9.980
1.760
1.625
1.625
1.625
1.625
1.624
1.624
1.624
1.624
1.624
1.624
1.649
14.739
1.624
1.744
1.624
25.000
5.118
1.624
1.624
1.807
1.624
1.624
1.624
1.624
1.624
1.667
1.624
1.624
1.635
1.624
1.624
1.624
1.624
1.624
1.624
1.624
1.668
1.624
1.624
1.624
1.651
1.624
1.624
1.624
1.624
1.624
24.286
26.966
1.624
32.316
3.167
1.624
1.624
1.624
1.640
1.968
2.084
1.624
1.774
4.919
1.624
1.624
1.624
1.634
1.624
1.624
1.624
1.643
1.624
1.624
1.709
1.931
24.941
1.624
1.624
18.517
1.624
4.807
1.624
1.645
1.624
4.387
1.624
1.624
1.624
1.624
1.632
1.624
1.624
8.897
1.624
1.624
1.624
1.624
16.428
1.624
1.624
1.808
1.624
1.624
1.624
1.624
9.248
1.624
1.859
1.624
1.624
30.882
1.624
1.624
1.624
3.443
1.624
1.624
1.624
1.624
1.624
1.624
1.624
1.624
1.624
1.624
1.620
1.620
1.628
1.620
1.620
1.620
3.791
1.620
1.620
1.620
1.620
1.620
1.620
1.748
1.622
1.620
33.121
25.147
1.724
1.620
1.620
1.620
1.620
35.694
1.673
1.620
9.158
1.617
1.617
26.363
1.617
1.617
1.617
1.617
1.617
1.618
1.617
1.692
1.617
1.617
1.617
1.617
1.773
1.617
1.931
1.617
1.617
1.617
1.617
1.617
1.816
1.682
1.617
1.617
1.617
1.617
1.617
1.617
1.716
1.617
1.644
1.617
2.822
1.617
1.617
15.688
1.617
1.617
1.617
1.617
1.617
1.637
1.617
1.617
1.617
1.617
1.617
1.617
16.031
1.617
1.617
1.615
1.615
1.615
24.872
1.615
1.615
1.615
1.612
1.612
1.612
1.612
1.618
1.612
1.612
1.619
27.491
2.055
9.331
1.612
1.616
18.099
1.612
1.612
1.612
1.612
1.651
1.612
1.612
1.612
1.612
4.910
1.612
1.612
1.612
1.612
1.612
1.614
1.643
1.612
2.576
1.612
1.612
1.612
1.613
1.612
1.612
3.868
1.605
1.605
1.605
1.605
1.605
25.095
1.740
1.605
1.604
1.604
1.604
1.604
3.958
1.729
1.604
1.604
1.604
4.019
14.584
1.604
1.603
1.603
1.603
1.603
1.603
1.602
1.602
1.605
1.599
1.599
1.599
1.599
2.370
1.599
1.599
1.599
1.599
1.599
1.594
1.594
1.594
1.606
1.578
1.578
1.578
1.578
1.924
1.578
1.676
1.578
5.612
1.578
1.578
1.578
1.633
1.578
1.578
12.422
1.578
1.578
1.578
1.578
1.578
1.588
1.578
1.578
1.578
1.578
1.578
30.565
1.578
1.578
1.578
1.578
1.578
1.578
1.578
1.578
1.578
1.578
1.578
25.069
1.578
1.578
1.578
1.578
1.578
1.582
1.650
1.742
3.183
25.746
1.578
1.578
1.578
1.578
1.578
1.578
1.578
1.743
1.578
22.251
1.583
1.578
7.704
1.624
1.578
1.578
1.578
1.598
10.975
28.424
16.498
1.578
1.578
11.347
1.578
1.578
1.578
3.580
1.578
1.597
1.578
1.578
1.632
1.578
1.578
1.623
1.578
2.298
1.578
1.578
34.520
1.580
1.578
1.618
1.578
1.578
1.578
1.578
33.964
1.606
1.578
1.783
1.578
1.578
1.578
1.578
1.578
1.660
1.578
2.316
1.578
1.578
1.578
1.578
1.897
1.578
1.578
1.578
1.578
1.629
1.578
1.578
1.578
1.583
1.578
1.578
1.578
1.578
1.578
1.578
1.578
1.578
1.578
1.578
1.578
1.578
1.619
1.578
1.578
1.578
1.578
1.578
1.578
1.578
1.578
1.644
2.002
2.276
25.710
1.578
1.578
1.614
1.578
1.578
1.773
1.670
8.264
1.615
1.578
1.578
1.578
1.584
2.905
1.578
1.578
1.578
1.578
1.578
1.578
1.627
1.574
1.585
1.574
4.590
4.840
1.574
1.574
1.585
1.574
1.574
25.073
1.574
1.574
3.762
1.574
1.634
1.574
1.574
1.574
1.574
1.574
1.574
1.582
1.574
28.854
1.574
3.513
1.574
1.574
1.574
1.582
1.574
1.574
1.574
1.635
26.116
1.574

Results for SA
Target: Iris-versicolor: 
Correctly classified 145.0 instances.
Incorrectly classified 5.0 instances.
Percent correctly classified: 96.667%
Training time: 33.162 seconds
Testing time: 0.004 seconds

