-i 10000 -algo sa -alpha .05 
Iterations: 10000
Cooling alpha: 0.05

Error results for SA
Target: Iris-versicolor
---------------------------
16.121
16.121
16.259
16.251
16.251
15.525
15.913
15.977
15.681
15.682
16.094
16.238
16.094
16.098
15.793
16.099
16.738
15.872
15.760
15.760
15.760
15.969
15.760
17.188
15.759
15.757
15.764
15.757
15.757
15.628
16.117
15.628
15.648
15.628
15.976
15.628
16.147
15.628
15.489
15.489
15.434
15.434
15.435
15.421
15.421
15.421
16.673
15.373
15.406
16.191
15.341
15.578
15.320
15.423
14.709
14.709
14.709
14.732
14.709
14.746
14.841
14.709
14.711
14.713
14.530
14.532
14.530
14.527
14.527
14.527
17.397
14.542
14.528
14.527
14.477
14.469
14.416
14.460
14.416
14.425
14.416
14.417
14.416
14.412
14.416
14.412
14.412
14.379
14.362
14.362
14.365
14.298
14.298
14.298
14.189
14.189
14.189
14.218
14.233
14.189
14.239
14.696
14.188
14.446
14.125
14.288
14.169
14.174
14.125
14.152
14.122
14.122
14.309
14.121
14.121
14.306
14.121
14.121
14.121
14.121
14.121
14.121
14.123
14.121
14.118
14.122
14.118
14.337
14.234
14.117
14.117
14.119
15.042
14.118
14.508
15.600
14.251
14.122
14.041
14.041
14.041
14.041
15.011
14.041
14.049
14.041
14.041
14.057
14.046
14.052
14.149
14.176
14.041
15.297
14.041
15.085
14.036
14.036
14.036
13.982
14.194
14.435
13.985
13.982
13.982
14.067
13.983
14.147
13.999
14.086
13.982
18.728
13.982
13.982
13.982
14.350
13.982
13.863
13.863
13.916
13.860
13.860
13.879
13.860
14.016
13.860
13.859
13.855
13.843
13.843
14.427
13.843
13.843
13.843
13.843
13.878
13.826
13.833
13.870
13.826
14.568
13.891
13.844
13.826
13.847
13.817
14.874
13.856
14.385
13.817
13.817
13.817
13.817
13.817
13.817
13.786
14.262
13.786
13.820
13.786
13.807
13.786
13.757
13.757
13.680
13.680
13.680
13.680
13.680
13.784
13.680
16.082
13.680
13.680
13.569
13.641
13.568
13.568
13.386
13.386
13.386
13.386
13.385
13.329
13.760
13.325
13.325
13.325
13.320
13.320
13.320
13.316
13.316
13.431
13.322
13.366
13.314
13.579
13.315
13.418
13.501
13.366
13.314
13.329
13.329
13.558
13.331
13.314
16.063
13.314
13.314
13.186
13.200
14.028
13.186
13.186
13.186
13.186
13.186
13.186
13.643
13.436
13.186
15.819
13.168
13.168
13.168
13.168
13.167
13.167
13.727
13.400
13.196
13.149
13.149
13.148
13.148
13.165
13.156
13.414
13.158
13.126
16.025
13.127
13.254
13.126
13.126
13.526
13.282
13.120
13.287
13.120
13.939
13.289
13.120
13.133
13.411
13.120
13.082
13.085
13.082
13.247
13.082
13.114
13.073
13.096
13.123
13.074
13.574
13.073
13.074
13.390
13.073
13.073
13.073
13.081
13.804
13.092
13.069
13.052
13.052
13.075
13.015
13.015
13.015
12.868
13.427
12.876
12.868
13.245
13.026
13.035
12.868
12.838
12.878
12.884
13.430
13.435
12.842
12.874
12.910
12.852
12.997
12.838
13.085
12.861
12.838
12.844
12.838
12.838
12.838
12.838
12.835
16.188
12.835
12.840
12.832
12.844
12.838
14.126
12.832
12.832
12.836
12.824
12.824
12.838
13.097
12.826
13.151
12.824
12.824
12.824
12.901
12.830
12.824
12.836
13.101
12.824
12.824
12.867
12.881
12.940
12.823
12.823
12.148
12.148
12.248
12.148
12.142
12.142
12.156
12.142
12.494
12.148
12.145
12.491
12.142
12.142
12.142
12.327
12.150
12.765
12.130
12.177
12.157
12.134
12.130
13.156
12.208
12.143
12.144
12.182
12.130
12.575
12.130
12.123
12.123
12.123
12.111
12.110
12.102
12.103
15.592
12.102
12.102
11.984
12.014
11.984
11.979
12.063
11.978
11.981
11.978
12.007
13.534
11.976
12.462
12.875
12.492
11.984
11.965
11.965
11.965
11.965
11.910
11.909
12.029
11.909
11.909
11.928
12.163
11.909
11.242
11.242
11.242
11.242
11.288
11.383
11.322
11.242
11.240
11.216
11.216
11.771
11.215
11.220
12.688
11.215
11.215
11.049
11.475
11.049
11.049
11.054
11.261
11.049
11.049
11.049
11.049
11.049
11.049
11.750
11.049
11.049
11.048
11.373
11.570
11.048
11.176
11.048
11.048
11.325
11.753
11.779
11.064
11.048
11.048
14.927
11.115
11.048
13.453
11.741
11.060
10.916
11.340
11.872
11.436
10.903
11.068
10.943
12.008
10.903
10.903
10.845
11.599
10.842
10.644
10.665
10.492
10.442
10.442
11.173
11.544
10.438
10.793
10.655
10.438
11.081
10.389
11.202
10.389
10.389
11.726
10.389
10.364
10.364
10.331
10.331
10.318
10.302
10.492
10.285
11.460
10.285
10.293
10.285
10.236
10.252
10.236
10.236
10.236
13.650
10.816
10.236
11.075
11.684
10.423
10.236
10.236
10.995
10.236
10.237
10.304
10.509
10.023
10.060
10.159
12.418
10.023
10.408
10.219
10.023
10.240
10.166
10.046
10.023
10.011
10.002
9.988
10.429
9.988
10.056
10.066
9.988
9.988
10.022
9.995
9.978
9.978
9.978
10.152
10.563
9.999
9.988
10.743
9.978
10.057
9.978
11.836
10.593
10.192
12.371
11.169
16.533
9.978
11.337
13.135
10.539
10.329
9.980
10.778
9.978
9.978
10.025
12.043
10.019
9.978
9.978
9.883
10.195
9.909
10.213
9.905
9.883
9.883
10.058
11.974
10.641
9.901
9.820
9.821
9.985
10.973
8.801
8.927
8.872
8.809
8.802
8.801
9.384
8.810
8.801
9.468
8.801
8.851
9.293
8.931
8.690
8.690
8.617
8.725
8.617
8.617
8.617
8.636
10.670
9.017
8.617
9.606
8.617
9.170
8.619
8.617
8.622
9.034
11.844
9.742
8.719
8.616
9.013
9.264
8.568
9.129
8.585
8.523
8.523
8.525
8.523
8.495
8.604
13.102
14.467
8.616
8.988
8.495
8.531
10.300
8.923
8.513
8.482
8.482
8.482
8.629
8.482
8.414
8.414
8.414
8.414
8.671
8.414
8.635
8.412
11.482
9.170
9.118
8.412
8.823
8.412
8.412
8.415
13.665
8.437
9.592
8.412
8.617
7.980
7.955
8.564
8.012
10.549
8.061
7.997
7.955
7.955
9.071
7.950
7.957
7.879
8.119
13.783
7.899
8.865
7.879
12.582
7.852
8.839
7.852
7.852
7.969
7.852
7.814
7.824
7.814
8.186
15.744
7.832
8.098
10.546
7.814
7.827
7.963
7.814
7.814
8.438
7.814
7.940
7.814
8.223
7.814
8.376
7.814
8.351
7.860
8.175
7.815
7.808
7.872
7.809
7.808
7.832
8.085
7.801
8.793
7.809
7.801
7.801
7.830
7.838
7.956
7.801
7.853
7.801
7.801
7.812
7.767
7.767
7.766
7.962
7.768
7.770
7.864
7.766
7.865
7.766
7.688
7.668
11.161
8.260
7.668
7.668
7.745
8.659
7.667
7.669
7.938
7.622
7.637
7.808
7.611
7.612
15.647
8.484
7.619
7.612
7.662
7.744
7.844
7.971
7.632
7.613
7.908
7.602
7.684
14.592
8.799
7.633
7.602
7.826
19.249
7.617
7.604
7.602
7.627
7.602
7.602
7.571
8.535
7.571
7.664
7.521
7.565
7.522
7.964
7.754
7.575
9.693
7.570
7.521
7.562
7.811
8.405
7.521
7.521
7.622
7.516
7.717
10.061
7.516
7.517
7.482
8.557
7.601
7.482
11.380
10.594
8.795
7.482
7.482
7.490
7.445
7.951
7.575
7.989
7.445
7.535
7.445
7.501
7.445
7.445
7.503
13.035
7.434
8.467
7.353
7.353
7.459
7.386
7.455
10.348
7.293
7.293
7.727
10.391
7.291
7.291
8.422
7.290
7.607
7.290
7.397
7.395
7.349
7.291
7.379
7.290
7.290
7.316
7.281
7.270
7.270
7.702
7.358
7.556
7.273
7.864
7.657
14.893
7.335
7.370
7.645
8.106
7.306
7.256
7.256
7.235
7.235
7.378
7.369
7.870
7.313
7.226
7.226
7.235
7.385
7.369
7.226
7.730
7.226
7.230
7.191
7.191
7.325
7.201
8.085
7.092
7.092
7.895
7.195
7.490
7.146
7.092
7.092
7.428
7.085
9.154
7.085
7.091
7.085
10.839
6.998
7.167
6.990
6.990
6.990
6.990
6.885
6.943
6.885
7.074
6.879
6.824
7.009
6.864
7.379
6.822
6.822
6.822
6.822
7.249
6.822
6.890
6.823
7.566
6.823
6.822
7.011
6.822
6.822
6.822
7.770
6.822
6.690
6.907
6.690
6.690
6.667
6.672
6.675
6.773
6.667
6.654
12.230
6.654
6.640
7.235
6.803
7.156
7.014
6.640
15.272
6.640
6.642
6.640
6.640
7.516
15.361
6.640
7.355
6.690
6.669
6.640
6.646
6.849
7.819
6.650
7.011
6.640
7.275
6.707
15.070
6.640
6.643
6.640
6.664
7.070
6.640
6.640
6.632
6.632
6.632
7.302
6.632
12.388
6.638
6.655
7.133
6.632
6.686
6.632
7.166
6.797
6.653
6.638
7.262
6.632
6.633
6.760
11.948
6.610
7.306
7.189
6.610
6.610
6.610
6.621
6.616
7.449
6.863
6.637
6.610
6.610
14.777
6.638
13.639
6.646
6.872
6.653
6.610
11.842
6.612
6.615
6.552
6.552
6.617
7.063
6.625
6.763
8.318
6.660
6.552
6.625
6.559
6.552
6.552
6.552
6.557
6.926
17.099
6.626
7.485
6.552
6.380
6.380
10.503
6.684
14.563
8.215
6.292
6.292
6.395
6.292
5.915
5.915
7.603
5.940
5.915
9.569
7.484
5.914
7.618
5.914
5.888
5.888
5.889
7.327
6.495
11.968
5.906
5.906
5.889
6.109
7.116
5.888
7.698
5.876
5.876
5.876
5.835
10.750
5.835
5.835
6.081
6.561
5.901
7.338
5.835
6.842
5.835
6.748
5.835
5.836
6.133
5.828
7.250
5.829
5.650
6.096
5.696
6.794
5.661
5.650
5.650
5.696
5.967
6.562
5.648
5.681
15.149
6.436
5.622
5.637
5.628
5.985
5.790
6.409
5.705
5.431
6.095
5.431
6.083
5.523
5.486
5.459
5.431
5.431
5.691
5.722
5.487
5.726
5.446
5.475
5.492
5.431
10.679
6.198
5.696
5.431
5.431
8.025
5.578
5.431
5.435
6.122
5.751
5.429
5.632
5.429
5.433
5.429
6.083
5.429
5.958
5.695
5.495
16.582
6.016
5.429
5.429
5.473
5.504
5.429
6.927
5.561
5.769
6.180
6.756
5.352
5.352
5.449
5.590
5.513
5.352
5.370
5.387
5.394
5.400
5.352
5.352
5.358
5.397
5.347
5.383
5.470
11.432
5.347
5.347
5.777
5.348
5.345
7.700
5.462
5.958
6.138
5.411
5.298
5.288
6.007
5.296
5.288
5.316
5.288
8.667
5.289
5.288
5.362
5.288
5.400
5.288
5.302
5.309
5.288
5.264
5.841
5.264
5.335
5.830
6.769
5.255
5.255
5.256
5.342
5.259
5.253
5.253
7.670
5.260
5.530
5.253
14.511
5.288
5.301
5.253
5.282
5.253
5.253
5.329
5.279
5.223
5.963
5.219
5.219
5.220
11.839
5.219
5.219
4.998
4.998
4.998
4.963
5.172
4.963
4.963
5.155
4.963
4.964
5.032
4.963
4.623
4.623
5.011
30.346
22.642
4.623
4.623
4.618
4.689
4.618
4.617
5.175
4.773
4.617
4.617
4.617
4.611
4.618
6.280
4.611
4.611
4.818
4.611
4.842
4.579
5.167
7.685
5.543
4.837
4.579
5.378
4.414
13.212
4.418
4.412
4.412
4.412
7.971
9.013
4.540
4.716
4.649
4.969
4.412
5.274
8.081
4.430
4.468
4.414
4.409
5.948
4.571
5.061
5.221
4.447
5.955
11.713
4.468
4.447
4.430
4.414
9.732
4.471
4.409
4.578
4.410
4.404
4.404
4.404
6.085
5.815
4.404
4.432
4.439
4.404
4.404
4.401
5.835
4.401
4.412
4.401
4.384
4.494
4.384
4.471
4.384
4.384
4.423
4.384
4.384
17.715
4.458
4.384
5.272
4.451
4.858
7.492
4.389
4.843
4.381
4.381
4.381
4.392
4.502
7.465
5.049
5.088
4.381
4.327
4.322
4.322
5.069
4.694
4.936
4.318
4.318
4.326
4.337
4.318
4.354
4.316
6.552
4.555
4.316
11.373
5.617
10.798
4.085
4.089
16.318
4.095
4.526
5.896
4.397
4.205
4.085
4.085
6.268
4.083
5.253
4.085
4.323
4.091
4.108
4.120
4.085
4.083
4.086
4.083
4.080
4.078
4.078
11.975
4.180
4.077
4.077
4.077
4.077
4.745
4.078
5.479
4.077
4.077
4.272
4.077
11.714
5.017
4.072
31.630
4.102
4.072
7.811
4.169
4.083
4.507
4.092
7.159
18.264
4.072
5.411
19.258
4.086
4.082
4.131
4.444
10.587
4.727
4.565
4.402
9.830
4.153
6.133
6.104
4.197
4.488
4.072
4.903
4.072
4.072
8.554
4.278
6.020
17.220
4.072
4.176
4.072
4.044
4.044
4.044
4.001
10.913
4.262
5.532
4.001
4.057
4.080
4.363
4.399
4.005
4.001
5.809
4.566
4.052
6.006
4.733
4.001
4.001
4.001
4.000
4.094
3.974
5.789
4.755
3.974
7.722
4.099
4.295
3.971
3.982
4.135
4.223
4.133
3.971
3.989
5.098
3.971
3.971
3.985
4.230
6.910
3.971
4.022
17.808
3.971
4.106
4.398
3.971
3.971
3.971
3.992
3.971
3.983
7.720
4.197
5.109
5.073
3.971
3.969
3.969
4.010
3.971
4.528
4.555
4.020
3.969
4.012
3.969
4.984
4.318
3.942
3.734
18.097
3.581
3.581
3.581
3.606
6.071
4.436
3.584
3.581
3.588
5.397
3.581
3.581
4.278
3.581
3.584
4.213
4.136
3.760
3.581
3.581
4.096
8.970
3.689
3.592
4.256
12.307
3.582
16.746
3.568
3.570
3.735
3.568
3.781
3.568
3.569
3.679
3.570
3.568
3.670
3.713
3.578
3.524
3.524
3.524
3.521
3.521
3.631
3.353
3.353
4.242
3.291
4.243
3.293
3.288
3.833
3.288
3.302
3.288
14.007
3.372
3.309
3.317
5.721
3.201
3.203
3.203
3.204
3.574
14.863
3.186
3.186
3.205
3.186
3.340
3.264
3.190
3.197
3.186
6.120
7.267
22.002
3.186
3.269
3.190
9.502
6.668
3.315
3.266
3.186
3.192
3.186
15.247
3.194
3.186
3.328
3.188
3.186
3.170
3.248
3.183
3.170
3.789
3.897
3.163
3.478
3.075
3.075
3.040
3.055
3.483
3.040
3.514
3.046
3.023
3.017
5.502
3.017
3.546
4.271
3.017
3.016
3.016
3.015
3.015
3.041
3.025
3.015
3.017
3.030
3.049
3.386
3.015
3.608
3.006
3.009
3.086
6.732
3.007
3.006
3.177
3.195
2.968
2.970
6.518
2.968
2.989
2.976
2.968
5.120
3.317
3.070
2.968
2.918
2.918
3.154
2.918
2.918
2.919
2.965
2.919
4.708
3.307
2.874
4.121
6.010
3.167
2.980
2.872
14.286
2.802
2.800
2.826
2.878
2.800
2.800
7.441
3.080
2.802
2.800
2.800
2.800
4.439
2.801
2.803
2.810
2.800
3.560
2.957
11.099
2.800
2.800
2.799
2.801
3.335
3.000
2.799
2.824
2.820
2.815
2.828
2.977
3.060
2.799
2.799
2.799
2.951
2.865
2.809
2.922
2.849
2.816
3.415
2.802
2.928
3.004
2.968
2.799
2.833
17.311
2.800
2.799
4.086
3.529
2.874
2.860
2.823
2.901
2.799
2.799
2.802
2.813
2.752
3.423
2.755
2.752
2.752
3.103
3.044
2.752
2.752
2.773
2.791
2.816
2.974
21.738
2.751
14.843
2.738
2.748
8.377
2.738
6.684
3.218
2.745
2.738
2.807
2.738
2.740
2.739
9.153
2.738
2.751
14.439
2.767
23.351
2.715
2.720
2.637
2.636
2.636
2.636
2.609
2.609
2.609
2.802
2.610
2.609
2.609
2.609
2.604
2.602
2.968
5.586
2.599
2.620
2.621
2.819
2.608
18.599
2.598
3.127
2.601
2.991
2.600
2.862
2.600
2.903
14.712
2.612
2.597
2.713
2.599
2.598
2.597
2.661
2.608
2.589
2.607
2.632
4.206
2.538
2.541
2.908
2.576
2.538
2.695
2.541
2.521
2.553
2.522
3.114
2.525
23.426
3.077
2.568
2.521
2.621
4.437
2.505
2.504
2.504
2.491
2.491
2.491
2.753
2.491
6.678
2.495
2.500
2.491
2.488
2.468
2.468
2.530
2.468
23.377
2.467
2.467
2.467
14.905
2.439
2.737
2.437
2.530
2.438
2.734
2.484
2.500
2.437
2.436
2.439
2.436
2.436
2.436
2.436
2.438
2.436
2.438
2.436
2.456
2.713
2.436
2.430
2.433
3.188
2.400
2.407
2.809
4.183
2.403
2.400
2.400
5.986
21.663
2.540
2.401
2.481
2.402
5.067
2.388
2.388
2.373
2.374
2.373
2.372
22.522
2.955
2.372
2.372
2.405
2.514
2.374
2.783
2.371
2.619
4.223
2.371
2.544
2.371
2.371
2.373
2.374
2.372
2.359
2.338
2.375
2.338
2.523
2.370
2.336
2.336
2.336
13.254
2.336
2.336
2.334
3.022
4.545
3.045
2.334
2.330
2.330
2.330
2.338
2.330
2.469
2.330
2.354
2.341
2.335
2.333
2.330
2.332
2.332
2.737
2.330
2.198
2.198
2.093
2.101
2.093
2.316
2.182
4.489
2.161
2.547
2.100
2.077
2.074
2.074
2.074
2.074
2.094
8.418
2.081
2.341
2.078
4.218
2.074
2.219
2.627
7.870
2.073
2.069
2.074
2.075
2.068
2.586
2.082
2.068
2.070
2.070
10.594
2.068
2.068
2.375
2.095
2.039
2.038
22.814
2.039
2.039
2.038
2.035
2.095
2.063
2.036
2.207
2.044
2.022
2.022
2.022
4.017
2.034
2.067
2.023
2.022
2.022
2.022
2.210
2.043
2.024
2.022
2.022
2.049
2.145
2.070
2.022
2.022
2.033
2.022
1.999
1.997
1.997
2.091
13.717
1.997
1.997
2.074
13.956
1.987
1.994
1.987
8.675
1.987
2.005
1.987
2.042
2.022
2.063
2.399
9.027
1.987
1.986
1.986
1.986
1.992
2.044
1.987
2.063
2.012
11.136
1.986
1.986
2.055
2.357
2.014
2.141
1.986
1.986
1.986
1.985
1.990
1.993
1.989
1.985
1.986
1.987
1.985
1.962
2.303
2.275
20.163
1.965
2.544
1.962
1.962
1.962
1.962
1.972
1.962
1.962
1.965
2.209
1.966
1.974
1.963
1.962
3.522
1.963
2.160
1.977
2.007
1.962
14.533
2.687
1.990
1.962
1.962
1.968
2.457
1.962
1.969
1.962
2.060
1.962
1.962
1.962
1.962
1.942
1.947
1.923
2.179
1.923
2.325
1.929
17.076
1.923
1.923
1.923
1.923
1.935
1.911
1.918
1.905
1.940
2.295
1.905
1.905
1.905
1.905
2.423
1.905
1.925
1.905
1.905
1.905
1.905
1.905
1.905
1.913
1.920
1.966
1.908
1.891
1.891
22.603
1.891
1.898
1.903
8.081
3.268
1.935
1.891
22.196
1.903
1.949
1.891
5.990
1.891
1.925
1.891
2.265
2.268
3.591
1.891
1.890
7.801
1.890
11.065
1.890
1.890
2.027
1.890
2.088
1.890
1.903
1.890
2.080
2.392
1.890
2.051
1.890
1.890
1.895
1.890
2.109
1.914
2.169
1.891
1.917
1.898
3.180
2.202
1.890
5.974
1.896
2.045
1.890
1.892
9.401
4.856
1.934
1.889
13.083
1.905
16.525
9.871
2.080
1.889
1.889
2.399
1.889
1.890
1.889
2.609
1.932
1.889
1.866
1.887
1.897
2.415
1.866
1.876
2.119
1.868
6.444
1.863
4.946
1.981
1.873
1.863
1.944
1.864
1.863
22.828
1.918
2.059
1.863
1.854
2.037
4.636
1.854
1.854
1.854
1.854
1.854
3.726
1.875
1.854
1.854
1.854
3.111
2.472
1.819
1.821
1.851
1.815
1.815
1.815
1.819
1.815
1.814
1.780
9.890
1.793
2.860
1.782
22.174
2.426
1.780
22.238
2.388
1.953
1.780
1.789
1.786
1.780
5.035
1.779
2.312
1.780
1.780
1.733
6.211
1.746
1.734
1.733
1.821
1.789
1.733
1.757
1.733
1.733
1.734
1.752
2.143
1.786
1.739
1.862
2.048
1.733
8.238
1.733
1.733
1.733
1.733
1.778
1.733
2.102
1.969
10.979
1.989
1.733
1.772
1.712
1.712
1.818
1.714
1.779
2.156
1.723
1.712
1.793
1.806
1.857
1.714
1.935
1.724
1.711
1.752
2.146
1.711
2.734
1.745
1.711
1.711
1.836
1.711
1.840
1.711
1.712
8.485
1.711
1.711
1.711
1.711
1.711
1.711
1.713
1.731
1.711
1.711
1.711
7.352
1.711
1.711
22.189
1.711
1.711
1.823
2.022
1.711
1.843
1.795
2.335
7.369
1.711
2.021
3.003
1.711
8.909
1.767
1.711
6.151
12.520
1.711
1.719
1.711
1.711
1.713
1.711
1.854
1.711
1.816
1.710
15.207
1.712
5.435
1.710
8.166
1.734
6.985
1.711
1.710
1.740
7.085
1.685
1.706
1.726
1.683
1.683
22.223
1.687
1.683
1.687
10.922
1.683
1.684
1.683
1.683
1.683
1.683
1.763
1.706
1.703
1.702
1.685
1.803
6.544
1.683
1.683
1.747
1.754
1.683
1.684
1.727
1.682
1.682
1.704
1.781
1.682
1.682
1.682
1.881
1.682
1.681
1.681
1.681
1.681
2.038
1.679
11.775
6.058
1.679
1.679
1.680
5.735
1.679
1.679
1.679
1.679
1.680
1.679
1.678
1.678
1.678
1.678
1.681
1.678
1.690
1.678
1.669
1.686
1.670
1.669
1.868
1.669
1.684
1.669
1.669
1.669
1.669
1.671
1.669
10.479
1.692
1.711
1.629
1.629
16.650
1.684
1.629
1.656
1.628
1.631
1.638
1.628
1.628
1.629
9.692
1.628
1.628
9.011
1.628
1.663
22.695
1.628
1.628
5.191
1.704
1.628
2.740
1.664
1.628
1.711
1.628
1.628
1.628
1.628
1.628
1.626
1.639
1.868
1.636
1.626
1.627
6.940
1.626
1.626
1.635
1.626
1.712
1.766
1.626
1.694
1.672
1.799
8.043
1.627
1.629
1.626
1.626
1.626
1.626
2.937
1.626
1.626
15.236
1.626
17.852
1.626
1.621
1.726
1.621
1.621
1.633
1.621
5.020
1.621
1.621
5.704
1.621
1.621
2.799
1.623
1.624
1.621
1.621
1.621
1.670
1.621
1.621
1.621
1.624
1.621
1.783
1.621
1.621
1.621
1.621
3.525
4.533
1.848
2.825
1.621
1.621
1.640
1.851
1.622
1.807
1.619
1.619
1.626
1.619
4.237
1.619
1.627
1.707
1.621
2.689
2.441
1.619
1.619
1.619
2.655
1.635
1.619
1.620
17.831
1.694
1.619
1.619
1.620
1.849
1.619
1.619
1.619
1.619
1.855
1.621
1.619
1.619
1.619
1.651
2.941
1.659
1.619
1.621
1.619
1.619
1.619
1.619
11.722
2.488
1.619
7.369
1.633
13.531
2.422
1.619
1.620
4.620
1.619
1.619
1.619
1.619
1.619
3.369
1.631
2.584
1.619
1.712
1.660
1.619
2.570
1.619
1.659
1.929
1.619
1.622
1.619
1.620
2.027
1.619
1.661
1.667
1.619
1.764
1.661
6.728
15.181
1.619
1.619
1.623
1.619
4.658
1.660
1.624
1.622
19.505
1.620
1.618
1.620
1.618
1.903
14.418
2.558
15.628
14.721
1.618
1.601
1.601
1.601
1.601
4.499
1.601
1.601
14.526
2.236
1.962
23.776
1.598
1.841
1.600
2.133
1.599
1.598
1.598
4.072
10.802
1.652
1.709
1.598
1.595
2.393
1.595
1.595
1.595
1.601
1.595
1.598
1.595
1.595
1.647
1.603
1.595
1.595
4.026
3.541
1.595
1.896
1.596
1.595
1.752
1.595
1.662
1.595
1.595
23.424
1.596
1.595
1.598
1.595
1.595
1.598
1.594
1.594
1.594
1.594
1.594
1.661
1.594
1.602
2.967
1.594
1.834
1.663
1.594
1.605
4.333
1.594
1.845
1.593
1.593
1.601
11.881
1.593
1.593
1.672
1.612
1.593
1.592
1.592
1.598
1.594
1.625
1.594
1.597
22.814
1.595
1.591
1.696
1.610
1.726
1.593
1.611
12.337
1.591
1.808
1.591
4.523
1.592
1.591
1.591
1.591
1.582
1.583
1.585
1.582
5.584
1.582
1.888
1.584
1.582
1.925
1.582
10.887
1.584
1.582
1.582
1.690
7.415
1.724
1.580
13.319
1.886
1.612
1.580
1.911
2.575
1.593
1.633
1.580
1.599
1.580
1.567
1.567
1.567
1.567
1.675
1.567
1.584
1.567
1.598
1.565
1.566
1.691
1.670
1.565
1.565
1.565
1.564
1.564
1.563
1.563
1.660
1.563
1.564
1.563
1.598
1.563
1.563
1.563
1.563
9.789
1.564
1.563
1.657
1.563
1.565
1.683
1.555
1.635
1.555
1.555
1.568
1.555
1.555
1.555
1.699
1.685
3.417
1.555
1.555
1.555
1.786
1.555
1.555
1.977
1.551
1.552
1.551
13.785
3.012
1.643
11.229
11.041
1.551
1.551
1.551
1.551
1.928
1.833
1.551
1.551
1.551
1.551
1.548
1.549
1.551
1.549
1.548
1.548
1.548
1.526
1.618
1.526
1.526
1.513
23.506
1.514
1.513
1.654
1.540
1.513
1.588
1.515
1.648
1.535
1.505
1.506
1.505
1.505
1.510
1.505
1.528
1.531
1.505
1.505
1.505
1.527
2.844
2.021
1.505
1.505
1.507
1.592
1.525
1.672
12.641
1.505
1.508
1.505
10.456
1.512
1.718
1.504
1.512
1.504
1.504
1.504
1.504
1.506
1.598
1.501
1.503
1.527
7.094
1.503
1.501
1.500
1.500
1.539
1.500
1.500
1.528
19.903
1.500
1.504
1.500
1.500
1.554
2.543
5.330
1.846
1.509
1.500
22.949
1.533
1.500
2.726
17.170
1.500
1.500
1.500
1.502
1.500
1.500
1.489
6.778
1.641
1.532
1.489
1.560
16.818
1.489
1.489
1.489
1.489
5.094
1.489
1.523
1.489
1.527
1.489
1.489
1.489
1.494
1.489
15.898
1.488
1.488
1.488
1.488
1.488
1.489
1.490
1.599
1.488
1.488
1.487
1.663
1.487
1.538
1.487
1.487
1.807
1.504
1.487
1.487
1.487
1.488
1.768
1.487
1.487
1.502
1.486
1.486
1.486
1.486
1.485
1.485
1.497
1.517
1.500
1.485
1.504
1.485
1.588
17.399
1.485
1.581
1.477
1.502
1.514
18.104
1.477
1.477
1.477
1.641
1.477
1.477
1.477
1.477
2.975
1.477
1.475
1.480
1.475
1.475
1.481
1.503
1.474
1.474
1.472
1.472
1.917
1.472
4.031
1.494
1.472
1.472
1.472
1.472
1.472
1.608
1.502
1.472
1.472
1.472
1.473
1.472
11.652
9.140
11.224
1.491
1.472
1.472
1.550
1.472
1.472
1.472
1.882
10.046
1.472
10.241
1.472
1.472
1.747
1.472
1.472
1.470
2.842
1.557
1.509
1.470
1.481
1.464
1.464
1.464
1.464
1.464
1.464
1.470
1.697
1.464
1.464
7.263
17.140
1.464
1.464
1.464
9.646
1.464
1.464
1.464
1.464
1.465
1.787
2.568
1.464
1.464
1.464
1.464
1.467
1.467
1.589
1.466
1.464
1.466
1.460
1.461
1.460
1.460
2.380
1.460
1.459
1.459
1.457
1.457
1.457
1.449
1.449
1.449
1.449
1.449
1.451
1.627
8.745
1.531
1.657
1.448
1.448
1.448
1.421
1.421
1.421
2.174
1.421
13.786
1.421
1.421
12.191
1.438
1.424
1.421
1.556
1.421
1.422
1.421
1.446
1.440
1.421
1.421
1.422
1.421
1.421
2.032
1.434
1.429
1.421
1.421
1.421
1.421
3.839
1.442
1.421
1.421
1.424
1.805
1.845
1.421
1.423
1.514
3.370
1.421
1.400
1.400
1.405
1.400
1.400
1.400
1.400
1.399
1.399
1.560
3.626
1.399
2.936
1.399
18.908
1.490
1.399
1.399
1.399
16.756
1.400
1.399
1.399
1.399
1.834
1.399
1.399
1.656
1.600
1.399
1.477
3.905
1.530
1.431
1.399
1.399
1.399
1.399
1.643
1.399
1.400
1.399
1.400
1.512
1.400
9.871
1.399
15.641
1.492
1.442
1.401
1.399
16.367
1.399
1.399
1.399
1.401
16.512
1.500
1.399
1.450
1.399
1.399
10.661
5.127
1.399
1.399
1.399
3.318
1.399
18.966
1.399
1.399
1.543
1.399
1.490
1.399
1.408
1.399
1.973
1.935
1.399
1.399
1.399
1.439
1.400
1.399
1.399
1.401
1.409
1.399
22.837
1.726
1.399
1.399
1.470
1.399
1.540
1.399
1.399
26.213
1.396
1.396
1.396
1.595
1.396
3.643
2.656
1.396
1.396
1.396
1.396
2.250
1.387
1.387
1.387
1.387
1.387
1.387
1.387
22.399
1.393
3.158
5.959
1.395
1.387
1.387
1.388
1.716
1.387
1.482
1.389
1.393
1.386
1.386
1.386
1.387
1.386
1.386
1.543
1.502
1.386
1.386
1.391
1.389
1.403
1.386
1.386
1.386
1.386
1.383
1.383
1.383
1.396
1.404
1.385
1.382
1.498
1.383
1.386
1.382
1.383
1.876
1.383
1.392
1.382
1.382
21.393
1.571
1.383
1.382
1.411
2.166
1.416
1.382
1.384
1.382
1.382
1.389
1.394
1.382
4.703
1.382
1.959
1.382
1.382
1.382
1.382
1.384
1.382
1.382
2.157
1.382
1.450
1.382
1.382
1.382
1.488
1.382
1.382
1.382
1.389
3.898
1.382
1.382
1.382
1.382
2.821
1.382
1.381
1.384
1.504
1.500
1.469
1.432
1.381
1.381
1.802
1.381
1.382
1.383
1.381
1.386
1.382
1.381
1.381
1.381
1.606
1.384
1.382
1.382
1.631
1.381
1.381
2.108
1.381
1.381
1.584
4.702
1.381
1.381
1.381
1.381
1.381
3.589
1.381
1.536
1.915
1.381
1.381
1.381
1.381
1.381
1.716
1.391
1.381
1.382
16.504
1.497
1.413
1.381
1.494
1.381
1.381
1.381
14.331
1.408
1.381
1.463
1.381
1.382
1.381
1.381
1.381
1.381
4.510
1.381
1.381
1.384
1.381
1.385
1.395
1.452
1.381
1.381
1.381
1.389
1.381
1.381
6.501
1.393
1.381
1.385
1.381
1.381
1.381
1.376
1.376
1.376
1.376
1.376
1.376
1.376
1.376
3.046
1.376
1.376
7.998
1.827
1.376
1.376
1.376
1.376
1.376
1.378
17.275
7.223
1.376
1.376
9.321
1.376
1.376
1.376
1.448
1.377
1.376
1.376
4.203
1.377
16.024
1.443
1.376
1.376
2.021
1.376
1.376
16.692
1.376
1.376
1.377
1.376
1.376
1.892
1.376
1.376
1.376
1.376
1.377
1.376
1.407
1.407
12.453
6.447
1.376
1.376
4.161
1.570
1.376
1.376
1.376
1.376
1.376
1.375
1.375
1.375
1.375
1.375
1.376
1.375
1.375
1.375
6.573
1.375
1.375
1.376
1.370
1.370
1.364
1.658
1.363
3.072
1.363
1.363
21.670
1.363
8.882
1.363
1.363
1.363
1.363
1.363
1.534
3.689
1.413
1.363
1.362
1.374
21.086
1.363
1.361
1.361
1.364
1.362
2.455
1.379
1.361
3.993
1.361
1.361
1.361
6.939
1.362
1.364
1.361
1.454
1.361
22.098
1.485
1.361
1.367
1.362
1.361
10.312
1.362
12.501
1.362
1.361
15.435
1.361
1.361
1.361
1.362
1.361
1.328
1.328
1.328
1.328
2.211
1.328
1.328
1.338
1.418
1.328
1.321
1.367
1.440
1.894
1.321
1.357
1.345
1.321
3.040
1.321
1.629
2.669
1.321
1.321
1.321
1.321
2.100
1.330
1.321
1.339
1.321
13.454
1.321
12.418
1.321
1.321
21.430
1.914
1.321
1.495
1.321
1.322
1.321
1.439
1.322
1.321
1.759
1.322
1.321
1.355
1.321
1.329
1.364
8.446
1.321
1.403
1.492
1.321
1.321
1.321
1.428
1.321
1.321
1.321
1.321
1.316
1.316
1.376
1.316
1.316
1.317
1.316
1.445
1.317
4.421
1.317
1.318
1.316
1.316
1.318
1.316
17.542
1.318
1.317
1.339
1.380
1.316
1.319
1.316
1.400
1.316
1.317
1.316
1.316
1.316
1.316
1.317
1.340
17.291
1.393
1.316
1.316
1.316
1.316
16.528
1.316
2.899
1.365
1.316
1.319
1.316
1.316
1.317
1.316
3.371
1.316
1.316
1.416
1.316
1.584
17.481
1.316
1.316
1.422
1.316
1.319
1.428
1.321
14.363
1.316
2.057
1.316
1.311
1.311
1.376
1.311
1.315
1.311
1.943
1.311
1.311
1.368
1.311
2.902
1.311
1.311
1.311
1.311
1.311
10.258
1.322
1.311
1.315
1.311
1.334
6.029
1.606
16.087
5.891
3.951
1.372
1.311
1.311
1.311
1.311
1.405
7.500
1.319
3.668
1.338
1.312
2.647
1.321
1.311
1.310
1.318
2.107
1.310
1.310
1.310
1.294
1.294
1.303
1.294
1.298
1.294
1.294
1.294
1.294
1.294
1.294
1.294
1.294
1.294
1.294
1.294
2.239
1.473
1.276
1.316
1.509
1.276
1.276
2.664
1.472
10.470
1.443
16.664
1.276
1.276
1.277
16.232
1.276
1.276
9.538
1.275
2.423
1.317
1.275
1.276
1.273
1.273
3.516
1.273
1.275
1.273
1.273
1.273
1.273
1.273
1.273
1.387
1.274
1.273
1.314
1.273
1.273
1.273
1.294
1.273
1.273
11.359
1.273
1.772
17.257
1.273
1.273
13.776
1.298
1.273
1.270
1.273
1.511
1.430
1.270
1.270
1.270
1.270
1.270
2.669
1.270
1.270
1.272
1.270
1.284
1.270
1.270
1.270
1.560
1.270
1.270
1.383
1.272
1.270
1.270
1.270
1.283
1.270
1.335
1.270
2.654
1.270
1.385
21.801
1.270
1.270
1.270
1.298
1.348
1.488
1.270
1.270
1.270
1.270
1.270
1.270
1.270
1.270
1.270
1.270
1.270
1.270
1.270
1.991
1.271
1.270
1.270
1.334
1.268
1.263
1.284
1.308
1.271
1.263
1.263
1.276
1.263
1.280
1.263
1.263
1.807
1.264
1.263
1.509
1.263
1.356
1.263
1.263
9.197
1.263
1.263
1.263
1.288
1.254
1.254
1.254
1.254
1.254
1.254
3.805
1.254
1.254
1.254
1.254
1.254
1.252
1.252
1.252
1.968
1.254
1.252
3.650
1.234
15.429
1.333
1.234
1.234
1.234
1.234
1.976
1.241
1.234
1.234
11.160
1.234
1.234
1.840
1.231
1.234
1.231
1.231
1.432
1.231
1.323
1.231
1.231
15.104
1.231
1.231
1.231
1.231
1.250
1.231
1.231
1.231
22.601
1.231
2.809
1.231
1.238
1.231
1.231
1.231
1.252
1.266
1.231
23.354
1.230
1.230
1.379
3.465
1.230
1.230
5.387
1.230
1.230
1.229
1.229
1.229
1.229
13.523
1.229
1.229
1.229
13.331
4.454
1.230
19.357
14.267
1.229
1.230
1.229
1.270
22.851
1.229
1.229
1.229
1.236
1.231
1.291
1.235
1.229
1.306
1.229
1.229
1.230
1.229
2.774
1.238
2.514
1.230
1.236
1.229
1.230
3.719
1.229
1.229
1.229
1.230
1.229
1.363
1.229
22.678
1.233
21.093
9.429
1.229
1.229
1.229
1.229
1.229
1.229
3.333
1.229
1.229
1.339
8.343
1.229
1.229
1.229
1.231
1.243
1.229
16.785
1.229
1.230
1.229
1.229
1.229
1.229
1.229
6.411
1.229
1.229
1.229
1.229
1.304
1.229
1.229
1.230
1.229
1.418
4.430
1.229
1.229
2.840
1.229
2.974
1.229
1.247
1.229
1.229
1.229
1.229
1.229
1.229
1.229
1.229
1.237
1.229
1.229
1.310
1.229
1.227
1.227
1.227
1.227
19.685
1.283
1.226
1.226
1.226
1.226
1.226
1.655
1.223
1.223
1.236
20.676
1.223
13.959
1.517
1.224
1.223
1.229
1.224
1.223
1.315
1.268
1.224
1.227
23.041
1.240
1.221
1.251
13.397
1.221
1.638
1.221
1.321
1.221
1.221
1.221
1.221
1.239
1.221
1.221
1.458
1.562
1.221
1.221
1.222
1.221
1.222
1.222
1.221
1.577
1.221
1.221
1.221
1.221
2.839
1.221
1.278
1.221
1.762
1.248
1.272
16.914
1.233
1.221
1.723
1.224
2.571
1.221
1.223
1.221
1.221
1.468
1.293
1.221
1.221
1.301
1.221
1.221
1.221
1.221
1.221
1.221
1.221
1.221
2.335
3.738
13.899
1.221
7.449
1.221
1.221
2.884
4.720
1.369
1.221
1.221
1.221
1.222
1.221
1.221
1.221
1.221
1.221
2.602
1.221
1.226
1.262
6.901
1.221
1.221
1.221
1.221
1.221
1.221
1.221
1.428
19.707
1.221
1.821
1.221
1.221
1.221
1.221
1.221
1.298
1.221
1.221
1.221
1.221
1.221
1.221
1.281
1.221
1.297
1.221
22.801
1.221
1.221
1.221
1.221
1.221
1.221
1.221
15.619
1.221
1.251
1.342
1.221
1.221
1.221
1.221
15.255
1.221
1.221
1.221
1.221
1.221
1.221
1.225
1.221
1.222
1.822
1.221
1.221
1.525
15.759
1.221
1.490
19.161
1.221
1.221
1.221
1.221
1.221
1.332
1.221
1.221
1.221
5.082
1.221
1.317
1.255
1.221
1.219
15.230
13.852
1.219
1.219
1.237
1.246
1.219
1.219
1.219
1.219
1.219
1.219
1.219
1.216
1.358
1.216
1.216
1.216
1.216
1.216
1.216
1.217
1.232
1.216
1.216
1.223
1.216
1.216
1.216
20.342
1.245
1.216
1.216
2.982
1.216
1.220
1.270
1.231
1.216
1.216
1.216
1.217
1.216
1.230
1.216
1.273
1.216
2.770
19.658
1.942
1.216
1.219
1.216
1.645
1.390
1.216
1.223
1.216
1.216
1.216
1.219
1.216
1.216
1.216
1.216
1.216
1.216
1.216
1.216
1.216
1.216
1.217
1.216
1.244
1.216
1.216
1.216
1.256
1.217
2.423
1.217
1.216
1.232
1.216
1.216
1.216
1.246
1.216
1.217
1.216
1.216
1.216
1.216
1.257
1.289
1.216
1.216
1.280
2.027
2.527
1.216
1.628
1.216
1.216
1.216
1.216
1.216
1.216
1.216
1.216
1.757
1.216
12.264
1.216
1.216
1.215
11.393
1.215
1.215
1.222
21.960
1.215
1.215
1.215
1.239
1.265
1.215
1.215
1.229
1.374
1.228
17.807
1.215
1.215
1.215
9.476
1.215
22.933
1.216
1.214
1.251
1.215
1.214
1.371
1.218
1.215
1.214
1.629
1.214
1.214
1.214
1.214
1.214
1.214
1.214
1.214
1.214
1.214
1.214
21.526
1.256
1.216
1.216
1.214
1.214
1.214
1.215
1.214
1.214
1.214
1.214
1.214
1.214
18.691
1.214
1.214
3.322
1.998
1.347
1.214
1.214
1.214
1.214
1.214
1.217
19.290
1.214
2.082
1.214
1.214
1.220
1.214
1.214
1.214
1.214
1.214
6.778
1.214
1.332
1.214
1.214
1.214
1.214
1.425
1.214
1.214
5.891
1.214
1.214
1.217
1.214
1.214
1.730
1.220
1.593
1.302
1.214
1.246
1.214
1.214
1.611
1.214
1.214
1.278
1.246
1.571
1.214
1.216
1.214
1.214
1.228
1.214
1.214
5.634
1.214
22.821
1.214
1.889
21.631
1.215
1.214
23.174
1.225
1.214
1.214
1.214
1.214
1.216
1.214
1.214
1.276
1.214
1.214
2.659
1.218
19.450
1.246
1.215
1.214
1.214
15.547
1.279
1.776
1.214
3.858
1.214
1.214
1.214
1.214
17.180
1.214
1.214
1.339
1.214
3.982
1.214
1.393
4.854
1.214
23.121
1.214
1.214
1.214
1.214
1.217
1.214
1.214
1.214
1.787
5.799
2.860
1.214
6.183
1.214
1.230
1.214
1.256
19.820
1.231
1.214
1.214
19.038
21.625
1.216
1.214
1.214
1.214
1.214
1.214
1.214
19.589
1.214
1.214
1.247
1.214
1.219
1.217
1.214
1.214
1.321
1.214
1.214
1.214
1.214
1.214
1.214
1.214
1.214
1.245
1.214
1.256
1.364
1.222
1.214
1.214
1.214
1.214
1.803
1.214
1.214
1.331
1.214
1.213
1.219
1.265
1.213
1.484
1.213
1.350
1.229
1.213
1.213
1.224
1.213
1.221
1.300
1.213
1.213
1.822
1.331
18.794
1.213
21.010
1.213
1.213
1.213
7.802
1.213
1.213
1.521
12.589
16.243
1.216
1.247
1.208
1.225
1.208
1.208
1.208
1.715
1.632
1.208
1.208
21.309
1.208
10.329
1.228
1.208
1.371
1.208
1.268
1.210
1.208
1.208
1.208
6.425
1.208
1.208
1.208
1.299
1.208
1.208
1.829
1.208
1.539
1.206
1.780
1.208
1.205
17.838
1.205
1.243
1.202
1.208
1.202
1.202
1.202
21.729
1.215
20.136
1.202
1.202
1.202
1.202
1.202
1.202
8.669
7.133
1.290
1.202
1.202
1.202
1.203
1.203
1.202
1.202
1.202
1.201
1.201
1.202
1.201
1.207
1.201
1.201
1.219
1.226
1.201
1.201
1.201
1.282
1.201
1.201
1.201
1.201
1.201
1.201
1.201
1.265
1.234
1.201
1.201
2.890
1.201
1.201
1.201
1.201
1.235
1.201
1.203
1.217
5.653
1.217
1.201
1.261
1.277
1.201
13.261
1.201
1.201
1.201
1.201
12.606
16.224
4.773
1.203
1.201
1.201
2.033
1.288
1.896
1.203
1.201
1.201
14.831
1.201
1.201
1.201
1.201
1.201
1.201
1.201
1.201
1.201
1.201
2.262
1.205
1.201
1.201
1.208
2.507
21.617
1.201
1.201
1.201
1.263
1.201
1.201
3.413
1.201
1.201
1.201
1.201
1.526
1.201
1.201
1.225
1.201
1.201
1.202
1.243
4.871
1.201
1.447
1.202
2.600
1.204
1.201
19.647
1.217
1.866
1.201
1.201
1.201
1.201
1.201
13.869
2.829
1.201
1.201
1.201
1.201
1.201
1.201
1.201
1.201
9.887
1.201
8.087
4.807
1.201
1.201
1.201
1.201
1.201
13.980
1.207
1.201
1.201
1.201
1.201
1.216
1.200
1.200
1.200
1.200
2.727
1.200
1.228
1.200
1.200
1.200
1.200
1.200
22.527
1.200
1.200
1.200
1.200
1.290
1.200
1.200
1.718
1.200
1.200
1.200
1.200
1.200
1.200
1.200
1.316
1.200
21.322
1.260
1.591
1.200
1.262
1.213
1.200
1.797
1.200
1.200
1.200
1.219
1.200
1.200
1.365
1.200
1.318
1.200
1.200
4.023
1.200
1.200
1.200
1.203
1.221
1.200
6.323
1.200
1.200
1.200
1.200
1.200
7.165
1.208
1.201
1.200
6.039
1.200
1.200
1.206
17.208
1.200
1.200
1.200
1.523
1.200
1.200
1.200
1.200
1.312
1.200
2.114
5.086
1.200
1.200
2.314
1.202
1.458
11.914
1.200
1.706
1.270
1.200
1.200
1.200
1.271
1.206
1.200
1.200
1.200
1.200
1.200
1.200
1.285
1.200
17.770
1.200
1.200
1.200
1.200
1.200
1.200
3.755
5.942
1.956
6.051
1.387
22.095
1.312
1.434
1.200
1.200
1.200
1.200
1.200
1.210
1.200
1.200
1.200
1.200
2.844
1.275
1.200
1.202
1.200
1.834
1.200
1.879
1.200
1.242
2.159
1.200
1.200
1.200
1.200
1.215
1.568
1.200
1.200
3.544
1.200
1.284
1.200
1.200
1.200
1.200
1.200
1.200
1.200
1.200
1.200
1.200
1.237
1.235
1.200
1.201
1.200
1.200
1.313
2.133
1.200
1.200
1.337
1.370
1.200
1.199
1.817
2.746
1.597
1.399
1.199
1.199
1.202
1.252
1.199
19.416
5.678
1.604
1.200
1.350
15.026
14.989
1.200
1.200
1.199
23.285
1.199
1.236
1.211
1.199
1.199
1.199
1.199
1.225
1.199
1.198
1.198
1.198
1.198
1.288
1.198
1.198
1.198
1.198
1.198
1.209
1.198
1.198
1.225
1.198
1.198
2.772
1.198
1.198
1.198
1.198
1.636
1.198
1.198
1.198
1.198
1.198
1.198
1.198
1.215
17.213
1.198
1.445
1.198
1.198
1.198
1.198
1.199
1.198
1.198
1.198
1.222
1.198
2.435
1.198
1.198
1.592
1.198
1.198
1.198
1.202
2.039
1.198
1.198
1.198
1.198
1.198
1.198
1.322
1.221
1.224
1.198
1.198
5.948
1.204
1.206
1.198
1.198
1.198
1.198
1.198
1.912
1.198
10.262
2.155
7.017
1.198
1.198
1.243
3.421
1.198
1.198
1.198
1.198
5.995
1.237
1.198
1.199
19.691
1.198
1.198
1.198
1.198
10.306
1.208
1.291
14.290
1.198
1.198
1.204
15.511
7.169
3.342
3.492
1.198
1.272
1.198
1.198
23.677
1.198
1.198
1.198
1.215
2.395
1.200
18.222
1.198
1.198
1.198
1.375
1.198
1.198
1.198
1.198
1.198
1.198
1.198
1.225
1.198
2.461
1.198
1.270
1.853
1.571
1.198
1.198
3.940
1.198
9.604
1.198
1.207
1.425
1.557
1.198
1.813
4.774
1.235
1.198
1.198
1.198
1.194
1.221
1.194
1.208
1.237
1.194
1.194
1.278
1.194
1.194
1.194
1.207
1.207
1.194
1.194
1.194
1.194
1.194
1.227
1.194
1.189
1.189
1.190
1.189
1.189
1.189
1.196
1.191
1.189
1.189
1.189
1.189
1.195
1.189
19.837
1.189
1.189
1.189
1.189
1.189
1.189
1.531
1.189
1.186
19.208
1.825
1.186
1.187
1.186
20.129
1.186
1.186
1.186
1.187
1.186
4.133
1.186
13.195
1.186
1.186
1.211
1.736
1.186
1.186
1.186
1.186
1.187
1.186
1.186
1.186
1.187
1.186
1.186
1.186
1.186
1.186
2.062
1.186
1.186
1.186
1.186
1.186
21.963
1.186
1.190
1.186
1.187
1.186
1.186
1.251
1.397
3.499
2.585
1.186
1.186
1.186
4.427
1.357
1.186
1.186
11.397
1.186
1.191
1.186
1.186
1.186
1.225
1.186
1.186
1.186
1.186
1.186
1.186
1.186
1.186
1.345
1.584
1.186
1.185
1.185
1.185
19.109
1.207
1.192
1.185
1.185
1.185
1.348
1.185
1.209
1.202
1.185
19.540
1.185
1.185
1.185
1.201
1.250
21.360
1.185
1.185
1.185
1.185
1.184
1.184
1.186
13.877
1.189
1.968
1.184
1.184
1.184
1.184
1.184
1.280
1.184
1.184
15.203
3.376
1.187
1.184
19.045
1.184
1.323
1.189
1.184
19.233
1.196
1.184
1.184
1.184
1.184
1.184
1.184
1.184
1.184
1.212
1.184
1.942
2.437
1.184
1.185
1.457
1.184
2.392
7.125
1.184
2.155
1.184
1.184
1.184
1.184
1.246
1.212
4.289
1.184
1.184
1.184
3.975
1.243
1.184
1.184
1.197
1.184
1.204
6.275
1.184
1.184
22.865
1.184
1.184
1.184
1.184
1.184
1.184
1.184
1.185
1.741
1.191
1.188
1.184
2.003
1.184
1.603
1.199
1.184
1.184
2.343
1.224
1.550
1.184
1.184
1.184
1.184
22.025
1.801
8.770
1.180
16.655
1.257
1.180
1.180
1.175
1.165
1.165
1.340
1.165
1.165
1.165
1.165
1.165
1.165
1.165
22.240
1.165
1.268
1.165
1.165
1.165
1.165
1.165
1.295
1.165
1.165
1.248
1.165
1.182
1.165
1.425
1.165
1.165
1.179
3.277
9.557
1.165
1.165
1.165
1.229
1.165
1.165
1.165
1.165
1.165
17.985
1.973
3.931
1.165
1.153
1.155
1.153
1.153
17.911
1.153
1.153
1.157
1.161
1.153
1.153
1.153
1.154
17.092
1.153
1.227
1.153
1.155
1.153
1.154
1.750
4.606
1.153
1.153
1.153
1.267
1.153
1.153
1.153
1.153
1.153
2.760
1.153
1.153
1.153
23.346
1.153
1.153
1.153
1.153
1.153
1.153
1.153
16.833
1.154
1.328
1.153
1.153
1.174
1.154
1.278
1.153
1.153
1.158
1.153
1.153
1.252
1.170
1.147
1.147
1.147
1.425
2.167
1.147
1.272
1.147
7.019
1.147
12.237
1.238
1.147
1.148
1.515
1.245
1.229
1.147
1.147
1.147
13.776
1.806
1.147
21.840
1.147
10.013
1.147
1.211
1.650
19.633
1.147
1.147
1.147
1.378
1.147
1.147
1.147
1.147
1.147
5.705
1.147
1.147
1.147
1.147
24.341
1.147
1.147
1.147
2.121
1.431
1.147
1.147
1.483
1.147
1.147
1.147
1.147
1.147
1.147
1.149
1.147
1.147
12.915
1.147
1.554
1.147
1.231
1.147
1.147
1.147
1.147
1.147
1.147
1.147
1.147
1.147
1.147
1.147
1.205
1.147
1.266
1.147
1.147
1.147
1.147
1.147
1.182
1.292
1.147
1.147
1.148
1.199
1.177
1.147
1.147
1.196
2.897
1.284
1.147
1.165
1.147
1.147
1.179
1.147
1.147
1.147
1.173
1.147
1.154
1.147
1.147
21.548
1.147
1.147
1.224
1.147
1.147
1.512
1.147
1.147
1.155
1.147
1.147
3.316
1.147
1.147
1.161
1.161
1.195
1.147
1.147
1.147
1.147
1.157
1.147
1.557
1.147
1.153
1.147
1.147
1.146
1.146
1.146
1.178
1.146
1.144
3.950
1.144
1.144
1.144
1.144
1.144
1.144
1.144
1.144
1.144
15.287
1.431
1.144
1.144
1.144
1.199
1.144
1.144
1.235
1.144
1.144
1.483
1.144
1.144
1.144
1.144
1.144
1.144
1.199
1.191
1.261
1.144
1.144
19.626
20.870
1.144
1.144
1.144
1.144
1.144
20.174
1.144
1.144
6.941
1.144
1.144
1.144
1.144
1.144
1.144
1.144
1.302
1.738
1.144
1.144
17.690
1.307
1.144
1.365
1.147
1.144
1.144
11.845
1.144
1.144
1.197
1.144
1.144
20.095
1.144
1.172
1.144
1.147
1.144
1.848
12.412
1.144
1.144
1.144
1.145
1.144
1.236
1.144
1.144
1.245
1.144
1.145
1.144
15.075
1.267
1.144
5.155
1.178
1.144
1.144
1.144
1.144
1.144
1.144
1.144
20.132
1.156
1.144
1.144
1.144
1.146
1.144
1.144
1.144
1.312
1.144
1.144
1.144
1.229
1.267
1.144
1.144
4.551
1.155
1.163
17.191
1.144
1.144
11.033
1.144
4.606
1.144
1.144
1.144
1.724
1.144
1.157
1.144
1.144
5.095
1.177
1.144
17.183
1.144
17.733
1.144
1.144
1.162
20.207
1.144
1.144
1.395
1.144
1.144
1.144
1.144
3.607
1.144
1.144
1.144
1.144
1.144
22.272
1.144
1.144
1.144
1.144
1.144
15.954
1.144
2.735
1.191
1.144
24.160
1.144
1.215
12.850
1.161
1.144
1.144
1.144
1.145
1.144
1.158
1.144
1.144
1.346
1.144
14.836
1.144
1.159
1.144
1.144
1.150
13.068
1.144
1.144
1.143
1.148
1.926
1.251
1.145
1.182
1.143
1.143
1.222
1.643
1.143
23.328
18.102
1.220
19.813
1.142
2.679
1.194
10.279
2.821
4.629
20.689
1.142
1.149
1.142
1.142
1.811
1.142
1.260
1.198
3.427
1.420
1.145
1.460
1.142
7.121
1.142
1.142
1.142
12.711
1.142
1.142
1.139
1.233
1.139
1.139
19.561
1.139
1.139
1.139
1.416
1.139
1.139
15.611
5.123
1.139
1.139
1.139
21.393
1.139
1.139
1.181
3.785
1.139
16.273
1.139
1.161
1.139
1.139
1.183
13.196
1.199
1.831
1.139
1.139
1.139
1.139
1.135
1.135
19.213
1.135
1.135
16.708
1.191
1.123
4.813
1.123
1.288
15.036
1.123
4.535
1.123
1.123
1.123
1.238
2.119
1.123
1.132
1.123
19.748
1.123
1.123
1.155
8.977
1.123
1.126
12.107
1.701
1.123
1.193
1.170
1.123
1.123
1.123
1.123
1.123
4.189
1.140
1.130
1.716
1.216
1.123
9.029
1.128
1.123
19.896
1.123
15.479
1.540
1.123
1.123
1.123
1.123
1.123
1.123
1.123
1.123
9.984
1.123
1.123
1.123
1.122
1.140
2.767
1.122
1.122
1.126
1.122
1.122
1.122
1.122
1.164
1.122
4.262
13.599
1.122
5.840
1.122
1.122
1.121
1.121
1.121
1.121
1.121
1.121
1.122
1.121
1.121
1.121
1.264
1.121
1.121
1.121
1.121
3.770
1.121
1.140
1.121
1.121
1.628
1.121
1.121
1.955
1.121
1.121
1.121
1.121
1.121
1.153
1.121
1.127
1.121
1.121
20.687
1.121
1.200
1.121
1.177
1.121
1.121
1.142
1.121
1.121
1.121
1.121
1.121
1.121
1.121
1.121
1.121
1.121
1.121
1.121
1.121
1.121
1.121
1.121
1.121
1.121
1.121
1.121
1.121
1.196
1.121
1.121
1.121
1.140
1.121
1.891
1.121
1.121
1.121
1.121
1.275
17.520
6.024
1.121
1.122
1.121
2.417
1.121
1.166
1.132
1.121
1.121
1.121
1.121
1.121
1.121
1.121
1.194
1.121
6.828
1.121
1.150
4.016
1.121
13.152
1.121
1.121
1.492
1.121
1.515
1.121
1.121
23.302
1.121
1.121
1.121
5.517
18.064
1.232
1.130
1.121
1.121
1.121
15.743
4.159
1.121
1.121
7.508
1.121
1.121
1.121
21.701
1.121
1.205
1.121
1.121
1.121
1.121
12.483
1.121
1.122
1.140
17.838
2.352
1.121
1.121
1.298
1.149
1.121
1.121
1.121
1.121
1.121
1.121
1.121
3.048
3.050
1.121
2.308
1.121
1.121
1.121
1.121
1.121
1.121
1.121
1.121
5.084
1.121
1.121
1.121
1.121
1.121
1.121
1.121
1.121
1.121
1.121
1.121
1.121
1.121
1.121
1.121
1.121
1.121
24.303
1.121
1.121
9.994
18.369
1.121
1.140
1.121
1.172
1.183
1.121
1.121
1.121
20.987
1.124
1.121
1.121
11.689
1.121
1.851
1.127
1.121
1.287
1.121
1.121
1.121
1.133
1.121
14.789
1.121
1.121
1.139
1.121
1.121
1.792
11.002
1.121
1.121
2.314
1.121
1.121
3.235
1.180
1.117
1.117
1.117
1.117
1.702
1.117
1.117
1.117
1.117
1.117
1.117
1.117
1.211
1.117
1.117
1.117
20.714
1.117
4.813
1.117
1.865
1.117
1.117
1.117
1.117
1.614
2.462
1.117
1.117
1.215
1.117
1.117
1.117
1.117
21.780
1.117
1.199
1.127
1.237
1.117
1.117
1.117
1.117
6.020
3.091
1.226
2.470
1.117
1.117
1.117
1.117
2.025
1.117
1.117
2.427
1.117
1.117
1.127
1.117
1.117
1.117
8.524
1.117
1.360
1.117
1.117
8.021
20.134
1.117
1.117
1.117
1.117
1.159
1.117
1.117
1.117
1.117
11.936
1.717
1.117
1.117
1.601
5.754
1.117
1.117
1.130
1.117
1.143
1.123
1.162
1.137
2.130
1.117
1.117
9.555
10.682
1.117
1.117
1.117
1.117
1.117
1.117
1.117
1.117
1.127
1.230
5.090
14.519
1.117
1.117
1.117
1.117
1.117
1.117
1.117
1.765
1.117
1.117
1.117
1.117
1.117
1.117
1.117
1.117
1.117
1.117
1.128
1.117
1.134
1.117
1.117
2.890
1.358
1.117
1.115
1.115
1.131
1.115
1.115
1.140
1.157
2.503
1.115
1.115
1.115
2.290
1.743
1.115
1.115
1.115
11.979
1.467
1.133
1.131
1.416
1.115
1.115
1.115
1.115
1.115
1.149
1.115
3.799
1.115
1.205
2.554
1.121
1.115
1.115
1.205
1.867
1.830
1.677
1.117
1.115
1.115
1.115
4.957
1.115
1.519
1.115
1.115
1.115
1.115
1.121
1.785
1.123
1.115
23.612
1.115
1.115
1.115
10.104
7.519
1.115
16.146
1.115
1.656
19.656
1.115
1.115
1.115
2.986
1.117
1.115
1.115
22.818
1.115
1.115
1.115
1.512
1.115
1.115
1.115
1.115
1.115
1.115
1.115
1.341
1.115
1.115
12.942
1.115
16.811
1.115
1.115
1.115
6.968
1.115
1.115
1.120
9.322
1.115
1.115
1.143
1.115
1.115
1.115
1.115
1.115
1.115
1.216
1.115
1.115
1.115
1.115
1.120
1.115
9.376
1.123
1.115
1.115
1.115
1.132
1.115
1.184
7.362
1.115
1.800
1.115
1.115
1.115
1.125
1.115
1.115
1.115
1.674
1.121
1.854
1.115
1.115
1.115
1.115
1.115
1.115
1.115
1.115
1.115
1.115
1.611
1.119
9.227
1.156
1.115
23.794
1.250
1.115
1.114
1.114
1.350
1.148
1.114
1.114
1.114
2.013
1.114
1.114
2.461
1.114
1.114
1.114
1.124
1.181
1.114
2.752
1.111
1.111
1.111
1.126
1.111
1.111
2.671
1.618
1.111
1.133
1.217
1.111
1.111
1.824
1.111
1.111
1.111
1.111
1.111
1.111
1.111
1.512
1.137
1.111
1.111
9.690
24.367
1.111
21.302
1.111
19.604
1.111
1.111
1.111
1.111
1.210
1.111
1.125
1.133
1.111
1.111
1.111
1.118
1.111
1.111
1.135
1.111
1.111
1.111
1.111
1.111
1.111
1.111
1.111
4.199
1.111
1.111
20.133
1.112
1.111
1.111
1.111
1.111
12.687
1.111
1.111
1.111
1.111
1.111
21.843
1.111
1.111
3.996
1.111
1.111
1.111
1.112
10.473
8.922
1.111
1.111
1.111
3.114
22.020
1.111
1.111
1.111
1.111
3.812
1.111
1.111
1.138
1.113
1.111
1.111
1.111
9.121
1.111
1.111
1.111
1.111
1.111
1.170
1.111
1.247
1.111
6.040
1.111
1.111
1.111
1.111
1.111
1.114
1.111
1.111
1.165
1.146
1.111
1.111
1.111
1.111
14.363
1.969
8.767
1.111
1.111
1.111
1.111
1.111
1.111
1.814
2.006
1.111
1.111
8.497
1.111
1.111
1.111
3.049
1.111
1.201
1.129
1.111
1.111
1.111
1.225
3.139
1.111
1.115
1.948
1.111
1.111
1.111
1.111
6.873
1.111
1.111
1.111
1.842
5.117
1.111
1.126
1.111
1.111
1.141
1.111
1.111
13.572
1.111
1.111
1.111
1.112
1.111
12.900
1.111
1.111
1.111
1.111
1.111
1.111
1.195
1.111
1.111
8.637
1.190
1.111
1.152
1.111
1.198
1.237
1.111
1.200
1.162
1.111
1.111
1.196
1.179
2.792
1.111
9.149
1.111
1.111
1.217
1.200
1.115
1.111
1.111
1.111
1.111
1.111
1.111
7.621
1.623
1.864
1.111
1.111
1.111
1.202
1.111
1.211
1.111
1.111
1.111
19.347
1.111
5.868
5.289
19.566
1.110
1.110
1.110
1.110
1.110
1.110
1.132
1.110
1.110
1.110
1.218
1.279
1.110
1.110
1.131
1.110
1.110
1.188
1.110
1.110
1.110
1.308
14.822
1.114
13.315
1.199
1.110
1.110
1.110
1.145
1.110
1.110
1.110
1.110
1.110
1.126
1.110
1.376
1.110
2.446
1.110
1.114
1.135
1.115
1.110
1.110
1.110
1.125
1.110
1.110
1.143
1.110
1.110
1.111
1.110
1.110
1.110
1.138
1.110
4.069
1.110
1.110
1.110
1.121
1.110
1.110
1.110
1.110
1.110
1.110
1.790
1.110
1.110
25.818
1.110
1.110
1.110
2.204
1.110
1.110
1.110
1.111
1.155
1.150
1.279
1.110
1.110
18.812
1.110
1.110
1.110
1.110
1.217
1.110
1.110
1.110
3.302
1.110
1.110
1.110
1.110
1.110
1.110
1.120
1.110
1.110
1.110
1.110
1.110
1.110
1.110
1.110
1.110
1.110
1.110
1.110
18.537
1.110
1.110
1.194
1.110
1.140
1.110
1.110
1.110
1.146
1.720
1.110
1.110
1.110
1.110
1.110
1.110
1.110
1.110
1.128
1.110
2.850
15.227
1.110
1.670
1.110
1.110
1.113
1.110
1.110
1.110
1.110
1.110
1.110
1.110
1.134
1.165
1.110
1.110
1.111
1.110
1.110
3.272
1.837
6.552
1.189
1.110
1.110
22.493
1.110
10.816
1.112
11.476
1.433
1.260
1.110
1.110
1.110
1.116
1.540
14.160
1.110
1.110
1.110
1.110
1.110
9.483
1.110
1.110
1.110
1.110
1.110
4.760
1.127
1.110
1.110
1.110
1.111
4.149
1.110
4.399
1.110
1.110
1.110
1.110
1.110
1.110
1.110
1.110
1.110
1.110
1.110
1.110
1.110
1.110
4.033
1.110
1.110
1.112
1.110
5.620
3.476
1.110
1.759
1.204
2.710
1.151
1.110
1.110
2.831
19.785
3.811
1.110
1.108
1.108
1.108
1.108
3.455
1.108
1.108
1.108
1.108
1.212
15.806
1.128
1.115
1.108
1.108
1.108
24.433
1.126
1.108
1.108
1.264
1.108
1.108
1.111
1.180
1.110
1.427
1.108
1.108
1.203
1.108
1.108
12.027
1.108
1.108
2.319
1.178
1.110
4.551
1.108
1.108
1.108
1.121
1.108
1.107
1.107
1.107
1.107
19.899
1.107
1.107
1.107
1.107
1.624
1.107
1.107
1.107
1.107
2.024
1.107
1.104
1.104
1.104
1.104
14.694
1.104
1.104
1.104
1.104
15.406
1.104
1.148
1.323
1.104
1.198
13.407
1.104
6.672
1.931
1.178
2.385
1.136
1.340
1.104
1.104
1.659
1.104
1.104
1.104
1.104
1.132
1.104
1.733
1.104
1.107
13.658
1.104
1.104
1.104
2.138
1.104
1.104
1.104
1.104
1.104
1.168
1.104
12.906
1.104
1.235
1.104
2.169
11.369
1.104
1.104
1.104
1.104
1.104
1.104
1.187
1.104
18.210
1.104
4.494
1.104
1.104
1.104
1.104
2.213
1.104
1.104
1.104
1.104
1.104
1.104
1.104
1.104
1.104
6.027
1.104
1.104
1.104
1.708
1.104
1.229
1.104
1.104
1.104
1.104
1.102
1.102
1.102
1.102
1.102
1.102
1.472
1.102
1.341
1.102
1.461
1.102
1.315
1.102
1.102
6.981
1.102
1.101
1.101
1.101
1.101
1.101
1.101
19.291
1.101
1.101
1.101
1.101
1.419
1.171
1.117
1.159
1.101
1.101
9.921
1.825
1.169
1.101
1.101
1.837
1.101
1.101
1.101
1.101
1.102
1.101
1.101
1.101
1.101
1.101
1.110
24.278
1.101
1.101
1.101
1.101
1.103
1.122
1.101
1.193
1.101
1.101
1.101
1.101
1.101
1.101
1.101
1.101
1.101
1.101
2.753
1.101
1.101
1.101
2.705
1.101
1.119
1.147
1.101
1.134
1.101
1.101
1.101
1.962
1.125
1.170
1.102
1.102
1.101
1.200
1.101
1.116
1.101
1.101
1.101
1.101
1.101
1.101
1.101
1.860
1.101
1.101
1.101
1.123
1.101
1.302
1.101
1.107
1.101
1.504
1.101
1.854
8.388
1.101
1.101
1.101
1.102
1.105
1.101
1.151
1.101
1.231
1.101
1.101
1.243
1.156
1.101
1.101
1.185
1.221
10.428
10.148
12.407
1.106
1.101
17.531
24.639
1.101
1.101
1.101
1.503
1.101
1.101
1.101
1.101
1.101
1.101
1.101
1.101
1.101
1.101
1.101
18.203
1.101
1.101
1.101
1.101
1.107
1.101
1.856
1.782
1.104
1.875
1.101
1.166
22.249
1.101
1.683
1.675
1.101
1.101
1.101
1.101
1.167
1.101
1.101
1.101
1.101
1.101
1.101
24.651
1.101
5.297
1.101
1.101
1.101
1.101
1.632
1.101
1.185
1.101
1.101
1.101
1.101
1.101
1.101
1.638
1.101
1.101
1.101
1.472
1.101
1.101
1.101
1.101
1.101
1.101
1.101
1.101
1.101
1.101
2.062
1.101
1.101
1.101
1.990
1.101
1.539
1.101
19.511
7.336
1.101
1.101
1.101
1.098
19.249
14.014
1.097
8.740
1.097
1.097
15.005
3.879
1.097
1.097
1.097
24.713
1.097
1.097
1.132
1.809
1.106
1.113
1.097
1.093
1.093
11.363
1.093
1.100
1.093
3.886
2.559
1.093
1.093
1.208
1.093
1.097
1.093
1.093
4.929
1.093
2.626
24.536
1.648
1.093
1.093
1.106
4.975
1.093
1.093
1.104
24.582
2.420
3.434
1.103
1.093
1.093
1.750
1.093
1.115
1.227
1.094
18.838
1.096
1.820
1.093
1.093
1.631
1.177
1.093
1.093
1.140
1.093
1.160
1.093
1.093
1.093
1.093
2.271
1.093
1.093
1.097
1.093
1.093
16.767
4.824
1.093
1.093
1.093
1.093
20.680
1.106
1.093
1.093
1.093
1.093
1.158
1.365
17.092
5.121
1.093
1.093
1.095
12.872
9.999
1.097
1.093
1.093
1.093
1.093
1.093
1.093
1.093
1.093
1.093
1.339
1.399
10.306
1.093
8.361
1.093
18.166
3.991
2.138
1.134
2.365
1.093
1.093
1.093
1.092
1.092
1.092
1.092
1.141
15.977
1.927
1.092
1.092
1.092
1.092
1.098
1.092
20.813
1.200
1.092
1.123
3.274
3.072
1.092
1.139
23.312
1.881
1.092
1.135
1.092
1.152
1.092
1.092
1.092
1.230
1.092
1.092
1.092
1.092
1.101
1.092
1.092
1.092
12.485
14.890
7.359
1.092
1.092
1.099
1.096
1.475
1.248
1.642
1.093
1.092
1.092
1.092
1.137
1.092
1.125
1.092
1.092
1.098
24.668
1.092
1.140
10.346
1.170
1.092
1.092
1.092
1.092
1.092
1.092
1.092
1.092
1.092
1.092
1.141
1.092
1.092
1.091
1.091
1.091
1.091
1.120
1.091
1.091
1.198
1.103
1.153
1.150
1.091
1.117
1.091
1.091
1.091
1.091
1.092
1.093
1.091
1.103
1.091
1.096
1.091
1.581
4.570
1.091
1.091
1.159
1.354
1.093
1.091
1.091
1.803
1.091
1.091
1.091
1.773
1.091
1.125
1.091
1.096
1.091
1.091
1.091
1.091
1.091
5.284
18.217
1.091
1.091
18.986
1.091
1.091
1.091
1.223
1.091
1.091
1.091
1.091
1.092
1.307
1.102
1.130
1.091
1.091
1.091
1.091
1.109
1.091
1.116
1.091
1.091
1.091
1.312
1.091
1.116
1.331
1.091
1.091
1.089
1.089
2.685
1.089
1.089
1.089
4.412
1.089
1.089
1.091
1.089
1.143
1.095
1.089
1.749
1.089
1.143
1.089
1.089
3.471
15.181
1.198
1.089
1.089
1.089
1.095
1.113
10.788
1.156
1.101
1.089
1.089
1.089
1.089
1.089
1.089
1.089
1.089
1.089
1.089
1.124
10.246
1.089
1.089
1.088
1.750
5.738
1.088
1.088
1.088
1.088
1.088
1.088
1.278
1.088
1.091
5.343
6.163
1.088
1.089
1.088
1.088
5.560
4.596
1.088
2.838
1.350
1.094
1.088
1.088
1.088
1.088
1.088
1.088
1.088
18.603
1.088
1.088
1.088
1.088
1.088
16.100
1.095
1.386
1.288
1.088
1.183
1.088
1.088
1.088
1.088
1.088
1.123
1.088
1.092
1.090
1.088
1.088
1.088
1.124
7.144
1.096
2.101
1.088
1.088
1.088
1.622
1.088
1.088
1.133
1.092
1.088
1.088
1.088
1.088
1.088
1.093
1.096
1.088
1.088
1.088
9.061
1.089
1.088
1.088
1.092
1.124
1.090
4.371
1.500
1.088
1.088
1.088
1.111
14.958
1.674
1.088
1.088
1.088
1.112
1.088
1.088
13.158
1.088
3.636
1.088
1.088
1.088
11.757
1.088
1.095
1.134
1.088
1.088
1.088
1.088
1.094
1.088
1.088
1.088
21.150
1.183
1.151
1.089
6.479
1.094
1.088
1.088
1.088
1.101
1.111
1.088
2.078
1.088
1.088
15.781
1.088
1.088
1.088
1.088
1.088
1.093
1.088
1.088
1.088
1.088
1.099
1.088
1.088
1.088
1.864
1.133
1.088
1.088
1.088
1.163
1.088
1.088
1.088
1.088
21.359
1.570
1.088
1.088
24.496
1.088
1.329
1.088
1.170
1.138
14.578
21.494
1.088
1.088
1.088
3.170
1.088
2.401
1.088
1.108
1.088
1.091
1.088
1.088
1.088
1.088
1.088
1.088
1.184
1.088
1.431
1.108
4.275
1.088
1.088
1.088
1.088
1.088
21.539
1.088
1.088
1.088
1.088
1.088
17.896
2.702
1.088
1.191
1.088
1.088
1.220
1.088
1.087
1.087
1.087
1.120
2.708
1.087
1.087
1.511
1.087
1.093
15.123
1.087
1.251
1.087
1.105
1.087
1.087
2.272
1.087
1.092
1.087
1.522
1.189
1.088
1.129
2.778
1.087
1.149
1.087
1.087
18.315
1.236
2.109
1.087
1.087
1.087
1.087
11.715
1.087
1.087
1.087
1.087
1.087
12.852
1.087
1.087
1.087
1.087
1.088
1.087
1.088
1.087
1.087
1.087
1.087
1.813
1.087
1.087
1.087
1.087
1.087
1.087
1.087
1.087
15.899
1.087
2.893
1.087
1.144
1.087
1.087
1.087
1.087
1.087
1.087
1.087
1.087
1.087
10.961
1.087
1.087
1.087
1.087
1.382
1.087
1.087
1.087
1.120
1.087
1.087
1.091
1.087
1.087
8.022
1.087
1.087
1.729
1.087
1.087
1.087
1.127
1.087
1.087
5.456
1.087
13.381
1.087
1.090
1.087
1.087
1.087
1.087
1.087
1.087
1.087
1.224
1.095
1.087
1.087
1.087
1.157
1.087
1.087
1.087
1.567
1.087
1.086
1.084
1.084
1.084
1.084
1.084
1.101
2.086
1.084
17.615
1.084
1.084
1.084
5.207
1.203
1.084
1.084
1.083
24.788
1.083
2.283
1.082
1.082
1.082
1.082
1.082
1.082
2.685
1.082
1.082
1.101
1.082
1.082
1.207
1.195
1.122
1.083
1.736
1.172
1.082
1.082
2.137
24.183
1.082
1.082
6.872
1.082
1.082
4.267
1.082
1.727
1.082
1.082
1.082
1.082
1.166
1.154
1.082
1.082
1.082
1.082
1.082
1.082
1.082
1.082
1.082
1.082
1.082
1.082
1.082
23.623
1.082
1.137
1.106
1.082
1.084
1.308
1.082
1.082
1.082
4.578
1.082
1.082
1.082
1.082
1.082
5.770
1.122
1.082
1.082
2.686
1.082
1.082
2.347
1.082
17.538
1.082
9.770
1.082
1.185
1.081
1.081
1.081
3.141
1.081
1.081
1.081
1.081
1.081
1.081
10.436
3.964
1.081
1.186
16.203
1.733
4.082
11.595
15.569
1.117
1.081
1.081
1.242
1.081
1.081
3.398
1.081
1.081
3.850
1.121
1.084
2.234
1.081
1.081
1.717
17.801
1.081
1.081
1.113
1.081
1.235
1.087
1.081
1.080
15.757
1.084
1.080
1.080
1.080
1.080
1.085
1.080
1.080
1.080
1.080
1.079
1.079
1.089
1.079
1.079
1.079
1.079
1.079
1.285
1.079
11.230
1.095
1.079
1.079
1.079
1.079
7.643
14.682
1.079
1.110
1.154
1.079
1.079
1.079
1.079
1.079
1.117
1.079
15.319
1.079
1.152
1.084
1.092
1.079
1.079
1.079
1.079
1.079
1.079
1.079
1.079
1.079
1.079
1.079
18.783
1.079
1.079
17.004
1.079
1.079
1.083
1.079
1.079
1.089
1.079
1.079
1.079
1.079
1.079
1.079
1.079
1.079
1.092
1.079
1.079
1.080
1.079
1.079
1.079
1.079
1.079
1.079
1.079
1.079
3.107
1.079
1.079
1.079
1.079
1.079
1.079
1.079
1.079
1.111
1.079
17.966
1.143
1.161
1.079
1.100
1.079
1.079
1.079
5.396
1.079
1.079
1.079
1.930
1.090
24.257
1.180
1.079
1.081
24.838
1.079
1.079
1.079
7.710
1.079
1.079
1.690
3.651
1.079
1.079
1.299
1.079
1.079
1.079
1.079
4.671
1.079
1.079
1.079
1.079
1.081
1.079
5.750
1.079
1.079
1.079
1.079
1.477
1.668
1.079
1.079
1.079
1.079
1.079
1.079
1.135
18.740
1.079
1.079
1.079
1.098
1.080
1.081
1.079
1.079
1.079
1.079
1.091
1.079
1.079
1.079
1.079
1.501
1.079
8.457
1.079
1.079
1.158
1.079
1.079
1.079
1.079
1.079
7.357
1.079
1.079
1.082
1.079
1.079
1.079
18.922
14.839
1.079
1.079
1.224
1.079
1.401
1.079
1.079
1.125
1.079
11.872
1.101
1.079
1.139
1.079
1.079
1.079
1.079
1.079
1.079
1.336
1.079
1.079
1.079
1.117
1.079
1.079
1.079
1.282
1.079
1.150
1.079
1.079
1.079
5.037
1.079
1.100
1.079
1.079
1.079
1.079
1.079
1.079
1.079
1.742
1.079
1.338
1.079
1.079
1.079
1.079
1.079
1.126
1.079
19.731
1.079
1.079
1.079
1.079
1.080
14.672
1.608
1.079
1.244
1.131
7.514
1.900
1.079
1.079
1.079
1.079
1.128
1.079
1.079
1.312
1.079
1.079
1.079
1.079
1.079
1.080
1.079
1.079
1.079
1.079
2.246
1.872
1.079
1.079
1.079
1.184
24.839
1.079
1.079
1.079
1.079
1.079
1.079
1.079
1.079
1.079
13.539
1.591
1.079
1.079
1.079
1.079
1.079
9.689
1.079
1.079
1.079
1.079
1.079
1.081
1.651
2.724
1.101
1.583
1.091
1.086
1.079
1.079
1.079
1.079
2.507
1.120
1.203
1.079
1.079
1.562
1.080
1.079
1.079
1.079
1.077
1.082
1.077
1.077
1.077
1.077
10.507
1.077
1.074
1.074
1.074
24.777
1.074
2.557
1.074
1.074
2.510
1.594
1.074
1.074
1.074
1.074
1.074
1.074
1.074
1.074
1.074
1.074
1.074
1.074
12.499
1.074
14.019
1.074
1.074
1.074
1.074
1.074
1.074
1.074
1.080
1.074
1.074
6.098
1.074
1.074
6.881
1.396
1.074
1.074
1.074
1.074
1.074
1.074
1.074
1.074
1.074
1.074
1.074
1.074
1.094
1.074
1.074
1.278
1.116
1.074
1.074
1.074
1.088
1.074
1.074
1.074
1.074
1.127
1.074
1.074
1.074
1.074
2.778
1.086
1.167
1.074
1.632
1.074
1.074
1.074
1.150
1.841
1.128
9.335
1.074
20.023
1.197
1.074
1.074
1.074
1.074
15.429
1.146
1.078
1.074
1.658
1.074
1.074
1.074
1.074
1.170
6.460
1.074
1.084
24.190
1.074
1.185
1.080
1.074
1.074
1.074
1.192
1.074
1.108
1.162
15.241
1.074
1.074
1.074
3.052
1.074
1.089
1.074
2.372
1.074
1.080
1.074
1.074
1.103
1.074
1.074
1.074
1.074
1.074
1.074
1.074
1.074
1.074
1.074
1.074
1.074
1.078
1.074
1.074
1.105
1.074
8.661
1.074
1.074
1.074
1.070
1.070
1.069
1.069
1.069
1.069
15.488
15.625
1.069
21.682
5.874
1.385
1.069
1.069
7.241
1.069
1.069
1.069
1.069
1.072
1.069
1.069
1.069
1.069
13.473
2.013
1.115
24.226
1.069
1.600
1.069
1.084
1.069
1.069
7.877
15.923
1.069
1.070
1.069
1.069
2.942
1.069
1.069
1.084
15.626
7.899
1.080
1.069
1.069
1.069
1.069
1.069
1.108
1.069
1.069
1.069
1.069
1.069
1.324
1.069
1.069
1.102
1.444
5.615
1.069
16.586
1.131
1.069
1.086
1.069
1.069
1.069
1.069
24.853
1.656
1.069
1.264
1.069
1.101
1.069
1.069
1.069
1.069
1.069
1.071
1.069
1.069
1.069
1.069
1.731
1.069
1.069
1.069
3.864
6.576
1.069
1.069
1.069
1.069
1.069
1.069
1.069
1.069
1.705
12.778
1.346
1.069
1.743
1.711
1.235
1.069
1.069
1.069
1.069
1.069
1.909
8.972
1.069
1.069
1.069
1.584
1.069
1.070
1.115
1.069
1.556
1.069
1.069
1.069
4.582
1.069
1.306
2.637
1.069
1.069
1.566
1.069
1.069
1.084
1.069
1.069
10.414
1.070
1.069
1.069
1.069
1.069
1.069
1.069
1.069
1.072
1.069
1.069
1.069
7.294
1.069
1.069
1.069
1.140
1.103
1.069
1.069
1.069
1.069
1.327
1.069
1.069
1.069
1.069
1.082
1.069
1.069
1.069
1.069
21.570
1.069
2.018
1.070
1.069
1.069
2.475
1.069
1.068
1.068
1.068
1.068
1.068
1.068
1.068
4.435
2.725
1.313
1.068
7.427
12.642
1.068
1.068
1.071
1.068
1.068
1.068
1.068
1.068
1.068
1.068
1.068
1.068
1.069
1.083
1.106
1.068
1.068
1.068
4.293
1.068
1.068
22.515
1.068
1.068
20.389
1.074
1.068
1.071
1.068
1.068
1.068
1.068
1.068
1.068
1.110
23.570
1.068
1.068
24.903
1.163
1.068
1.068
1.075
4.625
1.068
1.068
1.083
1.068
1.068
1.068
1.068
1.068
1.111
1.353
1.068
1.073
1.068
1.636
1.093
1.068
1.068
1.068
1.068
1.068
1.068
4.786
1.068
1.104
1.656
5.491
1.068
1.068
1.068
1.068
1.089
1.068
1.068
1.108
1.125
1.068
1.068
1.068
1.068
1.068
1.068
1.068
1.068
1.068
1.068
1.068
1.068
1.078
1.072
1.068
1.068
1.068
1.068
1.068
1.068
1.068
1.070
1.077
1.068
5.838
3.227
1.068
1.070
21.879
1.074
1.106
4.376
1.068
1.068
1.096
1.097
1.068
1.068
1.074
1.295
1.068
1.073
24.722
1.068
1.068
9.291
1.068
1.068
1.125
1.076
24.929
1.068
1.068
1.082
1.068
1.084
3.167
1.088
2.336
1.092
1.068
1.144
1.068
1.068
1.661
1.068
21.845
1.068
1.068
1.162
1.068
1.068
1.068
1.177
1.068
1.068
13.418
1.068
1.077
16.531
1.068
1.068
1.073
1.068
7.770
1.124
17.092
1.068
1.292
1.068
19.796
1.068
1.068
1.068
1.068
1.068
1.068
1.071
1.068
1.068
1.068
1.068
12.375
1.070
1.068
1.068
1.068
1.068
15.508
1.068
1.068
1.068
1.068
1.068
1.068
1.068
1.068
1.068
1.068
1.116
22.786
1.068
1.085
1.068
1.081
1.128
1.068
1.068
1.068
15.812
1.068
1.068
1.068
1.068
1.068
1.068
1.068
2.052
1.068
1.068
1.068
20.755
5.307
1.068
1.068
1.068
1.331
1.125
1.068
2.412
2.156
1.068
1.068
1.738
1.068
1.068
4.071
1.147
1.068
1.068
1.068
1.068
1.068
1.068
1.093
1.068
1.068
1.068
1.068
1.153
1.068
1.068
1.068
6.598
1.068
1.068
1.068
1.068
9.025
1.109
1.068
1.068
1.068
1.170
16.402
11.373
1.116
1.068
1.068
1.073
1.168
1.068
1.152
1.068
1.113
1.068
1.068
1.068
1.068
1.082
1.068
3.965
1.695
1.068
1.125
1.068
1.332
8.739
2.746
1.116
17.337
1.068
1.068
1.142
1.242
1.068
1.096
1.067
1.067
1.067
1.071
7.374
1.663
1.067
1.070
1.067
1.067
1.067
1.072
1.067
1.132
1.067
1.067
1.067
1.067
1.067
1.067
1.067
11.638
1.067
1.067
1.067
1.067
1.834
1.449
1.258
6.860
1.180
1.067
1.409
1.067
1.067
1.075
1.067
1.068
1.692
1.067
1.067
2.537
1.067
1.068
1.067
1.114
1.067
1.067
1.067
1.067
1.067
1.067
2.839
1.069
1.067
1.067
1.067
1.067
1.067
1.067
1.091
3.972
1.067
1.068
1.067
1.067
1.067
1.067
1.067
1.067
1.067
1.079
1.067
1.262
1.067
1.067
1.079
1.067
1.067
1.067
1.067
1.067
1.067
1.067
1.075
1.067
1.336
1.067
13.633
1.114
1.080
14.553
1.073
1.067
10.750
5.943
1.067
1.067
14.537
1.067
1.067
1.103
7.498
1.067
1.067
11.619
1.067
1.067
1.067
7.884
1.067
1.067
1.093
1.067
1.067
1.067
1.248
1.067
1.067
1.067
1.067
1.067
1.067
1.067
1.067
1.067
1.117
1.067
1.067
1.067
1.104
1.067
15.613
1.067
1.067
1.244
1.189
1.154
1.067
1.128
1.067
1.079
1.066
10.336
1.066
1.066
1.066
1.069
1.066
1.066
1.066
1.066
2.382
1.066
11.991
1.066
6.680
1.066
1.151
1.111
1.066
1.066
6.384
1.066
1.066
1.180
1.069
1.066
1.103
14.989
1.092
1.722
1.148
1.066
1.066
1.073
1.445
1.066
1.069
15.337
1.066
16.449
1.066
1.066
1.066
1.072
1.229
1.066
1.066
1.066
1.066
1.066
1.066
1.075
1.066
1.066
1.066
1.066
1.066
1.066
1.135
1.138
1.066
2.046
1.066
1.066
1.066
1.066
1.066
1.126
1.066
1.066
1.066
15.330
1.066
1.066
1.089
1.496
1.159
1.066
1.066
1.066
1.066
1.066
1.066
1.066
1.066
1.092
1.066
1.066
1.421
1.066
1.066
1.066
1.085
1.066
1.066
24.905
1.066
1.112
1.066
1.066
1.066
1.066
1.066
1.066
1.066
1.068
1.066
1.066
1.669
11.173
1.237
1.066
1.544
1.066
19.269
1.066
1.066
1.066
1.066
1.066
1.066
1.089
1.066
1.066
1.066
1.111
1.066
1.066
1.066
1.066
1.067
1.066
1.066
1.066
1.066
1.066
1.066
1.066
1.118
1.066
1.067
13.959
1.066
1.066
1.095
1.123
1.066
1.425
1.066
1.066
1.576
1.066
1.111
1.066
1.066
1.066
1.066
1.066
1.066
1.088
1.433
1.066
1.066
1.066
1.066
1.066
1.066
1.066
1.072
1.066
1.070
1.066
1.066
12.605
1.066
14.437
1.097
1.066
1.069
1.066
1.066
1.069
1.066
1.884
1.066
1.066
1.066
1.066
1.075
11.960
2.517
2.154
1.067
1.066
1.066
1.066
1.066
1.066
1.066
10.517
1.066
1.066
1.074
1.066
1.072
1.299
1.114
1.066
1.066
1.066
1.066
1.066
1.067
1.089
1.140
1.066
1.066
1.066
23.876
1.066
10.116
1.066
1.066
1.066
1.066
1.066
1.066
1.066
1.705
1.066
1.066
1.066
15.965
1.069
1.066
1.066
1.121
1.098
1.072
1.067
1.066
1.071
1.067
1.070
1.411
1.141
1.066
1.066
4.897
1.066
1.414
1.067
1.066
1.630
1.066
1.066
1.091
1.073
5.943
1.066
18.188
13.545
1.066
1.205
1.066
1.066
1.066
1.073
1.066
1.069
1.066
1.066
1.249
4.770
1.066
1.066
1.198
1.066
1.066
1.066
1.065
1.085
1.065
3.849
1.065
1.462
1.081
1.065
1.065
1.065
1.706
1.068
1.393
1.065
1.120
23.027
10.154
1.101
1.065
1.065
1.065
1.282
1.094
1.065
1.065
2.216
1.065
1.065
3.308
1.065
1.065
1.065
4.859
1.065
1.065
1.065
1.073
1.065
16.830
16.367
1.065
1.065
13.779
1.065
1.065
1.065
1.065
1.087
1.065
1.065
1.065
1.080
1.065
1.065
1.065
1.065
1.065
7.676
7.946
1.290
24.872
1.065
1.939
1.065
1.124
1.065
5.723
1.065
1.065
1.065
1.132
11.250
1.141
2.211
1.065
1.065
12.203
1.065
1.065
1.116
1.065
1.065
1.068
6.058
1.065
1.065
1.068
1.065
1.068
1.065
12.597
1.583
1.065
1.121
1.088
1.065
1.065
1.422
23.206
1.082
5.874
11.305
1.065
1.065
20.573
1.065
19.336
1.064
12.739
1.064
1.064
1.064
1.064
1.069
1.064
1.070
2.545
1.106
1.064
1.065
1.064
1.064
1.067
1.064
23.893
1.064
1.064
1.064
1.166
2.489
1.068
1.064
1.064
1.064
1.064
1.925
1.064
1.064
1.064
1.066
1.064
1.064
1.064
1.064
24.882
1.064
5.126
1.064
1.678
1.064
1.112
1.064
24.923
1.064
1.064
1.064
1.132
1.873
1.064
1.064
2.789
7.972
1.064
1.064
4.743
1.064
1.064
1.064
1.173
1.064
1.079
1.132
14.663
1.064
1.064
1.064
1.064
1.064
1.150
1.064
1.064
1.064
1.064
1.064
1.064
24.916
3.452
1.064
1.064
1.064
1.064
1.064
1.064
1.157
1.065
1.064
1.146
1.064
1.064
4.431
1.064
1.064
1.064
3.028
1.070
1.064
1.064
1.064
1.066
1.064
1.070
1.064
1.064
1.435
1.064
1.064
1.119
1.064
1.064
1.064
1.064

Results for SA
Target: Iris-versicolor: 
Correctly classified 147.0 instances.
Incorrectly classified 3.0 instances.
Percent correctly classified: 98.000%
Training time: 33.637 seconds
Testing time: 0.004 seconds

