-i 10000 -algo sa -alpha .60 
Iterations: 10000
Cooling alpha: 0.6

Error results for SA
Target: Iris-versicolor
---------------------------
18.208
18.208
18.208
19.074
19.152
19.152
19.924
19.909
20.052
19.802
19.448
19.448
18.824
18.829
17.999
17.684
17.684
17.683
17.840
17.132
17.132
17.132
16.969
16.865
16.871
16.858
17.167
16.594
16.687
16.687
16.687
16.277
16.731
16.731
16.722
16.727
16.718
16.735
16.621
16.621
16.623
16.622
16.622
16.622
16.439
16.436
16.430
16.337
16.111
16.113
16.122
15.975
15.970
15.933
15.936
15.907
16.042
15.492
15.476
15.373
15.366
15.177
15.184
16.712
15.184
15.131
15.106
15.111
15.111
15.088
15.085
14.648
14.648
14.648
14.705
15.468
14.648
14.631
14.631
14.670
16.680
14.594
14.587
14.587
14.587
18.327
14.671
14.583
14.029
14.210
14.044
15.007
14.029
14.052
14.029
15.785
14.009
16.546
14.009
14.001
14.001
13.974
13.974
13.978
13.974
14.974
14.258
17.203
15.163
13.974
13.974
13.974
13.808
13.808
13.865
13.808
13.632
13.633
13.633
13.632
13.593
13.596
13.592
13.619
13.583
13.587
14.022
13.583
13.695
13.764
13.711
13.578
14.204
13.578
13.725
13.578
13.474
13.474
13.474
13.539
13.568
13.744
13.648
13.474
14.342
13.648
13.473
13.473
14.279
13.467
13.469
13.467
13.467
13.467
13.467
13.452
13.480
13.452
13.614
14.359
13.799
13.536
13.452
13.369
13.504
13.275
13.505
13.786
13.317
13.266
13.392
13.358
13.266
13.565
13.692
15.228
13.838
13.266
13.266
13.676
13.400
13.283
13.056
13.017
13.017
14.242
13.017
13.241
13.098
13.022
12.996
14.121
12.996
13.102
13.461
13.065
13.019
13.077
13.325
13.000
16.106
13.296
12.996
12.996
13.525
12.996
12.996
13.133
13.171
14.118
13.069
13.016
12.996
12.997
12.895
12.895
13.013
12.895
12.790
13.040
12.883
12.800
12.847
12.791
12.790
12.428
12.856
12.540
12.428
12.464
12.415
12.388
12.388
12.367
12.441
12.355
12.189
12.189
12.391
12.205
12.257
12.975
12.189
12.186
12.188
12.217
12.318
12.676
12.186
12.164
12.970
12.118
12.121
13.391
12.118
12.122
14.323
12.297
12.129
12.031
11.974
12.535
12.183
11.974
11.974
13.012
12.070
12.258
12.024
11.972
12.265
12.407
12.001
11.976
11.972
11.972
12.144
11.969
11.993
12.006
11.971
14.427
12.129
11.983
12.726
12.335
11.969
12.037
12.030
11.976
12.004
12.120
11.965
12.054
13.608
12.038
11.965
12.740
11.964
11.767
11.726
11.648
11.658
12.333
11.830
11.690
11.648
11.648
11.648
12.787
11.616
11.731
17.974
11.593
11.906
11.589
11.604
12.468
13.329
12.379
11.722
11.588
11.588
11.588
11.614
11.805
11.603
11.581
11.581
11.581
11.581
11.640
11.919
12.183
11.581
11.664
11.819
11.471
11.471
11.471
11.522
11.471
11.472
11.500
11.571
11.468
11.468
13.346
11.693
11.987
11.500
11.468
13.436
11.514
12.235
11.543
11.615
11.453
11.568
11.428
12.309
11.428
11.428
11.428
11.948
11.610
11.539
11.662
11.449
11.462
11.829
11.428
11.783
11.544
11.427
11.896
11.427
11.575
12.034
11.918
11.400
11.576
11.400
11.643
11.494
11.681
11.854
11.472
11.403
11.855
11.422
11.400
11.511
11.400
11.556
12.073
13.050
11.400
11.396
11.431
11.551
11.353
11.355
13.002
11.348
11.417
11.137
11.507
11.141
11.134
11.134
11.135
11.134
11.000
12.417
11.009
11.267
11.074
11.207
12.147
11.130
10.984
11.073
11.044
10.991
12.370
10.985
10.984
10.984
11.505
10.984
10.984
10.980
10.906
10.777
10.751
10.906
13.230
11.072
10.751
10.767
10.761
10.751
10.802
10.761
11.019
10.747
10.696
10.893
10.782
10.696
10.668
11.428
14.833
10.808
11.180
10.668
11.852
10.680
10.667
10.674
10.666
10.561
11.171
10.647
11.662
10.561
11.825
10.584
10.650
11.282
10.604
10.585
20.583
11.613
10.561
10.561
10.544
14.675
10.777
10.541
16.310
12.301
10.808
10.541
10.638
10.541
10.541
10.531
10.534
10.530
10.740
12.604
21.203
10.530
11.274
10.530
10.532
10.705
10.509
10.524
10.587
11.254
10.512
10.373
12.355
10.374
10.554
10.376
10.377
10.447
10.418
10.380
10.399
10.388
10.488
10.785
10.373
10.373
11.253
10.379
10.643
10.373
10.889
10.678
10.360
10.166
10.184
10.081
10.081
16.897
10.097
16.413
10.081
10.076
10.501
10.108
10.100
10.076
10.658
20.806
10.038
10.438
10.024
10.024
10.021
10.022
10.153
10.022
10.021
10.100
10.054
11.472
11.904
9.422
9.362
10.116
9.414
9.676
9.362
9.413
9.362
9.381
9.368
9.403
9.129
9.129
9.095
10.043
9.159
9.795
9.101
9.096
9.181
8.925
9.877
8.921
8.935
9.206
10.293
9.548
8.930
8.922
8.915
8.925
9.597
9.430
9.191
9.154
11.811
8.916
8.915
8.942
8.981
8.893
8.893
9.034
10.655
9.388
9.343
8.893
8.917
9.351
8.964
8.945
9.098
8.893
8.893
8.897
8.836
8.836
8.793
8.792
8.928
8.898
9.088
8.793
8.727
8.727
8.746
10.283
8.727
8.726
8.730
8.745
8.712
8.712
8.537
11.248
8.853
8.537
8.747
9.895
8.681
11.482
8.566
8.537
8.537
14.525
8.847
8.537
8.537
8.537
12.061
9.218
8.537
8.537
8.717
8.632
8.620
8.539
9.006
8.537
8.537
8.750
8.513
11.424
8.885
8.515
8.513
8.503
8.505
8.463
8.470
8.447
8.473
8.479
8.365
9.211
9.210
8.166
8.552
8.134
8.194
9.722
8.122
8.107
8.107
8.107
8.361
9.161
8.305
8.154
8.117
8.094
8.098
8.114
8.094
8.020
10.194
8.142
7.992
9.669
7.849
13.127
10.780
7.932
8.064
8.528
7.935
7.849
7.911
8.042
7.905
7.849
7.820
7.603
8.350
8.055
7.700
7.593
7.589
11.027
7.583
7.641
8.434
8.402
8.075
7.583
7.568
7.608
7.568
15.059
7.579
7.568
7.648
7.560
7.434
7.434
7.434
7.550
7.452
7.479
7.486
7.747
7.632
7.427
7.620
7.625
9.491
7.422
7.421
9.273
7.727
11.470
7.421
7.386
7.373
7.373
7.373
8.136
7.358
7.820
7.358
12.119
7.904
7.269
14.668
7.384
7.269
7.348
8.413
7.301
7.269
7.269
7.609
7.271
7.468
7.263
7.627
7.364
7.968
11.572
7.261
7.821
7.285
8.104
7.459
7.300
7.315
7.060
7.060
7.115
7.060
7.141
15.502
10.262
7.131
7.060
7.060
7.935
12.078
7.061
7.269
7.123
7.195
7.092
7.278
6.991
7.431
7.244
7.053
14.168
8.410
7.039
6.998
6.991
6.991
6.991
6.798
6.992
6.419
6.419
7.103
6.530
6.970
6.814
11.675
6.419
10.438
6.510
6.407
5.960
10.000
5.965
6.193
5.960
5.960
6.224
5.960
5.960
5.942
5.942
5.958
7.170
6.203
5.943
6.201
6.061
5.596
5.503
5.848
5.645
5.503
5.504
8.759
5.931
6.088
5.504
5.503
10.072
8.207
7.289
5.519
5.473
5.960
5.468
6.078
6.135
5.449
6.081
5.445
5.445
5.445
5.567
6.418
5.550
5.445
5.443
5.620
5.437
5.569
5.562
5.559
5.439
5.794
5.493
5.610
12.773
11.069
7.980
5.595
5.437
7.906
5.650
5.469
5.437
5.511
5.447
11.379
6.060
7.145
5.565
5.698
5.397
6.035
5.440
5.425
5.397
5.470
5.397
5.428
5.423
5.413
5.397
5.488
5.568
5.517
6.648
5.397
5.702
5.305
5.305
5.454
14.709
5.292
5.270
5.270
9.078
9.690
5.270
5.270
5.540
5.219
5.219
5.313
6.023
6.152
5.234
5.219
9.899
5.219
5.219
5.219
5.377
5.235
5.226
5.219
5.219
5.219
5.219
7.615
5.377
5.311
5.650
5.225
6.972
5.219
5.219
5.219
5.299
5.216
5.597
5.210
5.203
5.694
5.475
5.340
5.203
5.675
5.203
5.975
5.203
6.258
5.203
5.203
5.212
5.526
5.999
5.320
5.266
5.208
5.173
5.173
5.256
5.291
5.351
13.441
5.318
5.169
5.169
5.169
5.192
5.477
5.172
14.549
5.169
5.390
11.991
5.608
5.164
5.164
6.633
5.164
7.846
5.192
5.164
5.354
5.164
5.902
5.151
5.365
5.154
5.151
6.118
5.151
5.564
5.151
5.151
5.151
5.217
5.437
5.151
5.373
5.140
5.505
5.140
5.099
5.127
5.201
5.099
5.102
5.099
5.099
5.099
5.130
5.119
5.110
5.099
5.099
5.099
6.753
6.072
5.099
5.530
5.111
5.634
5.120
5.292
13.205
8.716
7.253
5.198
5.111
5.099
5.212
5.099
5.145
5.101
5.098
5.098
5.134
8.698
5.098
5.099
5.098
5.098
6.470
5.113
5.101
5.098
5.099
5.098
5.179
5.098
7.697
5.103
5.148
9.831
5.545
5.098
5.098
5.216
5.125
5.098
5.411
6.489
6.754
5.098
6.052
6.564
5.226
5.129
5.098
5.098
10.648
5.163
5.098
5.857
5.100
5.117
5.247
5.097
5.381
5.308
5.147
5.148
6.992
5.119
5.742
5.488
5.121
6.235
5.198
5.185
5.299
5.619
5.091
5.091
5.194
14.546
5.097
5.113
5.076
5.306
5.076
7.454
6.069
5.107
5.320
5.101
5.176
5.077
6.298
5.088
5.043
5.006
5.217
5.205
5.280
5.006
5.009
13.342
7.664
5.182
5.043
5.144
5.219
4.973
4.992
4.973
5.371
5.034
4.983
4.973
6.248
4.964
4.964
4.964
5.295
4.964
4.999
4.964
5.723
4.964
7.359
4.964
4.964
4.986
4.957
5.461
4.957
4.971
5.053
5.831
5.572
4.994
4.957
5.433
5.031
4.955
4.955
4.959
4.955
4.949
5.024
4.949
4.949
5.004
4.943
5.017
4.966
8.341
4.943
7.265
5.178
5.045
4.943
4.953
4.939
4.939
4.939
4.942
4.937
4.937
4.974
4.937
4.940
4.930
5.658
6.031
4.872
4.876
5.077
4.872
4.975
4.871
5.092
4.897
4.871
5.348
4.894
4.881
4.857
6.067
10.752
5.025
4.857
4.857
4.857
4.854
4.903
5.060
5.036
4.853
4.935
4.853
4.856
4.847
4.847
4.940
4.917
7.182
4.846
4.847
5.005
4.921
4.846
5.097
4.846
4.860
4.846
4.859
7.056
4.846
4.851
5.220
4.846
4.816
5.114
4.816
4.816
4.888
13.671
4.817
4.803
4.803
10.974
4.810
5.091
4.806
5.186
9.409
4.835
4.803
4.814
5.499
4.803
4.786
4.790
4.874
4.883
4.786
4.773
5.547
4.773
4.773
4.747
4.778
5.202
7.263
4.844
4.747
4.747
4.871
4.745
4.740
4.886
4.762
5.402
4.784
4.763
4.744
4.820
4.737
4.835
4.930
4.960
6.910
6.685
9.827
5.693
4.959
4.935
4.737
4.701
4.733
4.838
4.875
4.903
4.701
4.704
4.714
5.042
6.014
5.200
4.779
4.701
4.756
4.701
5.170
4.701
4.701
4.785
4.752
5.221
5.032
5.053
9.049
4.702
4.738
4.701
4.700
4.712
4.744
4.700
4.700
4.700
4.821
4.700
4.700
4.890
5.214
4.687
4.688
4.687
5.594
4.687
5.028
4.689
4.687
4.630
4.604
4.824
4.669
4.604
4.653
5.629
4.964
4.795
4.605
4.824
4.609
6.314
4.798
5.271
4.604
4.786
4.605
5.027
4.604
4.651
5.018
5.266
4.673
4.921
4.604
4.860
4.604
4.635
4.606
4.604
4.613
5.063
4.844
4.604
4.840
10.509
4.604
5.211
4.604
8.719
6.102
4.605
4.604
4.581
4.581
4.588
4.581
4.570
5.072
5.121
4.540
4.491
9.183
13.883
4.937
4.491
4.494
4.491
4.491
4.491
4.491
4.510
9.839
4.492
4.491
4.491
5.458
4.761
4.473
4.470
4.470
4.469
5.036
4.535
4.565
4.469
4.469
4.478
4.475
5.101
6.112
4.469
4.469
4.468
4.500
4.468
4.671
4.468
4.839
4.462
4.492
4.463
4.456
4.671
4.517
4.465
4.706
4.456
4.507
4.477
4.456
4.456
4.461
4.456
4.746
4.488
5.117
4.456
4.576
4.584
4.481
4.621
4.464
4.456
5.729
4.466
4.456
4.536
7.867
4.507
4.897
4.807
5.201
6.839
4.448
4.696
4.661
4.594
4.492
4.497
4.448
4.507
4.966
4.543
4.521
4.448
4.448
4.448
4.791
4.448
6.166
4.530
4.448
4.510
4.482
4.448
4.448
4.472
4.447
4.447
12.648
5.584
4.478
4.441
4.457
4.470
4.441
4.491
7.533
4.441
4.684
4.406
8.336
4.415
4.406
8.077
4.406
4.415
4.458
4.504
4.406
4.406
4.410
5.584
5.442
4.503
4.406
4.885
4.406
4.406
6.372
6.156
4.400
4.408
5.187
4.400
4.764
14.491
4.400
4.651
8.957
4.405
5.045
4.396
4.865
4.480
4.396
7.232
4.406
4.445
4.459
4.394
4.685
13.710
4.403
4.393
4.549
4.393
4.479
4.408
7.630
4.393
4.393
5.997
4.393
4.394
7.203
4.755
4.391
4.679
4.657
4.412
4.391
14.826
4.478
4.362
4.385
4.368
4.370
4.349
4.828
5.129
4.605
4.349
4.474
6.692
4.376
4.495
4.350
4.396
4.349
4.407
4.973
4.723
4.349
5.187
5.298
4.349
4.350
4.349
4.836
4.349
4.350
4.350
4.355
4.349
4.755
9.504
4.353
6.500
4.349
4.349
4.372
4.361
4.349
4.349
4.349
4.564
4.349
8.463
4.071
4.071
4.461
4.071
5.073
4.071
4.110
4.115
5.312
4.957
4.071
4.113
4.071
4.071
4.074
7.821
4.240
4.071
4.210
4.071
15.614
4.628
4.910
4.217
4.115
4.071
4.099
4.137
4.071
4.071
5.910
5.552
4.076
4.082
4.075
3.816
4.607
3.856
3.864
3.798
3.798
3.798
3.896
3.798
4.075
3.798
3.795
3.795
3.796
3.904
3.830
4.103
4.126
3.795
4.008
3.872
3.788
3.956
3.788
3.788
3.821
7.261
3.818
3.789
4.597
3.787
3.787
3.679
3.723
3.677
3.677
4.020
3.677
3.864
3.787
3.677
3.671
10.112
3.663
3.663
4.013
3.663
3.663
3.599
3.686
3.599
3.799
3.593
9.665
3.775
3.616
3.593
3.698
3.593
3.596
3.593
3.591
3.587
3.587
3.587
3.587
3.616
3.590
3.587
3.617
3.580
3.580
3.630
4.781
3.580
3.580
4.384
3.867
3.992
3.586
3.531
3.768
3.531
4.221
3.583
3.531
3.531
3.518
3.518
3.518
3.518
3.650
3.589
3.592
4.051
3.404
3.478
3.405
5.675
3.489
3.404
3.572
4.433
4.180
3.404
3.404
3.384
4.029
3.384
3.388
3.384
3.384
3.384
3.907
3.384
3.384
3.473
3.397
3.382
4.224
4.582
3.651
3.403
3.380
3.380
13.770
3.380
3.379
3.378
3.378
3.452
3.378
3.374
3.793
3.374
3.314
3.315
3.300
3.426
3.300
3.300
3.300
3.301
3.328
3.546
3.300
3.300
3.294
3.294
3.294
3.294
15.347
3.309
3.294
3.293
3.234
3.346
4.412
3.235
3.405
3.313
3.232
3.233
3.247
3.232
3.235
3.232
6.278
3.232
3.232
3.232
3.238
3.227
5.891
3.838
7.843
3.227
3.623
3.312
3.227
3.238
3.472
3.227
3.227
3.233
3.226
3.250
3.226
3.226
3.638
3.954
3.361
3.226
3.226
4.341
3.226
3.226
3.666
3.226
3.474
3.226
7.761
3.389
3.236
3.228
3.107
3.107
3.147
3.184
3.107
3.105
3.584
5.831
3.374
3.105
3.102
3.102
3.175
3.218
3.102
3.102
3.102
3.368
3.102
3.136
11.416
3.124
3.104
3.102
3.102
3.107
3.101
3.122
3.178
3.099
3.101
3.101
17.286
3.099
5.686
3.109
3.220
3.100
3.109
3.100
3.098
3.098
11.389
3.099
3.098
3.099
3.113
3.177
14.963
3.097
3.108
3.097
3.097
3.097
3.352
3.097
3.106
3.097
3.097
3.404
2.963
2.962
2.962
2.920
2.918
2.918
2.916
3.090
2.916
2.916
2.920
9.886
2.961
2.915
2.915
2.914
2.879
2.924
2.879
2.883
2.879
3.017
3.307
2.879
11.593
2.884
2.879
2.885
2.879
2.879
2.892
20.661
3.077
2.879
3.035
9.017
3.080
2.879
2.970
2.941
3.059
21.168
2.897
9.115
2.890
2.902
7.046
2.882
2.850
2.850
5.602
2.850
2.850
2.850
3.358
2.850
2.850
2.931
2.850
2.862
2.850
3.824
2.850
2.866
7.363
2.849
2.849
2.849
2.849
2.849
2.849
2.935
2.884
7.343
2.849
2.842
2.838
2.838
3.009
3.077
3.199
2.880
3.072
2.838
3.081
2.838
2.843
2.838
2.906
2.837
3.008
2.837
2.838
2.838
2.829
2.828
2.839
2.829
2.836
2.828
2.828
2.828
2.872
2.837
2.859
2.828
2.828
2.823
3.173
2.878
3.082
2.823
2.823
2.906
2.823
2.822
2.822
3.178
2.822
10.554
2.822
2.822
2.841
2.822
3.522
3.440
2.898
2.833
2.822
7.908
2.822
2.822
2.822
2.966
2.821
2.923
2.821
11.071
2.821
2.821
2.821
2.821
2.825
2.809
2.810
3.381
5.566
2.809
2.999
3.078
2.809
2.809
2.809
3.208
2.809
2.783
2.732
2.746
2.744
2.859
2.732
2.807
2.732
2.712
2.712
2.779
2.712
2.754
2.723
2.712
2.713
2.711
2.700
2.700
3.166
3.081
2.700
8.177
2.745
2.713
2.720
2.702
2.700
2.724
2.714
2.700
2.891
2.700
2.600
2.600
2.600
2.600
2.600
2.624
2.869
2.690
2.674
2.672
2.796
2.601
2.600
2.600
2.600
2.600
2.600
2.855
2.600
2.613
2.930
2.600
2.636
2.624
2.601
2.600
2.603
2.600
2.600
2.600
2.562
2.559
2.559
2.483
2.829
4.139
2.561
2.547
2.483
2.483
2.694
2.483
5.144
2.494
2.488
2.483
2.483
2.495
2.583
2.483
2.515
2.483
4.885
2.603
3.609
2.483
2.483
2.468
2.468
2.468
2.564
2.468
2.468
2.469
2.468
2.482
3.128
2.468
2.468
2.473
2.468
3.270
2.476
2.741
2.470
2.468
2.467
2.467
2.483
2.467
12.418
2.467
2.468
2.954
2.470
2.502
2.467
2.507
5.108
2.467
2.467
2.467
2.467
2.469
2.467
2.467
2.466
2.470
2.466
2.466
2.471
3.880
2.466
4.807
2.467
2.466
2.566
2.466
2.609
2.466
2.466
2.497
6.639
2.485
2.462
2.462
2.462
7.645
2.463
2.462
17.207
2.477
2.562
2.647
2.523
2.462
2.467
2.462
2.461
2.536
2.461
2.581
2.460
2.460
2.460
2.460
2.536
2.460
2.543
18.326
12.104
2.482
19.134
2.460
2.460
2.460
2.460
2.460
2.535
2.644
2.448
2.448
2.534
2.448
2.448
2.452
2.447
2.637
2.544
2.463
2.447
9.494
2.447
2.597
2.447
2.447
2.376
2.376
6.364
2.376
2.378
2.382
2.376
2.376
2.411
2.391
2.611
2.376
7.949
2.374
2.394
2.457
2.370
2.373
2.368
2.368
2.368
2.768
2.368
4.145
2.368
2.388
11.156
2.366
2.369
2.366
2.367
2.354
2.543
2.354
2.354
2.595
2.354
2.354
2.365
2.354
2.370
2.354
7.128
2.388
2.625
3.487
2.358
2.354
2.388
2.397
3.017
2.354
2.397
2.354
2.354
2.763
2.357
2.366
2.642
2.548
2.354
2.584
2.445
2.421
2.354
2.518
2.360
2.354
2.363
2.386
9.544
2.354
2.354
2.354
2.366
2.400
2.607
2.496
2.361
2.354
5.487
2.354
2.354
2.377
2.353
2.353
2.457
2.353
2.353
2.484
2.356
2.353
2.353
2.353
2.353
2.353
2.356
19.011
2.354
2.543
2.353
2.373
2.371
2.362
2.353
2.354
2.401
2.352
2.352
2.352
2.386
8.203
2.429
2.510
2.352
2.649
3.079
15.651
2.419
2.353
2.352
2.352
2.352
2.352
2.352
2.467
15.668
4.326
2.381
2.395
2.416
7.440
2.357
2.352
2.437
2.578
2.379
2.352
2.352
2.355
18.716
2.352
2.352
2.379
2.368
2.354
2.410
2.352
2.473
2.362
2.356
2.352
2.639
2.352
2.352
2.355
2.352
2.452
2.378
2.353
2.366
2.823
2.359
2.352
3.005
2.383
2.373
2.423
2.351
5.060
2.351
3.146
2.351
2.351
2.351
2.352
2.361
2.398
2.351
2.362
2.351
2.354
2.353
2.351
2.351
2.351
2.351
2.374
2.351
2.351
2.351
2.502
18.047
2.451
2.351
2.356
2.357
2.351
2.353
2.388
2.352
2.351
2.351
4.096
2.351
2.351
2.582
2.534
2.350
2.495
2.552
2.350
2.349
2.350
2.350
2.353
19.642
2.480
2.407
2.423
2.362
2.349
2.349
2.349
2.434
2.349
2.418
2.357
2.505
2.350
2.349
2.375
3.047
2.350
2.390
2.342
2.342
2.343
2.342
2.492
2.342
2.342
2.352
2.430
2.445
5.014
2.342
2.343
2.342
2.342
2.355
2.343
17.593
2.343
2.342
2.342
3.422
2.342
2.819
2.342
2.342
2.343
2.358
2.342
4.646
2.344
2.340
4.169
3.002
2.340
17.805
2.334
2.334
2.320
2.320
2.321
2.389
2.320
2.324
2.306
2.313
2.306
2.423
2.323
2.306
2.317
3.353
2.306
2.306
2.384
2.319
4.031
2.306
13.468
2.661
2.314
2.307
2.310
2.306
2.332
2.374
2.303
2.303
2.329
2.634
2.305
2.390
2.303
2.302
2.302
2.302
2.541
2.303
2.329
2.302
8.921
2.302
2.347
2.302
2.310
2.302
2.302
2.301
2.306
2.392
2.734
2.301
2.347
2.317
2.301
2.299
2.299
2.299
10.007
2.299
2.299
2.324
2.299
2.306
2.304
2.312
2.306
2.312
2.299
2.339
2.223
2.223
2.223
2.257
2.234
7.203
2.302
2.223
4.984
2.223
2.515
2.758
2.223
2.954
3.236
2.223
2.232
6.653
2.223
2.223
3.336
2.344
2.222
2.211
2.211
2.211
2.214
2.211
2.211
2.232
2.211
2.211
2.228
2.273
2.211
2.211
2.218
2.754
2.211
2.230
2.186
2.186
2.192
2.186
2.186
15.720
3.537
2.187
2.186
2.657
2.186
2.203
2.186
2.181
2.182
2.181
2.181
2.183
2.411
2.181
2.188
2.188
2.732
2.181
2.181
12.660
2.205
2.457
2.182
2.181
2.181
2.181
2.733
2.184
2.181
2.181
2.190
2.395
2.182
2.381
2.182
2.183
2.181
2.181
2.185
2.469
2.181
2.181
2.181
2.181
2.390
2.181
2.194
2.257
2.181
2.181
2.182
2.181
2.181
2.181
2.181
2.175
2.228
2.175
2.175
2.174
2.163
2.196
2.163
2.161
3.790
2.161
2.161
2.147
2.147
2.147
2.148
2.147
2.148
2.168
2.840
2.148
13.790
2.147
2.147
3.941
2.154
2.160
2.192
2.148
2.147
2.147
2.150
2.161
2.148
2.147
12.329
2.147
2.696
2.878
2.156
2.060
2.060
2.044
2.044
2.058
2.090
2.012
2.013
2.012
2.013
2.012
2.011
2.012
2.011
2.011
2.011
2.262
2.067
2.011
7.768
2.060
8.022
2.011
2.256
2.011
3.110
3.319
3.248
2.049
3.189
2.011
2.011
2.011
2.011
2.016
2.010
2.010
2.010
2.010
2.010
2.010
2.019
2.010
2.031
2.005
2.005
2.188
2.094
2.005
8.332
2.005
2.005
2.005
2.005
2.038
2.016
2.004
2.004
2.004
3.130
2.015
2.149
2.175
2.004
2.004
2.004
2.004
2.004
2.004
2.004
2.008
2.041
2.004
2.182
2.004
2.010
2.127
2.011
2.588
3.201
2.004
2.157
2.012
2.004
14.646
2.004
2.012
2.004
2.005
1.937
2.048
1.993
2.022
2.036
10.563
1.937
1.940
1.937
1.937
2.461
1.937
2.141
3.040
1.937
1.945
1.978
1.939
1.937
12.267
1.937
1.941
1.956
1.993
1.937
1.937
5.097
1.946
1.937
1.937
2.071
1.994
14.777
1.937
1.937
1.938
3.489
1.937
1.937
1.937
1.936
1.936
1.956
1.936
1.943
1.936
1.936
1.954
1.936
1.937
1.975
1.936
1.939
1.966
1.937
1.944
3.461
1.936
2.078
1.938
1.940
2.009
1.936
8.558
1.936
1.936
2.010
2.344
1.955
1.936
1.936
1.952
1.936
1.936
2.087
1.936
1.936
9.903
1.936
1.919
1.920
1.919
1.919
2.205
1.919
1.926
3.842
1.919
1.920
1.919
1.919
1.922
1.919
1.919
6.242
10.696
5.221
2.212
1.903
2.351
3.384
1.904
1.904
1.990
1.960
4.445
1.901
1.901
1.905
2.012
1.915
1.901
1.963
1.927
1.901
1.901
1.900
1.921
1.902
1.919
1.900
5.258
1.901
1.904
1.900
1.902
1.993
1.901
1.900
1.906
1.902
1.998
1.904
1.996
2.012
1.900
1.899
1.900
1.899
1.900
7.414
2.043
1.899
2.093
1.899
1.899
1.931
1.901
1.899
1.899
1.908
1.918
1.899
14.189
1.955
1.906
1.899
1.899
1.899
1.900
1.920
1.899
1.902
1.899
1.899
2.334
2.054
1.899
3.671
1.899
1.899
1.899
1.899
1.912
1.899
1.887
1.890
1.887
1.940
1.887
1.887
1.880
1.880
1.880
1.965
1.880
1.886
1.881
1.881
2.068
1.930
1.965
1.980
2.057
1.880
1.887
1.898
1.883
1.897
2.003
1.904
1.875
1.876
1.882
1.875
1.913
2.538
1.899
1.951
1.877
1.875
3.149
1.877
1.875
1.880
1.878
1.875
1.875
1.875
1.875
1.960
1.877
1.875
1.875
1.875
2.766
1.918
1.874
1.874
1.874
2.015
1.878
2.448
2.757
1.874
1.874
1.874
2.190
2.181
2.415
1.906
1.877
1.874
1.893
2.081
1.911
2.548
1.874
1.874
1.874
1.951
1.894
1.874
1.873
6.198
1.873
1.874
1.873
1.873
1.873
1.873
1.874
1.873
1.872
2.046
1.872
2.700
1.853
1.876
1.871
3.268
1.996
1.853
1.853
1.960
1.853
8.946
1.986
1.853
1.852
1.852
1.852
1.852
1.853
1.852
1.824
1.828
1.824
1.824
2.093
1.824
1.824
1.829
1.824
2.033
12.504
5.687
1.824
5.818
1.824
1.824
1.825
1.824
1.824
1.824
1.824
3.028
1.949
1.848
1.821
1.821
1.896
1.821
1.821
1.822
1.821
1.822
1.821
3.654
1.821
1.821
1.987
5.903
3.784
3.708
1.820
2.140
1.820
1.859
1.820
1.820
1.820
1.842
15.271
1.883
1.820
1.828
1.804
1.803
4.300
1.806
1.806
1.803
1.803
1.803
1.794
1.795
1.963
1.794
1.794
1.800
1.794
1.794
1.789
1.789
1.789
7.408
1.762
1.769
1.762
1.762
1.764
1.762
2.805
1.762
1.759
14.976
1.770
1.759
1.759
1.759
1.759
1.759
1.760
1.767
5.100
1.759
1.759
1.759
1.788
1.754
2.746
1.754
1.767
1.754
1.754
1.754
1.754
1.754
5.180
1.961
1.754
1.754
1.753
1.753
1.753
1.753
1.753
1.753
1.840
1.770
1.876
1.755
1.753
1.753
1.753
1.772
1.757
1.754
1.753
1.757
1.753
1.753
1.754
1.765
1.753
1.935
13.542
3.265
6.683
1.938
1.753
1.753
1.815
1.753
1.753
1.894
1.754
1.754
1.748
1.748
1.748
1.749
4.339
1.748
1.823
1.813
1.748
1.748
1.748
1.749
1.748
1.748
3.856
1.771
1.871
1.752
1.749
1.753
1.757
1.748
1.748
1.748
1.910
1.748
1.752
1.786
3.464
1.748
1.748
1.748
2.731
1.748
1.890
1.751
1.825
1.760
1.748
1.732
1.738
1.732
1.732
2.508
1.732
1.933
1.737
1.733
1.899
1.732
1.732
1.810
1.732
1.733
1.732
1.734
1.736
1.766
1.732
1.730
1.845
1.905
14.236
1.731
1.730
1.730
1.754
9.193
1.730
1.730
1.749
1.730
1.730
1.730
10.349
1.730
1.754
1.731
1.730
1.730
1.730
1.730
1.790
1.730
1.730
1.730
2.332
1.730
2.676
2.264
1.726
1.735
3.491
1.730
1.753
1.776
1.726
1.758
2.240
11.358
1.793
1.726
1.877
1.726
1.875
4.421
1.726
1.776
1.726
1.726
1.726
1.726
1.822
1.727
1.726
2.079
1.725
1.726
1.725
4.340
1.725
1.817
1.725
1.725
1.725
1.725
1.820
1.727
1.838
1.723
1.926
1.721
2.966
11.593
1.716
1.696
1.696
1.702
1.696
1.697
3.450
1.697
1.696
2.811
1.800
1.696
1.697
1.696
4.558
1.699
1.696
1.698
4.211
1.702
1.715
1.696
1.728
1.696
1.733
1.712
2.594
1.703
1.700
1.709
1.792
1.696
1.696
1.696
1.751
1.696
2.124
1.695
1.695
1.695
1.702
1.695
1.695
2.593
1.695
1.894
1.695
1.695
6.031
1.695
1.695
1.695
1.716
3.217
1.786
1.710
1.805
1.695
1.695
6.322
11.135
1.695
1.700
1.701
1.806
1.695
1.695
1.695
3.697
1.708
1.695
1.701
1.695
1.695
3.588
1.694
1.694
1.700
1.694
1.694
1.694
1.756
1.703
10.497
1.694
1.694
1.714
1.694
1.749
1.694
1.694
1.694
1.694
1.726
1.694
1.889
1.694
1.694
2.768
1.694
1.694
4.014
1.731
1.693
2.947
1.693
1.809
1.693
1.693
1.779
1.693
1.691
1.716
1.691
1.691
1.694
1.691
1.699
1.692
7.964
1.689
1.711
3.307
2.365
1.738
1.683
1.683
1.683
1.698
1.684
1.683
1.683
1.683
14.699
1.797
1.683
1.683
1.704
1.683
1.709
1.798
1.683
3.987
1.683
1.683
1.683
1.683
1.683
1.683
1.695
1.683
1.683
1.683
1.728
1.691
1.701
1.683
1.683
1.700
1.683
1.683
2.318
1.683
1.683
1.683
1.687
1.683
1.683
1.683
2.498
1.683
1.761
3.211
1.692
1.693
1.674
1.677
1.674
1.674
1.674
1.674
1.674
1.674
1.674
2.377
8.558
1.674
4.021
1.679
1.674
2.033
2.535
1.674
5.753
1.674
1.682
1.840
1.676
1.672
1.672
1.675
1.672
1.672
1.672
1.702
1.672
1.676
1.672
1.672
1.672
1.672
1.672
2.104
1.675
1.672
1.672
1.826
9.212
12.078
1.672
6.419
3.191
1.672
1.672
2.585
5.118
1.672
1.672
1.672
4.846
1.845
1.741
1.672
1.699
1.672
5.769
12.511
1.670
1.688
1.669
1.669
1.669
1.669
3.302
1.669
1.669
1.669
1.669
1.670
1.685
1.669
1.693
1.669
1.662
1.662
1.663
1.662
1.662
1.668
1.663
1.708
4.499
1.662
1.670
1.662
1.663
1.662
1.662
1.662
1.780
1.662
1.662
3.364
1.662
1.662
1.662
1.662
1.667
2.551
1.852
1.662
1.662
1.662
1.665
1.662
1.662
1.662
1.662
1.727
8.998
1.718
1.641
1.641
1.641
1.641
1.641
1.642
1.641
1.666
1.641
1.641
1.641
1.638
1.640
1.638
1.657
1.638
12.478
1.656
1.638
1.693
1.636
1.636
1.638
5.408
14.064
1.606
1.642
1.606
1.606
1.606
2.324
1.606
1.732
1.623
8.082
1.606
1.613
1.775
1.611
1.606
1.622
1.606
1.606
3.108
1.606
1.606
3.574
1.672
1.606
1.671
1.979
1.606
1.616
2.328
1.606
1.606
1.695
1.606
1.606
1.590
1.657
1.655
1.590
1.645
1.590
2.618
1.692
1.590
5.136
1.590
2.912
1.659
13.221
1.641
1.591
1.598
9.303
3.522
1.611
2.085
1.590
5.209
1.861
1.591
1.590
1.590
1.658
1.738
1.587
1.598
1.622
1.587
1.587
1.591
1.587
2.281
2.401
1.587
1.673
1.588
1.587
1.588
1.888
1.589
3.466
1.587
1.580
2.353
1.580
1.580
9.006
1.579
1.579
1.579
1.582
15.880
1.588
1.579
1.579
1.579
1.580
1.579
3.525
1.579
1.580
1.579
7.353
1.579
1.579
1.579
1.579
3.694
1.579
7.873
1.568
1.568
1.568
3.009
1.568
1.568
1.569
1.634
2.971
15.976
1.671
1.593
1.568
1.572
1.568
8.587
2.090
1.568
1.566
1.566
17.816
1.559
2.143
1.547
1.548
1.549
1.709
1.548
1.549
1.548
1.548
1.977
1.632
1.547
1.570
1.691
1.547
1.565
1.624
1.574
12.762
1.548
1.663
1.547
3.488
1.548
1.547
1.704
1.547
1.666
1.645
1.612
12.670
1.547
1.547
1.547
1.555
1.547
1.547
1.547
3.315
15.634
3.811
1.547
1.547
1.635
1.680
1.578
4.122
1.549
1.547
1.547
1.547
1.530
1.530
17.437
1.530
1.604
1.530
1.530
1.532
1.556
1.530
1.530
1.525
1.550
1.580
1.525
15.108
1.526
1.627
1.503
1.503
2.489
1.566
1.708
1.503
1.503
11.834
2.885
1.503
1.503
1.512
1.503
1.503
4.485
1.500
1.495
1.448
1.448
5.851
1.631
1.448
1.448
1.448
1.450
1.448
1.559
3.089
1.448
1.961
4.103
1.450
1.448
1.449
1.448
1.448
1.448
1.448
1.448
1.454
4.482
1.448
1.448
1.448
1.450
1.448
1.523
1.448
3.869
1.448
1.549
1.525
1.460
1.449
4.460
1.534
1.448
10.190
1.449
1.457
1.448
1.448
1.451
1.450
1.448
1.448
1.636
3.831
1.448
1.447
1.447
1.567
12.101
1.447
1.450
1.503
4.440
1.607
1.444
1.469
1.444
1.535
1.444
1.444
10.797
1.444
1.453
4.535
1.444
1.444
1.444
1.443
10.777
1.443
1.435
13.144
1.522
1.435
1.435
3.098
1.435
1.433
1.475
1.433
1.418
1.404
1.404
3.130
1.404
1.404
1.404
1.464
1.404
1.404
1.412
1.404
1.404
1.435
2.835
3.802
1.413
1.404
1.405
1.405
1.404
1.404
3.704
1.404
1.458
1.406
1.456
1.404
2.757
6.438
1.404
1.413
3.765
1.404
1.404
1.455
13.088
1.444
1.403
1.403
1.403
1.403
2.385
1.407
1.530
1.413
1.403
4.166
4.138
1.403
1.403
1.405
1.404
1.403
1.403
1.549
1.405
2.794
1.403
9.876
2.998
1.400
1.667
1.584
1.400
1.400
1.400
1.433
1.400
1.433
1.400
1.400
1.400
1.400
1.437
1.400
1.400
1.400
1.404
1.400
1.407
1.400
1.400
1.400
1.400
1.400
1.432
1.400
1.400
1.477
1.544
1.400
1.409
20.478
1.770
1.757
1.400
1.400
1.400
1.398
1.609
2.930
1.398
1.398
1.398
1.398
20.828
1.398
1.532
1.398
1.398
1.398
1.398
1.431
1.398
19.273
1.411
1.858
5.038
1.411
1.398
6.229
1.431
1.387
1.387
1.387
1.389
1.387
1.478
1.387
1.991
1.387
1.775
1.405
1.387
1.387
3.096
4.623
2.237
1.387
1.387
1.375
1.379
1.383
1.375
1.375
1.600
1.375
1.379
1.375
1.375
1.371
1.377
1.371
1.371
1.476
1.372
1.371
1.531
1.371
1.388
1.371
1.370
1.679
10.914
1.657
1.370
1.406
1.826
1.370
1.374
1.371
1.444
1.370
1.371
1.370
1.370
1.410
1.370
1.370
2.622
1.624
1.370
1.442
4.927
1.387
1.370
2.366
1.370
4.520
3.248
1.370
1.414
7.225
17.414
1.397
1.370
2.949
3.507
1.370
1.370
1.370
1.370
1.370
1.425
1.370
1.370
1.371
1.370
1.400
2.478
1.371
4.292
1.370
1.375
1.520
1.373
1.371
1.370
1.370
1.370
1.372
1.370
1.370
1.370
1.370
1.370
3.595
1.370
1.370
1.370
1.370
1.370
1.370
3.587
1.452
2.169
1.849
2.765
3.194
1.370
1.370
1.370
1.400
1.371
1.367
1.367
1.421
2.112
1.367
1.363
1.364
1.363
1.363
1.364
1.363
2.810
1.363
1.364
1.363
1.378
1.388
1.363
1.364
1.363
3.411
1.363
2.152
1.496
1.364
1.363
1.363
1.364
1.363
21.338
12.978
1.361
1.361
1.361
1.361
1.479
1.361
1.361
1.362
2.626
1.361
1.361
1.364
1.361
1.361
1.361
2.800
1.362
1.818
1.361
1.361
1.361
1.361
1.361
1.361
1.361
1.361
1.361
1.361
1.359
1.509
1.359
1.370
1.380
1.349
1.349
10.662
1.809
1.349
1.391
1.418
2.955
1.392
1.359
1.349
1.834
1.345
1.345
1.345
1.345
1.345
1.476
1.772
1.426
1.346
1.345
9.633
1.345
1.345
1.345
2.240
1.349
3.440
1.345
1.370
1.345
1.345
13.226
1.345
1.345
1.345
1.348
1.845
1.377
1.345
1.369
1.452
19.344
1.345
2.798
1.345
16.035
2.934
1.598
1.376
1.597
13.541
1.345
1.345
1.345
6.678
1.349
1.491
1.345
1.345
1.345
5.542
1.346
1.345
1.345
1.345
1.345
1.345
1.345
1.345
10.111
1.385
1.345
1.345
1.447
1.345
1.345
1.345
1.345
1.345
1.345
1.413
3.007
3.095
1.412
1.355
2.824
1.345
1.348
1.345
1.601
17.927
5.232
1.345
1.452
1.380
1.585
1.348
1.345
1.345
1.345
1.345
1.345
1.401
1.345
1.345
1.345
1.383
1.355
1.345
1.345
1.345
1.346
1.345
1.347
1.344
1.771
1.344
1.344
1.344
1.344
1.344
1.344
1.365
1.345
1.603
1.345
1.475
1.344
1.344
12.906
1.499
1.376
1.344
1.396
1.344
1.344
1.382
1.460
1.344
1.366
1.344
1.420
1.344
1.344
1.344
1.353
1.474
2.218
1.678
1.344
1.405
1.343
1.345
1.357
1.343
1.343
1.354
1.397
1.343
1.517
1.337
1.337
1.337
1.637
1.337
1.337
1.337
2.102
3.474
1.337
1.324
1.330
1.799
1.324
1.324
1.310
1.610
1.310
1.311
1.549
1.310
1.310
20.860
1.313
1.310
1.308
2.060
1.308
1.308
1.308
3.753
1.308
1.308
1.308
1.307
2.574
1.307
1.339
1.362
1.539
1.489
1.307
1.307
1.307
1.356
1.958
1.490
1.312
1.307
1.612
2.162
1.307
1.345
1.308
1.307
14.275
2.472
1.467
1.307
1.307
1.307
1.399
1.308
1.316
1.327
1.307
1.307
1.307
1.307
1.307
1.307
14.647
1.854
3.576
1.307
2.146
1.307
2.375
2.657
1.425
2.601
1.314
1.307
1.390
1.579
1.432
1.306
2.548
1.306
1.613
1.891
1.732
1.380
1.325
1.306
1.306
22.894
1.306
1.329
1.315
1.306
1.306
1.306
1.306
1.306
1.306
1.309
1.723
1.306
1.306
1.306
16.687
1.306
1.306
1.306
2.855
1.306
1.418
1.306
1.306
1.306
1.318
15.217
1.306
1.306
3.105
1.311
1.306
1.306
1.306
1.306
1.353
1.307
1.366
1.315
1.304
1.304
1.322
8.209
1.617
1.304
1.304
3.617
1.304
1.304
1.304
13.014
1.571
1.304
1.313
1.304
1.304
1.298
1.298
1.298
1.298
1.298
6.581
1.298
3.497
1.325
1.298
1.320
1.298
1.297
3.507
1.300
2.015
4.302
1.297
1.298
1.299
1.379
1.297
1.307
1.297
1.354
1.531
1.297
1.308
1.298
1.297
2.280
1.297
1.297
1.306
22.142
1.297
1.303
1.297
1.390
1.297
1.405
2.610
1.297
1.297
1.297
1.297
1.643
1.297
1.436
1.532
1.297
1.343
4.374
1.297
1.297
1.796
1.290
1.314
1.362
1.290
1.290
1.461
1.307
1.924
1.407
1.307
1.290
1.301
1.290
1.627
6.154
1.285
1.289
1.539
3.284
12.027
1.285
1.308
1.285
1.400
1.311
1.352
1.285
1.285
1.285
1.285
1.411
1.285
1.285
3.595
1.285
1.285
1.286
1.296
1.285
1.285
1.285
1.285
1.285
1.285
2.133
1.674
1.285
7.888
1.285
1.311
1.285
18.595
1.285
1.285
1.285
1.285
1.276
7.437
1.276
1.276
1.812
1.351
1.276
1.985
1.457
1.287
1.385
1.276
1.276
14.408
4.145
6.148
1.276
1.334
22.067
1.276
1.278
1.276
1.295
1.276
19.295
1.276
1.276
1.276
1.276
1.781
1.276
1.276
1.454
8.571
1.377
1.443
1.276
1.276
1.276
2.526
1.276
22.221
5.550
1.282
1.281
1.276
1.276
1.276
1.337
1.276
1.312
1.311
1.276
1.277
15.572
1.276
11.917
1.845
2.568
1.276
1.276
1.558
1.276
1.316
1.358
1.276
1.276
1.276
1.276
1.276
1.276
1.320
1.286
1.348
1.274
1.274
1.274
1.274
1.273
1.273
17.697
1.273
1.273
1.273
1.273
1.299
2.339
17.854
1.273
1.298
1.274
1.273
1.273
1.273
4.645
1.273
1.273
1.273
1.273
1.682
1.273
1.301
1.273
1.273
1.269
1.269
5.660
1.305
6.211
18.933
1.349
2.888
1.940
7.040
1.269
1.269
1.269
5.569
1.269
1.269
1.269
1.269
3.879
1.279
1.269
1.269
1.269
1.359
2.233
1.269
1.888
1.269
1.269
1.269
1.269
1.615
1.269
1.269
1.269
1.620
1.269
1.661
1.269
1.269
1.289
1.399
1.269
1.269
1.269
1.263
1.263
1.416
1.263
1.263
1.263
1.263
1.266
1.263
4.669
1.436
1.627
1.263
1.302
1.263
1.271
1.263
1.296
1.263
1.268
1.329
1.263
1.263
1.263
1.381
1.743
1.263
1.263
11.230
1.276
1.263
1.271
1.512
21.277
1.264
1.263
1.266
1.263
6.937
1.263
1.390
1.263
1.263
1.263
1.267
1.263
1.335
1.268
1.926
1.263
1.263
1.264
1.673
5.459
1.263
1.269
1.263
1.263
1.263
1.330
1.263
1.263
1.297
1.263
1.280
5.821
1.276
1.263
1.263
1.263
1.263
21.354
13.171
1.290
1.776
1.263
1.263
1.280
1.364
1.263
1.264
1.263
1.263
1.470
1.263
1.263
1.267
2.884
6.262
1.263
1.273
1.263
1.263
1.263
1.263
1.263
1.258
1.573
1.258
1.258
1.258
1.359
1.258
1.258
1.258
1.332
1.258
16.034
1.258
1.258
5.261
1.264
1.642
1.258
1.428
1.289
1.719
1.263
1.305
1.259
1.258
1.318
1.842
1.258
20.553
1.258
1.258
2.161
1.258
17.390
3.352
1.328
5.808
1.258
1.281
22.936
1.258
1.261
1.991
4.931
1.258
1.425
4.999
1.260
7.482
1.303
1.810
21.956
4.029
3.276
1.259
1.258
1.258
1.256
1.256
23.848
1.256
1.256
1.256
1.256
1.256
1.334
1.772
1.256
1.256
1.256
1.256
1.274
1.256
1.292
2.067
1.309
1.651
1.258
1.256
20.589
1.971
1.256
1.268
1.287
1.256
1.256
4.354
1.256
1.256
3.193
1.526
1.256
1.256
1.256
1.256
1.256
1.259
1.256
1.314
1.495
1.256
1.256
1.256
9.978
1.282
1.282
1.257
1.256
1.256
1.256
1.257
1.284
3.315
1.988
2.382
1.256
1.256
1.256
1.896
1.256
1.256
1.304
1.260
1.256
1.256
1.392
1.257
1.256
1.256
1.256
2.430
1.256
1.880
1.256
1.256
6.976
1.256
1.256
1.256
1.256
1.256
1.335
1.256
1.257
1.256
1.256
1.256
1.274
1.256
1.256
1.329
1.256
1.256
1.256
1.445
1.256
2.308
1.256
1.553
1.362
1.256
4.083
1.256
1.256
1.260
1.673
1.256
1.257
1.256
1.256
1.256
1.820
12.070
1.256
1.379
1.256
1.256
2.865
1.256
2.033
1.946
1.256
1.256
1.256
1.338
1.256
1.256
1.256
1.279
1.256
1.256
1.466
22.297
1.290
1.256
15.893
1.256
1.256
1.256
1.256
2.020
1.441
1.256
1.257
1.256
1.256
1.276
1.256
1.256
1.319
1.454
1.437
1.256
1.256
3.417
1.257
1.256
1.257
1.256
1.333
1.256
1.257
1.256
1.281
1.393
1.260
1.621
1.256
1.256
1.355
1.264
1.256
2.083
1.351
1.256
1.627
1.256
1.256
1.256
1.937
1.256
1.256
1.257
1.256
1.256
1.887
1.256
1.256
1.256
1.256
1.318
1.308
1.344
9.122
1.256
1.298
1.280
1.638
3.784
1.256
1.256
1.256
1.256
1.256
1.256
1.265
1.256
1.342
1.772
1.256
4.065
1.256
1.256
1.510
1.256
1.326
1.258
6.035
1.294
1.255
1.255
1.382
1.402
1.255
16.385
1.255
6.225
1.255
2.535
1.293
1.255
11.276
1.264
1.829
1.255
1.255
1.255
1.255
1.255
1.298
1.255
4.246
1.255
1.255
1.261
1.255
1.255
1.255
1.255
1.255
1.255
1.255
1.255
2.308
1.255
1.255
1.255
4.587
1.256
1.283
1.255
1.255
22.905
1.255
1.357
1.255
1.255
1.255
1.255
1.255
4.801
1.555
1.256
15.231
1.255
1.441
1.255
1.255
1.255
1.255
1.255
1.284
1.255
1.255
1.255
1.406
1.255
1.255
1.255
1.255
1.396
1.255
1.255
1.255
1.255
1.255
1.255
1.255
1.257
1.255
1.255
1.255
1.257
1.256
1.255
1.414
1.255
1.255
1.256
1.255
19.153
4.804
1.255
1.255
1.435
20.186
1.256
1.536
1.334
1.255
2.077
2.616
1.256
1.580
2.710
16.060
1.255
1.253
1.253
1.253
2.297
1.253
1.935
1.253
1.283
1.253
3.941
1.916
1.253
1.253
1.382
2.009
1.253
1.253
1.494
1.253
3.166
1.253
1.254
1.253
1.253
1.655
1.253
1.904
1.253
1.253
1.253
1.254
17.639
1.314
1.321
1.253
1.253
1.297
1.253
1.242
1.242
1.755
1.242
1.902
1.235
1.831
1.327
1.256
1.289
1.425
1.240
15.954
1.240
1.235
1.235
1.235
1.235
3.725
1.235
1.235
1.235
1.235
6.558
1.241
1.235
1.886
1.294
1.285
1.235
1.235
1.304
1.235
1.236
21.705
1.229
3.848
1.229
1.229
1.338
1.232
1.229
2.175
1.229
1.231
1.308
1.229
1.322
1.229
1.229
1.229
1.229
1.229
1.229
22.341
1.284
1.281
1.229
1.229
1.475
17.551
1.230
1.229
1.229
1.229
21.153
14.158
1.229
1.229
1.229
1.229
1.229
1.229
1.229
1.229
1.229
3.901
1.363
1.252
1.229
1.319
1.225
1.225
22.034
3.204
1.225
1.225
1.225
1.880
1.225
1.257
1.222
1.220
1.220
1.220
1.221
1.220
1.220
1.220
1.221
1.228
1.225
2.875
1.220
1.220
1.220
1.220
1.220
1.221
2.868
1.220
1.289
13.177
1.220
1.220
1.224
1.220
1.852
1.220
1.220
1.220
2.295
1.968
1.220
8.029
1.220
1.220
1.209
1.209
1.206
1.206
4.565
1.214
4.366
1.216
1.206
1.206
1.206
1.200
1.200
21.389
1.210
1.200
1.200
6.305
1.200
24.069
1.200
1.200
1.200
1.264
1.200
1.206
1.200
1.200
1.200
1.200
1.200
1.200
3.874
1.200
1.200
1.360
1.212
1.200
1.712
1.200
1.200
1.200
1.815
1.738
1.200
1.200
1.200
1.200
1.200
1.200
1.197
1.223
1.197
1.192
1.337
24.246
1.913
1.192
1.512
1.207
1.266
1.989
1.192
1.192
1.192
1.192
1.192
1.192
1.192
1.190
4.468
1.190
1.194
1.645
1.190
1.190
1.280
13.610
1.194
1.209
1.190
1.190
1.338
1.190
1.476
1.194
15.507
1.190
1.190
1.962
1.190
1.351
1.190
1.190
1.190
1.201
1.190
1.190
3.279
1.190
1.190
1.190
2.004
1.555
23.038
1.190
1.190
1.190
4.020
1.190
1.190
1.190
2.242
1.192
1.190
1.190
1.190
1.190
1.294
1.881
17.101
1.193
1.361
1.190
11.872
1.190
1.190
2.409
1.241
1.190
1.186
1.186
1.186
1.186
1.186
1.186
1.186
1.817
1.156
1.156
1.165
13.869
1.160
4.848
1.156
1.859
19.064
1.156
12.474
1.156
1.156
1.156
1.156
1.156
1.635
1.156
2.879
1.164
1.156
1.156
1.165
1.156
1.156
1.156
1.156
1.156
1.156
2.684
1.156
1.218
1.156
10.648
5.668
1.155
1.155
1.179
1.155
1.155
1.155
1.155
2.908
7.762
1.155
1.155
1.155
1.500
1.155
1.155
1.155
1.506
11.114
1.155
1.155
23.763
3.633
1.155
1.155
1.155
1.155
1.155
1.494
4.161
1.702
1.155
1.155
1.432
1.155
1.155
1.155
1.155
1.155
23.305
1.890
1.155
1.155
15.375
1.184
1.158
19.389
1.155
1.330
1.154
1.154
1.272
1.154
1.168
1.154
2.322
1.154
1.154
1.154
1.154
1.156
1.167
1.201
23.453
1.154
1.177
2.633
1.150
7.780
4.727
1.150
1.150
1.150
1.151
1.150
1.150
1.150
1.150
1.150
23.423
1.234
1.150
1.150
3.004
10.117
1.192
1.150
1.150
1.150
1.151
1.150
1.150
1.150
1.150
1.152
1.150
1.150
1.150
1.150
1.150
1.150
1.209
1.194
1.237
1.150
19.447
6.436
1.150
1.150
2.874
1.157
1.151
1.150
1.150
1.150
1.380
1.150
1.150
1.146
8.937
1.146
1.146
1.146
1.147
1.146
1.146
13.500
1.146
1.146
1.714
1.144
1.162
1.144
1.144
1.144
1.144
1.144
1.539
1.144
1.144
1.148
1.144
1.238
2.434
1.272
9.938
1.144
1.144
1.144
1.169
1.144
1.144
1.142
1.230
1.142
1.221
1.324
1.142
1.482
1.142
1.142
1.260
1.142
1.142
1.205
1.142
1.142
1.302
1.162
1.142
1.147
1.142
1.222
22.817
1.142
1.157
1.138
1.138
1.138
2.272
1.138
20.806
1.146
3.920
1.138
1.163
1.138
2.961
1.173
1.139
1.138
1.145
1.143
1.141
1.138
1.138
2.356
1.138
1.138
1.138
1.138
1.138
1.138
1.138
1.137
1.137
1.137
2.275
1.137
1.989
1.137
1.547
1.137
4.225
1.137
1.143
1.137
1.137
1.137
1.137
1.137
2.412
1.161
5.221
1.137
1.146
23.804
1.137
1.161
1.137
23.090
1.137
1.327
1.137
2.261
1.137
1.188
1.137
1.281
1.137
1.137
1.248
1.137
1.140
1.138
1.137
1.792
2.634
1.137
1.135
1.139
1.135
1.135
1.135
1.135
1.139
1.135
1.135
1.135
1.135
1.135
1.135
1.277
1.135
1.156
1.135
2.054
1.151
1.144
1.214
1.272
1.135
1.135
1.135
1.135
10.497
1.135
11.997
1.228
1.135
1.135
1.136
2.130
1.873
1.135
1.128
1.148
1.193
21.256
1.274
1.128
1.128
2.028
1.128
1.128
4.884
1.128
1.387
1.126
1.145
1.126
1.126
1.126
1.126
1.134
5.146
1.126
1.126
1.126
5.850
1.126
1.126
8.941
1.126
4.826
1.126
1.262
1.126
1.126
1.126
1.126
1.126
1.126
1.126
1.126
1.924
1.126
1.126
1.126
1.126
1.128
1.126
1.126
23.656
1.126
1.180
1.126
13.666
1.126
1.133
22.241
1.578
1.126
1.126
1.126
1.126
8.062
1.126
1.126
11.302
1.126
3.846
1.126
1.126
1.126
1.126
1.126
1.241
2.846
1.126
3.653
1.126
13.926
1.126
1.201
1.126
1.126
2.202
1.126
1.126
2.882
3.886
1.126
1.126
1.207
1.126
1.173
1.126
1.126
1.128
2.451
1.126
20.242
1.126
1.126
1.516
1.126
22.414
4.601
1.126
1.991
10.758
2.169
23.692
1.126
1.729
1.126
1.126
1.499
1.175
1.140
23.345
22.491
1.209
5.387
1.146
2.119
1.126
1.126
1.167
1.126
1.126
1.126
1.126
1.126
1.126
1.126
21.235
1.126
1.126
1.126
1.126
1.126
1.126
1.126
1.126
1.180
1.165
1.126
12.808
1.126
1.126
1.126
1.126
2.093
1.187
1.126
1.126
1.126
1.232
1.140
1.126
1.126
1.126
1.126
1.126
7.276
1.126
1.126
1.147
1.192
1.126
15.607
2.330
1.126
1.133
1.126
1.126
1.126
1.126
1.126
2.235
1.126
1.141
2.105
2.360
1.126
14.995
3.446
1.126
1.910
1.126
1.126
1.126
1.126
1.126
3.779
1.311
1.126
1.142
1.126
1.126
1.175
1.127
1.317
1.150
1.126
1.126
1.126
1.126
23.019
23.510
5.965
1.126
1.126
1.126
1.126
1.134
2.430
2.078
1.126
1.126
1.168
1.127
1.126
1.183
15.220
8.761
1.126
1.126
1.129
4.277
1.126
1.184
23.002
1.126
1.138
1.126
1.146
1.126
1.133
12.914
1.143
1.127
1.126
1.126
1.126
4.284
23.375
1.126
1.910
1.240
1.126
1.740
1.126
1.126
1.126
1.126
1.126
4.232
1.126
1.126
1.126
1.544
1.126
1.126
4.701
1.126
1.126
1.147
1.126
2.419
1.170
1.126
1.126
1.170
1.126
1.126
1.126
2.485
1.143
1.273
1.126
1.160
2.228
1.126
1.126
2.233
1.126
1.126
1.126
1.126
1.134
1.401
1.126
1.126
1.126
1.790
1.126
1.126
1.126
1.126
1.126
21.987
1.126
1.126
1.126
1.128
1.126
1.136
1.126
1.126
1.126
1.126
1.474
1.261
1.366
1.126
1.189
1.126
1.201
6.927
2.290
1.948
1.126
1.126
1.126
20.099
1.126
1.260
1.123
1.771
1.117
1.117
1.117
15.667
1.117
1.117
1.126
1.117
1.117
3.613
1.117
1.117
1.117
1.117
1.178
3.943
18.931
1.117
1.117
1.117
1.611
1.117
1.109
1.109
1.109
1.109
1.109
1.109
1.109
1.109
1.142
1.258
1.109
1.109
1.120
1.109
1.109
1.109
1.110
1.109
16.531
1.109
1.109
1.109
10.684
1.117
1.124
1.109
1.109
2.260
23.937
1.175
1.209
1.111
1.109
1.109
2.083
1.138
3.747
1.109
1.109
1.196
3.497
1.109
1.109
1.109
1.109
1.109
2.459
1.109
1.109
1.109
1.109
1.109
1.245
1.109
1.156
1.150
1.109
1.109
1.109
1.223
1.109
1.109
1.992
1.109
1.109
1.109
1.109
1.149
1.247
1.109
1.109
1.109
1.109
2.603
1.109
1.109
1.109
12.727
1.705
1.109
1.109
19.717
1.109
1.109
1.109
1.109
1.109
1.109
2.032
1.117
1.108
1.980
1.108
1.109
1.108
1.108
1.108
1.116
17.053
1.108
1.109
1.108
1.108
1.108
1.108
1.676
1.108
5.449
1.385
1.108
1.108
1.108
13.728
1.131
1.108
1.108
1.108
1.108
1.671
1.108
1.108
1.108
1.196
1.183
1.118
1.108
1.195
1.108
22.624
1.108
1.322
1.116
1.108
5.001
1.108
1.108
1.108
1.361
1.166
1.113
1.108
1.108
2.982
1.108
5.078
1.218
1.153
1.108
1.108
1.108
1.108
2.273
1.108
1.450
17.442
1.108
1.108
1.108
1.108
23.561
7.740
1.190
1.170
1.149
1.108
1.108
1.108
1.576
1.108
1.108
1.108
1.286
1.108
1.108
1.108
1.126
2.274
7.855
23.140
1.108
1.108
1.108
1.199
13.901
1.115
1.108
1.207
1.108
4.144
1.108
1.108
1.393
1.119
4.184
1.124
2.004
2.156
1.108
1.108
1.107
1.994
1.107
1.470
2.062
1.107
1.107
1.107
1.122
20.095
1.107
1.107
1.109
1.107
1.803
15.557
1.107
1.145
1.107
1.157
2.937
1.151
1.208
1.107
17.972
1.107
1.107
21.209
1.107
1.107
1.107
11.710
1.107
1.181
1.107
1.662
1.107
1.137
1.107
1.107
1.107
1.107
22.607
1.521
1.113
1.107
1.214
2.347
3.236
1.107
1.107
2.897
1.121
1.351
1.107
1.107
1.154
1.107
1.107
1.107
1.107
1.107
1.121
1.107
24.368
1.133
1.107
1.144
1.107
1.107
8.990
1.107
20.410
2.005
1.107
1.107
1.107
18.235
1.107
1.107
1.107
1.486
1.602
10.827
1.369
1.107
1.107
1.102
1.095
1.177
1.095
1.095
1.255
1.476
1.095
1.095
1.092
1.092
1.122
1.351
20.007
1.092
1.092
1.092
1.092
1.195
1.092
4.034
1.133
1.092
1.092
1.090
1.090
1.090
1.090
1.090
1.090
1.090
4.356
15.582
1.090
1.090
1.090
1.090
1.176
1.106
1.090
1.108
1.090
1.707
1.117
1.337
5.178
1.090
1.090
3.983
1.090
1.090
1.983
1.239
1.143
1.090
2.939
1.092
1.090
1.090
1.091
1.090
1.099
1.260
4.672
1.093
1.090
1.090
1.090
20.815
24.286
1.090
1.090
1.090
1.090
1.372
1.090
1.090
1.139
8.874
1.090
1.090
1.090
1.090
1.112
4.681
1.090
1.090
1.090
1.266
1.088
1.085
1.085
2.161
1.085
1.327
1.085
1.085
1.072
1.120
1.072
1.072
1.072
1.072
1.072
1.072
1.072
1.077
1.072
1.448
1.074
1.396
1.072
1.304
1.073
1.072
1.072
1.252
1.080
1.149
1.072
1.072
1.128
1.072
1.072
1.085
1.072
1.072
1.087
1.072
1.072
1.075
2.140
4.545
1.072
4.562
1.072
1.072
1.072
1.074
1.072
1.072
1.070
1.124
1.070
1.070
1.070
3.595
2.188
1.105
1.070
1.070
1.070
1.074
10.122
1.070
1.070
1.498
1.079
1.070
1.070
1.070
1.078
1.113
1.070
1.095
1.070
1.272
1.070
1.070
1.070
1.136
20.711
1.285
1.070
1.070
1.596
1.070
1.070
1.070
1.070
8.806
1.070
1.180
1.070
5.440
1.258
1.073
1.070
1.070
1.089
1.070
1.070
16.477
1.070
1.070
1.070
1.070
1.467
2.306
1.113
1.070
1.074
1.103
1.070
1.070
1.629
1.070
1.070
2.024
1.070
1.138
1.070
1.070
1.204
4.667
14.301
1.060
1.060
2.353
1.103
2.080
3.825
1.050
3.390
1.050
1.050
1.050
1.383
4.586
12.737
1.050
1.050
1.700
1.210
17.317
1.050
1.050
1.050
1.051
1.050
1.176
1.067
1.050
1.050
1.050
1.892
1.069
1.135
1.942
1.050
17.155
1.050
1.050
4.440
1.114
1.050
1.050
1.049
1.049
2.286
1.049
1.049
1.070
1.049
17.514
1.129
1.049
1.049
1.049
1.049
1.049
1.049
1.081
1.049
1.079
1.049
1.049
1.049
1.049
4.988
1.049
1.049
1.050
1.049
14.169
1.049
1.049
1.049
1.049
1.049
1.049
1.052
1.049
1.109
7.329
20.411
1.052
1.049
1.071
1.049
1.998
1.706
1.049
1.049
1.049
1.376
1.096
1.049
24.469
1.049
20.217
1.280
17.461
1.049
1.049
1.049
1.088
1.049
1.113
1.049
1.049
8.380
1.049
1.479
1.049
1.049
9.854
1.437
1.049
24.651
1.049
1.049
1.822
1.049
3.818
1.049
1.049
1.974
1.588
1.049
1.049
1.300
1.046
1.088
1.656
9.501
1.046
1.522
1.046
1.046
1.046
1.046
1.046
1.046
2.658
1.415
1.228
1.144
1.258
1.046
1.549
2.121
1.046
1.050
2.253
1.046
1.046
1.046
1.046
1.551
1.791
1.046
1.046
1.046
1.046
1.118
1.046
1.046
1.046
1.046
1.046
1.046
1.046
1.046
1.053
1.602
1.046
1.536
1.117
1.046
18.060
1.157
1.046
24.159
1.046
2.414
1.058
1.886
1.046
8.562
1.234
1.046
17.052
1.177
1.046
1.046
1.046
1.046
1.046
2.441
2.284
2.193
1.046
5.402
1.221
1.046
1.046
1.112
1.046
1.046
21.483
2.392
1.175
1.055
1.685
1.363
2.200
1.046
1.387
1.046
7.342
1.046
1.094
1.046
1.081
2.274
1.048
1.108
1.046
1.046
1.046
1.046
1.105
1.046
1.046
1.046
1.046
1.046
1.046
1.046
1.046
1.705
1.046
1.046
8.903
1.046
1.075
1.110
1.419
1.046
1.046
1.046
1.048
1.086
1.081
1.917
1.401
1.046
1.046
1.050
1.064
1.046
1.046
1.117
1.046
1.060
20.747
1.046
1.046
1.046
1.700
1.046
1.046
1.046
1.046
1.046
1.115
1.046
1.046
1.605
13.180
4.984
1.047
3.173
1.070
1.044
24.552
1.044
1.044
1.366
1.055
9.385
1.588
1.044
1.044
2.024
2.217
1.198
1.044
1.146
2.831
1.044
1.482
23.960
1.044
1.044
1.069
1.044
1.044
1.044
1.247
1.400
1.044
1.195
1.044
1.044
1.044
1.044
4.558
24.463
1.044
1.044
1.044
1.217
1.044
1.044
1.044
1.093
5.328
1.044
1.047
1.054
1.044
1.044
8.301
1.185
1.046
1.044
1.044
1.040
1.218
7.812
1.040
1.704
1.704
1.040
3.394
1.040
13.020
1.040
1.723
1.040
4.577
1.040
2.709
1.040
1.040
1.040
1.041
1.571
11.292
1.040
1.675
1.040
1.040
23.776
1.040
1.040
1.040
1.067
1.278
1.040
1.040
7.246
1.040
1.040
1.040
1.040
1.040
1.040
1.040
1.040
1.040
1.040
1.040
1.040
1.040
20.384
1.044
1.040
14.759
1.403
1.512
1.040
1.040
14.718
1.040
1.042
1.040
1.038
1.044
1.038
1.038
1.053
1.063
1.372
1.038
1.038
1.038
1.038
1.171
1.990
1.038
1.210
1.038
24.626
1.038
1.038
1.038
1.038
1.039
1.038
1.565
1.134
1.038
1.913
1.038
1.038
4.513
1.038
1.038
1.038
1.038
1.038
1.038
1.084
11.840
1.038
1.038
1.031
1.444
1.032
1.396
1.031
1.228
1.031
1.084
1.031
1.031
1.031
4.242
1.031
1.031
2.495
8.675
1.633
1.031
1.031
4.950
1.043
1.955
1.031
1.129
1.119
1.031
1.031
1.031
1.031
1.031
1.137
1.031
1.031
1.031
1.031
1.031
1.031
1.037
1.031
1.031
1.031
1.031
2.332
1.031
1.031
1.031
1.031
1.031
1.031
1.031
1.031
5.342
1.035
1.031
6.376
1.031
1.031
2.110
1.370
1.994
1.031
1.031
1.031
1.031
1.031
1.031
1.602
1.026
1.369
1.073
1.076
1.026
11.480
1.026
8.366
1.026
1.026
1.051
1.026
1.234
21.606
1.124
23.922
1.027
19.602
1.026
1.041
1.026
1.026
8.228
14.345
1.026
1.390
1.106
2.876
1.037
1.026
1.072
1.026
1.060
1.169
1.026
1.026
1.026
18.152
1.026
1.026
1.052
1.026
1.026
23.103
1.029
1.683
1.027
1.026
1.026
1.727
1.026
1.026
2.322
1.054
1.026
6.231
1.026
1.074
1.042
1.026
3.972
1.026
1.026
1.065
2.201
1.026
1.026
22.067
15.212
2.316
1.026
1.026
1.239
1.026
1.027
1.026
1.026
1.026
2.206
1.036
6.801
1.022
1.022
1.022
18.620
16.102
2.403
2.065
5.253
1.022
1.136
1.022
1.022
1.022
1.145
2.413
1.719
1.022
1.022
1.067
1.019
1.019
1.013
1.013
1.058
1.030
1.013
2.126
1.013
2.212
1.013
1.011
1.011
1.011
3.363
1.011
1.030
1.010
1.010
1.329
24.296
1.010
1.010
1.002
1.002
1.002
1.002
1.446
1.002
1.002
1.359
1.002
1.002
1.193
1.002
24.358
1.002
1.066
1.002
1.013
1.003
1.002
1.002
1.428
1.002
1.002
1.002
6.185
1.002
1.002
1.002
1.002
1.002
1.014
3.310
1.016
17.476
1.096
1.014
1.002
1.002
1.287
1.112
1.002
1.002
1.007
1.002
1.453
1.812
1.002
1.002
4.669
1.568
1.636
1.999
1.007
1.002
1.090
1.002
1.002
4.539
1.002
1.002
1.002
1.002
1.002
1.002
24.474
1.002
1.002
1.201
1.066
1.275
1.002
1.002
1.059
1.002
1.002
1.123
1.192
1.002
1.002
1.002
1.013
1.002
5.251
1.005
1.002
1.002
1.002
1.019
1.002
1.002
1.002
2.005
1.002
1.139
1.002
1.003
1.014
19.804
1.153
1.002
1.002
1.133
1.002
1.002
1.455
1.002
1.002
1.002
1.002
1.002
1.002
1.002
2.297
1.002
1.002
1.002
1.002
1.002
1.098
23.637
1.002
1.005
1.002
1.134
1.002
1.053
1.002
1.028
1.779
1.585
1.005
22.482
1.003
1.002
1.038
1.002
4.101
1.002
1.002
1.002
1.002
2.407
1.132
1.002
1.561
1.002
1.000
4.042
1.000
1.000
1.000
9.402
1.078
1.028
1.000
1.001
1.001
1.005
1.000
1.000
1.842
1.000
1.000
1.000
1.163
16.095
1.033
1.000
1.000
1.320
1.065
5.347
1.100
1.000
1.000
1.000
1.000
1.000
1.000
1.000
1.000
1.000
1.087
1.000
1.000
1.000
1.000
1.000
1.000
1.000
1.032
1.000
1.000
1.000
1.460
1.004
1.610
1.000
1.000
1.000
1.875
1.000
1.491
1.000
1.000
1.000
1.000
1.082
1.000
1.000
4.960
1.169
1.495
6.265
1.005
1.000
1.003
24.504
1.000
1.041
1.002
1.000
6.875
2.389
1.000
1.636
1.004
1.000
1.000
1.505
1.000
1.000
1.000
1.000
1.000
1.000
1.000
6.151
1.000
1.000
1.000
1.000
1.392
1.000
1.001
1.000
1.000
14.811
6.180
1.136
6.555
1.000
1.000
1.061
1.001
1.000
1.000
1.127
1.000
1.003
1.875
23.064
1.159
1.000
1.887
1.000
1.000
0.997
0.997
6.924
0.997
1.338
0.997
0.997
0.996
1.006
0.996
0.996
13.165
1.006
0.994
0.994
2.845
0.994
0.994
1.037
0.994
0.994
0.994
0.994
0.994
1.084
0.994
1.010
0.994
0.994
0.994
0.994
0.994
1.043
0.994
0.994
1.734
0.994
24.481
0.994
0.994
1.228
0.994
0.994
1.016
0.994
0.994
1.428
0.994
0.994
24.375
1.010
20.640
1.277
0.994
0.994
1.010
0.994
0.994
1.393
0.994
1.002
1.481
12.711
0.994
0.994
1.112
1.034
0.994
0.994
0.994
1.098
0.994
0.994
1.071
0.994
0.994
0.994
0.994
6.214
0.994
3.917
0.994
3.411
1.179
0.994
0.994
0.995
0.994
0.994
0.994
0.994
0.994
0.994
22.704
3.465
0.994
0.994
1.047
1.062
0.994
1.286
0.996
1.002
0.994
0.994
0.994
0.994
0.994
0.994
0.994
1.054
0.994
1.175
0.994
1.756
0.994
0.994
1.003
0.994
0.994
2.796
1.008
3.704
0.994
0.994
0.994
24.486
0.994
1.004
0.994
0.998
0.997
0.994
1.011
0.994
0.997
0.994
0.994
0.995
4.646
1.081
0.994
0.994
1.010
1.083
1.008
0.995
0.994
0.994
0.994
5.371
1.344
24.600
0.994
20.239
0.994
0.997
1.015
0.994
0.994
0.994
24.134
0.994
0.994
0.994
0.994
0.997
0.994
1.061
0.994
4.515
0.993
0.997
0.993
2.308
0.993
0.993
6.052
4.643
1.840
0.996
2.124
0.993
0.993
0.993
0.993
1.006
0.995
4.904
0.993
0.993
0.993
0.993
0.993
0.993
1.087
0.993
0.993
2.085
0.993
1.987
0.993
0.993
0.993
1.027
0.993
1.428
0.993
1.000
0.993
24.421
1.450
6.370
0.993
0.993
0.993
3.470
2.266
1.004
0.999
0.993
0.993
1.082
0.993
21.853
1.450
0.993
13.845
1.081
1.064
24.427
0.993
2.939
0.993
0.993
1.257
0.993
0.993
0.993
0.993
1.027
1.799
1.005
0.992
0.993
0.992
0.992
2.378
0.992
5.039
1.194
0.992
0.992
0.992
0.992
0.992
0.992
0.992
1.005
2.079
0.992
0.992
1.582
1.034
0.991
0.991
0.991
0.991
11.945
0.991
1.005
0.991
0.991
0.991
1.317
1.071
2.100
0.991
0.991
1.374
0.991
18.527
0.991
22.298
0.991
0.995
0.991
0.991
0.991
2.352
0.991
0.991
2.234
0.991
4.599
1.004
2.596
0.991
1.110
0.991
0.989
1.009
1.741
6.473
0.987
0.988
0.989
4.223
1.045
2.204
1.550
0.987
7.527
0.987
0.987
0.987
1.006
0.987
0.987
23.176
0.987
0.987
0.987
0.987
4.739
0.987
0.987
0.987
0.987
1.932
0.987
0.987
1.696
0.987
0.987
1.080
13.385
0.987
0.987
1.007
1.005
0.987
0.987
0.987
0.987
0.987
1.023
1.049
1.024
0.987
0.987
1.000
0.987
0.982
0.987
0.982
1.188
11.662
0.982
0.982
0.982
0.989
0.982
0.982
0.982
0.984
0.984
0.982
0.982
0.982
0.982
2.439
0.982
0.982
0.982
2.684
0.982
0.982
0.982
0.982
0.982
22.949
0.982
0.982
1.103
0.982
12.532
15.454
0.982
20.524
2.487
0.982
0.982
0.982
0.982
1.036
0.982
0.982
0.982
2.155
0.982
0.982
0.982
0.982
3.661
0.982
0.982
0.982
11.752
20.041
0.985
0.982
1.002
0.982
1.727
1.069
0.982
9.699
6.285
0.984
1.154
0.982
1.999
0.982
1.006
0.982
0.981
1.002
1.202
0.981
0.985
1.574
0.981
0.981
0.981
0.981
1.015
6.977
1.085
1.059
0.981
0.981
1.080
0.981
0.981
0.981
0.981
23.862
0.981
0.981
0.981
0.981
0.981
1.018
4.797
1.002
0.981
0.981
1.075
0.981
1.000
0.981
1.019
0.981
0.981
19.854
0.981
9.310
1.000
1.032
0.981
0.981
1.015
0.981
0.981
0.981
0.993
0.981
2.658
0.981
0.981
0.981
0.984
0.981
0.995
0.981
0.981
1.669
0.981
4.042
1.000
0.981
0.981
0.981
0.985
0.981
0.981
0.981
2.598
1.014
0.981
0.981
1.371
0.984
1.011
0.981
0.983
0.981
0.981
0.981
0.981
0.981
0.981
0.981
1.033
0.981
0.981
21.200
2.479
0.981
1.566
1.041
0.981
0.981
1.994
1.794
1.480
0.981
0.981
0.980
0.980
4.043
0.980
0.980
0.980
0.980
0.980
0.991
0.980
0.987
0.980
0.980
0.980
0.980
0.981
0.980
0.980
0.980
21.373
1.858
0.980
0.980
0.980
0.980
0.978
0.978
0.978
0.982
0.978
0.978
0.978
0.978
1.023
0.978
0.999
24.538
0.978
0.978
0.978
0.977
0.977
1.033
1.251
0.977
0.977
0.977
0.977
0.977
0.990
0.977
0.977
0.977
1.567
0.977
0.977
1.061
0.977
0.977
7.369
0.977
0.992
0.977
0.977
23.669
0.977
0.978
0.977
8.749
0.977
1.128
0.977
0.977
2.257
0.977
1.043
23.394
0.976
1.006
0.976
0.976
1.550
1.901
0.977
0.976
0.975
0.975
0.981
0.975
1.465
1.405
0.975
0.975
0.975
0.975
0.975
0.975
24.801
0.975
0.975
0.973
0.973
0.973
0.973
2.421
0.973
0.973
24.643
4.378
0.979
0.973
0.973
0.973
0.973
1.033
2.319
14.331
24.393
0.973
1.274
0.973
0.973
0.973
0.968
0.968
0.968
0.968
0.968
0.968
0.968
0.967
0.967
0.967
0.967
1.003
1.008
2.248
0.967
1.416
0.967
0.967
0.967
1.020
0.967
0.971
0.988
0.967
5.779
0.967
24.667
0.967
0.967
0.967
0.967
0.967
17.623
0.967
0.967
0.967
0.967
0.967
0.967
0.967
0.967
0.967
0.967
0.967
0.990
0.967
0.967
0.967
0.967
0.967
1.769
0.967
0.967
1.393
0.967
0.967
4.758
6.624
23.585
1.048
0.967
0.967
0.967
3.389
0.967
3.233
0.967
1.992
0.967
1.021
0.967
1.004
5.936
2.047
2.513
13.891
0.967
0.967
0.967
5.051
15.809
0.967
0.967
7.651
1.042
1.086
0.967
0.967
1.077
0.967
0.974
0.999
0.966
2.107
0.966
0.966
0.966
0.966
6.835
0.966
0.965
0.965
1.015
0.965
1.810
1.330
0.965
1.001
0.965
0.965
0.993
0.965
1.017
0.965
0.965
0.963
0.963
0.963
0.963
0.963
0.963
0.963
0.963
12.331
0.963
0.963
0.977
15.952
0.963
1.962
0.963
0.963
8.150
24.535
0.963
0.963
0.963
0.960
1.022
0.960
2.441
1.845
0.960
0.960
1.022
4.977
1.029
1.119
2.995
0.960
1.044
1.014
0.960
0.960
0.963
0.960
0.951
0.951
0.951
0.951
0.951
0.959
0.951
6.314
0.951
0.951
0.951
0.951
2.888
0.951
0.951
0.951
0.951
24.337
0.951
0.970
0.951
0.951
0.954
0.968
0.951
17.427
0.999
0.951
0.951
6.171
0.954
9.863
0.951
0.951
4.947
0.951
0.951
0.968
3.104
0.951
11.612
2.346
0.951
0.975
0.951
0.951
0.951
4.752
0.951
0.951
24.857
0.951
21.311
2.027
0.967
9.269
0.951
0.951
4.794
0.951
1.085
4.945
24.792
0.964
3.124
0.951
18.725
5.620
2.035
1.592
0.951
1.370
0.951
0.951
0.951
0.951
5.069
0.951
0.951
1.726
0.951
0.951
0.953
0.955
24.410
2.387
0.951
0.951
1.816
1.019
1.076
0.951
0.951
0.951
0.971
0.951
0.961
2.830
1.016
0.949
0.949
0.949
0.977
0.949
4.557
0.947
0.947
0.947
0.947
0.961
0.947
2.352
1.458
20.157
6.367
0.956
0.947
0.968
19.170
0.947
0.947
0.947
0.950
0.947
0.950
0.947
19.059
0.956
0.947
0.947
0.948
0.957
0.947
0.947
0.971
1.175
1.313
2.510
2.278
0.947
0.947
1.015
1.072
24.644
0.963
1.022
0.947
3.851
0.951
0.947
1.020
0.947
0.947
0.947
1.228
0.947
1.056
1.430
1.018
1.582
0.947
2.946
0.947
0.947
0.960
0.947
0.947
1.079
7.865
0.949
0.947
21.699
1.021
0.947
0.947
0.947
0.947
0.947
0.947
0.947
23.459
0.948
2.171
1.653
0.947
1.635
0.947
3.650
0.947
1.317
0.947
0.947
0.947
21.358
1.371
1.320
1.285
1.568
0.947
7.169
0.947
0.947
0.947
0.973
0.947
0.947
1.475
0.947
2.327
0.947
0.947
0.947
0.959
0.947
0.947
0.947
0.947
0.947
0.947
0.964
0.947
5.095
0.947
0.947
0.947
1.034
1.086
0.969
0.947
0.947
1.110
0.970
11.772
5.361
0.947
1.460
9.789
0.947
1.547
0.967
0.947
0.947
0.947
0.947
1.011
6.725
0.947
1.405
0.947
0.947
0.997
0.947
0.972
0.947
0.998
1.025
0.947
1.381
1.074
0.947
0.947
0.947
24.382
1.023
1.020
16.755
0.947
0.948
0.947
0.947
7.033
24.141
0.950
1.116
0.947
0.947
0.947
0.947
0.947
0.947
1.007
0.995
0.953
0.947
23.666
0.947
0.947
0.947
1.610
0.947
6.903
0.947
1.561
0.947
0.955
0.947
0.947
2.071
0.947
19.337
0.957
0.947
0.947
0.947
0.947
0.981
0.947
0.947
23.363
0.947
0.947
0.947
10.227
0.947
0.947
0.947
1.685
0.947
0.947
1.008
2.767
0.947
0.947
0.947
0.947
0.947
19.765
17.971
0.947
1.556
0.951
1.000
0.947
21.783
0.947
0.947
0.946
0.947
0.946
0.946
0.946
0.946
0.949
0.946
0.946
1.420
0.977
10.237
0.946
0.946
1.638
1.751
0.956
0.946
9.925
0.946
0.946
0.946
1.210
0.946
0.946
0.946
2.502
0.951
0.946
0.947
0.946
0.946
1.022
0.946
0.946
3.936
24.158
0.949
0.946
0.980
0.994
0.938
0.938
0.938
0.938
0.938
0.939
0.938
1.023
0.938
0.938
0.938
0.938
0.938
1.004
0.938
0.938
1.061
0.938
0.938
0.938
2.574
0.938
8.787
0.938
1.044
0.946
0.938
2.218
3.734
0.938
1.187
0.938
9.934
21.895
0.938
0.937
0.938
0.937
4.277
0.936
1.055
0.947
0.952
1.921
0.936
2.500
0.936
0.936
0.936
0.936
0.936
0.936
0.964
3.286
0.936
0.936
0.936
0.936
0.946
0.936
6.783
0.936
0.936
14.234
12.621
3.443
2.380
0.936
2.444
0.936
1.041
0.936
1.067
1.826
4.937
0.936
0.942
0.936
0.937
18.361
8.455
0.937
0.936
0.934
0.934
0.934
5.104
0.934
0.934
0.934
0.934
0.934
1.531
0.934
1.071
0.937
0.934
0.934
0.934
0.934
0.934
0.934
0.939
0.995
0.933
0.933
0.933
0.933
0.933
0.933
0.933
1.017
0.933
1.022
0.933
0.933
1.228
0.933
0.933
0.933
0.933
0.933
2.536
0.933
3.827
3.176
0.977
0.939
5.370
0.933
2.410
6.769
24.152
0.937
7.890
0.984
0.933
0.933
0.933
0.936
6.561
0.933
0.933
0.933
11.209
2.747
1.006
0.937
1.092
0.937
1.295
0.933
0.933
0.933
0.933
1.000
0.933
0.933
0.933
0.933
0.933
20.304
24.018
0.933
1.044
0.933
0.933
0.933
1.276
1.897
1.228
0.933
0.933
0.933
1.848
6.193
0.930
0.930
4.402
0.960
9.806
0.930
0.979
15.067
0.930
0.930
3.380
7.172
0.930
0.930
1.022
0.930
24.059
0.930
0.994
0.930
0.947
0.931
0.930
9.606
0.945
0.970
0.930
6.039
0.930
0.930
0.935
6.577
20.578
0.930
0.933
0.930
0.930
0.930
0.930
0.930
0.931
0.928
0.951
0.986
0.928
0.949
0.928
1.187
17.684
0.980
0.928
7.827
0.929
1.148
0.928
0.928
0.928
0.928
5.183
0.928
0.928
17.162
0.928
1.005
1.167
0.928
0.928
9.850
1.415
1.633
0.928
0.928
0.928
0.928
0.928
0.928
0.928
0.928
0.928
0.991
15.573
2.435
0.928
1.912
0.928
0.928
5.491
0.928
2.763
0.928
1.271
0.970
13.347
2.084
1.023
0.928
0.928
6.115
0.928
0.928
0.928
0.928
0.950
0.928
1.695
3.765
0.928
0.967
0.936
1.581
0.959
0.939
0.928
0.926
0.926
3.415
0.925
0.941
18.364
0.933
0.925
0.925
0.945
0.925
0.925
0.925
5.213
0.925
12.705
0.925
4.639
0.982
0.925
3.988
0.925
0.925
0.925
0.925
1.115
1.967
0.924
0.924
0.925
0.961
0.924
0.924
0.924
0.924
0.924
0.924
0.981
0.924
0.924
0.924
0.961
0.924
0.924
0.924
0.924
0.923
0.923
0.923
1.712
0.920
1.206
0.920
0.940
0.920
1.102
0.957
0.920
10.793
0.920
0.920
0.940
0.920
0.957
0.920
1.626
0.920
0.920
0.934
0.920
0.920
0.920
0.920
1.304
19.393
0.920
0.920
3.931
0.926
0.920
1.898
0.920
0.943
0.920
0.920
0.920
0.920
0.920
0.920
0.920
0.926
0.920
1.208
0.920
0.954
7.650
0.969
24.134
1.551
0.920
0.918
14.271
0.918
0.918
0.918
1.131
0.918
16.518
0.918
10.362
0.918
0.918
0.918
0.952
1.564
0.973
0.918
0.918
0.959
0.918
0.918
0.918
0.918
0.918
0.918
0.918
0.918
0.917
0.929
0.925
0.949
0.917
0.917
0.919
0.919
0.917
0.917
0.916
1.332
0.944
0.916
0.916
0.916
0.918
0.937
0.950
0.916
0.925
22.769
0.914
0.914
0.914
0.957
4.471
0.914
0.914
1.439
0.954
0.914
1.238
0.914
0.914
0.914
0.978
1.451
0.914
0.914
1.474
0.919
0.914
1.186
2.185
0.936
0.914
1.241
1.638
0.915
0.914
0.914
0.914
0.914
0.927
0.920
0.914
0.941
0.914
0.947
0.914
0.914
0.914
0.914
0.914
1.186
0.922
5.296
0.914
12.617
0.923
0.914
0.914
0.914
0.918
0.914
0.914
0.914
0.913
0.913
0.913
1.283
0.913
0.913
0.926
0.913
0.953
0.913
0.919
0.913
0.913
0.943
1.395
6.615
1.051
1.419
0.913
0.913
0.913
0.913
0.913
1.998
0.913
1.077
0.913
0.912
0.912
1.134
0.912
0.912
13.538
0.912
0.912
2.489
22.372
2.243
0.912
0.985
0.912
1.173
0.912
0.912
0.912
0.959
0.943
0.912
1.344
1.101
0.914
0.912
0.912
0.912
0.912
0.933
0.919
0.912
0.912
1.345
5.678
8.861
0.912
0.912
24.439
7.145
0.912
0.934
0.911
0.915
1.203
1.037
0.911
0.911
0.910
0.910
14.211
0.910
0.910
0.910
0.910
24.759
0.922
0.945
0.934
0.917
0.918
0.999
0.925
0.910
1.171
0.980
0.910
0.910
8.701
0.984
0.910
0.911
1.531
0.913
0.910
0.910
12.606
0.954
0.978
1.285
0.910
0.910
4.052
0.910
0.910
0.910
0.910
0.910
0.910
0.910
0.914
0.910
0.910
0.910
22.999
0.910
0.910
0.914
6.853
0.910
0.910
0.910
1.007
0.910
0.910
0.910
1.383
19.653
0.927
0.910
0.910
2.522
0.910
6.930
0.910
0.910
12.842
0.910
1.957
0.910
0.910
0.910
0.910
0.910
0.910
0.927
5.102
0.910
0.910
0.979
0.910
23.118
0.937
0.910
2.940
0.910
0.910
0.910
0.919
20.451
0.910
8.258
1.079
0.910
12.337
0.910
0.910
0.910
0.910
2.411
0.910
0.910
0.910
0.956
1.010
0.930
0.910
0.909
1.394
0.913
0.909
0.909
4.396
0.909
24.709
0.909
0.909
0.909
1.016
0.985
0.909
7.415
0.920
1.617
1.341
0.909
0.909
0.909
0.919
0.909
0.909
0.954
0.909
0.909
0.909
0.909
0.909
0.909
0.909
0.909
0.909
0.909
23.543
0.909
1.332
0.911
0.909
7.034
20.604
0.916
0.909
0.909
0.909
1.088
0.909
0.909
0.909
0.909
0.909
0.909
0.909
0.909
9.011
1.515
0.909
0.909
0.932
0.909
0.909
0.909
0.909
0.909
0.922
0.916
0.917
0.909
0.909
0.909
0.909
0.909
0.909
23.748
0.909
0.909
1.163
0.909
0.909
2.700
0.909
0.909
0.909
0.909
0.909
0.913
0.909
0.909
2.016
0.909
21.424
0.908
0.908
0.923
0.934
0.906
0.950
0.906
0.906
0.915
0.906
0.906
0.911
0.993
0.906
24.808
3.264
0.906
0.906
0.906
0.906
0.906
0.906
0.906
0.906
1.052
0.929
0.906
0.906
0.906
0.909
0.906
0.909
3.259
0.906
1.666
0.906
0.906
0.906
0.906
0.941
0.911
0.906
10.396
0.906
0.906
0.906
0.906
24.894
0.906
0.906
5.597
0.906
0.957
0.906
21.967
0.906
1.114
0.906
2.479
11.473
0.906
0.906
0.906
14.034
5.177
0.906
11.991
2.421
24.787
0.906
0.906
0.906
1.494
5.168
0.906
0.912
0.906
0.906
1.052
1.068
15.800
2.233
17.829
0.974
1.584
0.916
0.906
1.489
0.906
0.906
0.916
8.935
0.906
0.906
0.906
0.908
0.906
6.996
3.032
0.906
6.899
0.906
0.906
0.906
0.906
0.907
3.578
0.905
0.908
0.905
19.651
0.905
1.010
0.905
0.905
0.906
0.905
0.931
0.905
0.951
0.969
0.905
1.611
0.905
21.263
0.964
0.929
0.905
0.905
6.989
0.905
5.571
4.522
0.905
2.360
0.905
0.905
12.305
0.905
0.905
0.905
1.581
0.905
0.905
4.806
0.965
0.907
0.911
0.905
1.189
0.905
1.127
0.903
0.903
0.903
4.239
0.923
0.903
0.903
0.903
0.903
0.903
0.903
0.904
0.908
0.910
0.906
1.394
0.903
6.544
0.903
0.903
2.088
2.267
0.903
0.903
0.903
0.902
0.902
0.904
2.423
23.939
1.918
0.902
0.902
0.922
0.902
0.902
1.012
7.064
9.678
0.902
0.945
0.902
1.486
19.939
0.901
0.905
0.901
0.916
0.901
0.901
0.901
0.901
0.901
1.565
0.901
16.215
0.912
0.908
11.684
0.901
0.901
0.901
0.903
0.901
0.901
0.895
0.902
0.895
0.930
0.895
7.760
0.914
0.895
12.260
0.896
0.900
0.895
0.895
0.895
0.915
0.895
0.895
0.895
0.895
0.991
0.895
0.895
1.487
0.895
0.895
0.895
1.093
0.895
0.901
21.769
0.895
0.899
0.895
1.058
0.895
0.895
0.986
0.900
0.895
1.299
0.895
0.895
0.923
0.895
0.895
0.983
0.895
0.895
1.148
0.895
2.506
0.895
0.895
0.895
0.895
0.895
1.594
2.514
0.895
13.527
6.237
0.895
1.164
5.315
0.895

Results for SA
Target: Iris-versicolor: 
Correctly classified 148.0 instances.
Incorrectly classified 2.0 instances.
Percent correctly classified: 98.667%
Training time: 33.541 seconds
Testing time: 0.004 seconds

