-i 10000 -algo sa -alpha .75 
Iterations: 10000
Cooling alpha: 0.75

Error results for SA
Target: Iris-versicolor
---------------------------
22.146
22.109
22.076
22.004
23.597
23.562
23.510
23.510
23.132
23.186
24.065
24.802
25.288
25.777
25.758
27.700
26.489
26.562
25.038
24.941
23.164
23.129
23.208
21.842
21.936
22.036
23.333
23.636
24.186
24.139
24.147
24.147
24.159
24.159
24.031
24.120
23.209
24.074
25.237
25.266
25.266
25.900
25.915
27.262
27.309
27.175
27.175
27.154
27.157
27.294
27.417
27.620
27.609
27.587
28.772
29.022
28.992
28.459
28.478
28.514
28.309
28.099
28.099
28.099
27.797
27.621
27.599
27.175
27.048
26.959
26.999
25.799
25.797
26.809
26.800
26.712
26.069
27.176
27.936
27.936
27.929
28.571
27.896
28.822
29.032
29.014
29.368
29.366
29.363
29.853
30.158
30.158
30.159
29.447
28.990
28.984
29.017
28.984
28.986
29.119
29.119
29.132
29.072
29.060
29.259
29.004
27.386
27.439
27.205
26.118
27.890
26.119
25.977
24.632
22.493
22.496
22.498
22.495
22.490
22.504
22.504
22.765
22.300
22.300
22.302
22.615
22.302
22.302
27.222
22.304
22.305
22.380
22.304
22.262
22.474
21.999
21.980
21.977
22.008
21.983
21.957
22.200
21.836
21.836
21.592
21.513
22.256
21.475
21.528
21.475
20.469
20.446
20.446
20.448
20.445
20.484
20.493
21.986
22.560
20.645
20.455
20.442
20.648
20.692
20.612
20.299
20.533
20.299
20.295
20.280
20.280
20.282
20.280
20.280
20.401
20.280
20.125
20.666
20.456
20.275
20.125
20.305
20.618
20.156
19.519
19.321
19.299
19.389
19.298
19.300
19.299
20.164
19.836
19.243
19.437
20.142
16.613
15.946
16.065
14.811
14.830
14.731
14.765
14.731
14.752
14.817
14.731
14.941
14.731
14.753
14.584
20.588
14.961
14.425
14.493
14.425
14.851
14.424
15.568
15.579
14.466
18.126
13.797
14.734
14.274
13.794
13.786
14.542
13.786
13.797
13.724
14.145
16.291
17.714
13.729
13.724
13.724
13.724
13.734
13.724
13.724
13.724
13.708
13.745
14.508
14.942
13.697
13.695
13.736
13.695
13.700
13.695
13.273
15.150
13.273
13.334
13.760
13.443
13.205
13.054
13.058
13.654
14.707
13.645
13.029
13.050
13.312
13.029
13.071
12.945
12.624
12.624
12.417
12.417
12.397
12.397
12.397
15.513
18.158
12.809
12.397
12.682
15.570
12.215
12.378
12.145
12.435
12.145
12.147
12.145
15.512
12.145
12.145
12.153
12.542
12.106
12.106
13.406
12.329
13.913
13.168
11.878
12.034
12.989
11.925
11.768
11.756
11.899
13.058
12.020
13.732
11.307
11.383
11.888
11.418
11.153
11.153
11.622
11.457
11.176
10.460
10.455
10.455
10.458
10.455
11.023
10.438
10.438
10.438
10.597
10.438
10.436
10.510
10.433
10.433
10.433
10.426
10.425
12.245
10.425
10.558
10.649
11.090
11.395
12.301
10.670
10.425
10.425
10.425
10.425
25.028
10.420
10.862
10.496
10.194
10.297
10.512
10.388
12.338
12.632
11.482
10.702
10.195
10.194
10.194
10.194
10.194
10.194
10.194
10.194
10.688
11.013
10.190
10.162
10.178
15.471
10.056
10.056
10.017
10.018
10.017
10.357
10.017
10.061
12.179
10.107
14.108
10.022
10.227
10.024
10.017
10.017
10.097
16.540
15.974
10.016
10.016
10.016
11.311
12.484
10.016
10.011
10.011
10.456
10.037
10.713
9.993
9.933
10.229
12.162
11.418
9.933
10.942
20.406
10.833
9.933
9.933
9.801
10.022
9.801
9.799
9.799
10.934
9.773
9.766
9.749
9.749
9.749
9.749
9.845
10.799
23.588
20.064
10.443
9.771
13.249
9.816
9.749
9.723
9.771
9.723
9.723
9.723
9.723
10.351
9.723
9.723
9.843
9.723
9.803
9.752
9.692
9.747
9.692
9.692
9.701
9.692
9.621
9.695
13.983
9.621
9.621
10.235
9.621
9.621
9.621
9.621
19.230
10.402
9.620
9.617
9.989
9.617
13.483
9.617
9.617
9.617
9.734
9.871
10.315
9.617
10.560
9.617
9.988
9.952
9.619
9.617
9.617
9.827
9.617
9.961
9.617
9.617
10.187
10.079
9.840
9.617
9.628
15.142
9.617
9.617
9.617
9.617
14.560
9.615
9.615
9.575
9.663
9.569
9.569
9.569
13.697
9.569
10.016
14.114
9.566
24.540
9.566
9.566
9.840
9.566
10.561
9.589
9.734
9.566
9.566
9.566
9.549
9.549
9.655
9.549
9.617
9.432
12.856
9.540
9.415
9.415
9.415
9.415
9.420
9.415
9.463
9.579
9.415
9.415
14.320
9.415
9.488
9.415
9.638
29.204
9.415
9.415
9.418
9.426
9.415
14.059
9.446
12.251
9.881
9.124
21.000
9.075
9.895
9.075
9.565
9.075
9.065
9.065
9.066
9.065
9.065
9.065
9.262
9.031
10.006
9.031
9.031
9.031
9.069
9.699
9.031
9.031
9.031
9.031
9.084
9.145
9.031
9.031
9.031
9.031
8.988
8.988
9.465
8.988
8.988
9.180
8.930
20.853
16.585
9.238
8.930
8.930
8.930
8.942
8.930
8.930
9.297
8.930
9.166
18.471
9.458
9.138
8.930
9.608
9.026
9.031
8.930
8.930
11.491
9.554
10.474
9.216
9.049
16.826
8.930
9.012
8.930
9.713
9.445
8.930
9.427
8.930
9.547
8.930
10.181
8.930
8.930
8.878
16.777
8.817
8.982
9.404
8.987
8.830
9.044
8.794
15.295
8.794
8.794
8.794
9.116
8.940
8.934
9.010
9.117
9.357
8.794
8.794
8.825
8.794
9.417
11.394
8.903
8.883
8.794
8.793
9.809
8.835
8.793
8.793
8.801
8.793
13.264
9.228
8.816
8.793
9.428
9.451
8.793
8.789
9.397
8.924
8.940
8.789
10.817
9.011
8.792
8.789
18.041
10.061
8.796
8.789
8.789
8.789
8.759
8.987
10.433
8.754
9.014
8.756
8.754
8.820
15.132
8.772
8.758
10.891
8.754
8.754
8.756
9.195
8.754
14.129
11.622
8.991
8.754
9.184
9.157
8.733
8.733
9.315
8.733
8.734
8.733
9.095
8.733
8.733
8.733
8.767
8.733
8.733
9.654
8.805
8.733
8.723
13.252
13.374
8.770
8.658
8.658
11.762
8.425
8.425
8.445
8.425
8.425
8.508
8.425
8.425
9.728
8.425
8.425
8.433
8.902
14.937
8.431
8.425
8.425
8.472
8.281
8.281
8.281
8.267
8.850
8.271
8.684
8.198
10.195
7.747
7.885
7.747
7.746
7.746
7.814
7.699
7.711
8.250
7.699
8.776
28.894
8.215
8.011
7.699
7.699
8.121
7.700
7.947
7.653
7.653
8.200
31.085
7.653
7.653
7.653
7.774
7.653
7.653
7.653
9.633
10.395
17.091
8.670
9.844
7.653
7.653
7.653
7.656
7.612
8.159
7.612
7.543
7.559
12.289
7.543
7.543
7.449
7.448
7.448
9.303
7.448
7.448
7.388
7.388
7.862
7.388
7.388
11.307
7.388
7.388
7.388
8.739
7.443
7.388
7.704
7.341
7.341
7.341
7.482
14.016
7.514
7.341
7.341
7.341
7.735
7.365
7.341
12.613
7.391
7.341
36.256
7.341
7.450
7.566
7.960
7.383
7.341
7.654
7.341
7.325
11.605
7.401
7.505
7.315
7.315
8.171
7.315
7.349
21.866
7.315
7.315
7.374
7.315
7.920
9.028
10.369
7.341
7.304
7.305
7.304
7.304
7.304
7.304
7.689
7.330
7.304
12.729
7.304
7.636
7.313
7.304
7.342
7.304
8.198
11.253
7.304
7.289
7.289
7.289
7.289
7.519
7.289
7.289
7.427
7.289
7.336
7.872
7.921
7.289
7.289
7.291
7.289
7.271
7.272
7.288
7.271
7.271
7.373
7.230
7.639
7.230
7.230
7.209
7.214
7.263
21.756
9.223
7.210
7.723
24.139
35.651
7.209
7.360
7.209
7.209
21.761
7.193
7.193
7.193
7.813
9.060
7.197
7.463
7.257
7.245
9.960
7.193
9.890
7.467
7.193
7.202
7.193
7.193
7.244
7.193
7.193
7.218
7.193
7.193
7.193
7.193
7.195
7.290
7.193
7.193
7.193
25.306
7.188
7.188
11.639
7.188
8.699
7.776
7.456
7.458
7.188
7.210
7.188
7.260
7.188
12.315
7.188
7.188
12.897
7.439
7.188
7.192
8.910
7.188
12.568
7.188
7.226
7.188
7.199
7.207
7.188
7.188
18.043
7.538
7.188
12.843
20.669
7.362
7.517
10.600
7.188
7.216
7.242
7.188
21.794
7.205
7.328
7.190
12.005
21.949
7.177
7.177
7.177
7.034
7.050
7.034
7.944
7.034
13.395
7.361
7.820
9.479
7.160
7.034
7.843
6.991
7.327
6.993
6.991
6.991
18.577
7.601
7.009
7.565
7.051
6.981
6.981
6.930
7.137
6.930
8.316
13.565
6.940
6.951
6.930
6.930
7.688
6.930
6.930
6.930
6.930
7.216
6.930
6.930
20.839
7.079
6.935
6.930
6.930
6.930
6.930
6.930
6.869
6.869
6.869
19.493
7.025
9.467
6.869
7.050
6.978
8.189
6.869
7.278
20.508
6.869
6.935
8.388
15.305
6.869
6.873
10.879
6.862
7.249
6.862
6.528
6.471
6.874
6.471
6.595
6.634
6.443
6.443
6.443
6.443
7.540
6.425
6.431
6.489
7.320
6.551
6.425
6.408
6.448
6.660
6.646
7.408
6.391
6.391
7.334
6.391
31.363
6.385
6.385
6.385
6.385
6.389
6.385
6.446
6.385
6.385
11.295
6.378
6.440
6.368
6.368
6.378
6.368
8.817
6.387
8.344
6.368
6.439
6.864
19.460
6.368
6.424
7.282
6.368
6.374
6.367
6.367
6.366
6.355
8.590
6.355
12.995
6.377
6.355
6.420
6.034
6.030
6.030
6.144
6.024
6.080
6.024
6.080
6.024
6.023
6.083
5.814
5.814
5.814
5.814
5.779
5.779
5.777
7.639
5.778
5.777
5.777
5.778
5.777
5.826
5.777
5.777
5.770
5.770
5.770
5.777
19.041
5.770
5.949
5.770
17.342
5.769
5.766
6.166
5.766
5.764
5.837
5.948
5.775
5.857
5.756
5.758
5.756
5.793
14.389
5.697
6.441
5.686
7.404
6.417
7.718
5.684
5.677
7.915
5.644
5.642
5.642
5.642
6.024
12.042
5.642
5.736
5.781
6.661
5.642
5.642
5.672
7.523
5.800
5.634
9.158
5.633
14.032
5.885
5.633
5.633
5.630
6.545
5.817
11.712
5.630
21.637
5.630
5.630
5.637
5.630
5.629
5.629
5.546
6.290
5.765
16.494
9.978
5.638
5.546
5.543
5.557
5.574
5.543
5.564
5.914
5.543
5.590
5.880
6.889
6.793
5.543
5.577
5.577
5.521
22.220
5.507
19.749
5.506
5.654
5.506
5.506
5.506
6.092
5.506
8.175
5.847
5.506
5.506
5.506
5.506
5.506
5.507
7.361
5.714
5.508
5.506
8.356
5.677
5.507
5.504
6.037
5.501
5.501
25.604
5.540
5.500
6.168
5.563
17.366
5.500
5.500
5.497
5.499
5.658
5.496
5.515
5.496
5.496
5.570
11.133
5.496
5.610
5.496
5.496
5.496
5.648
7.477
5.543
5.496
6.106
5.495
5.543
5.513
5.495
5.495
5.509
5.755
5.495
5.495
5.495
12.969
5.495
5.493
5.641
5.493
5.540
5.580
5.561
7.259
5.493
12.032
5.808
10.772
19.254
5.493
5.493
15.722
5.493
5.493
31.712
5.493
17.765
5.493
5.509
5.493
5.560
22.233
5.493
5.493
6.004
5.494
5.568
5.493
5.961
5.497
5.468
5.464
5.464
5.817
5.464
12.306
5.478
5.968
6.130
5.918
5.464
5.464
5.464
5.490
6.593
5.464
5.996
5.464
5.464
5.441
19.751
5.994
5.445
5.442
5.442
5.533
5.441
22.040
5.441
5.908
5.441
5.441
5.444
5.441
5.441
14.086
5.447
5.720
5.448
6.352
5.616
7.668
5.441
5.441
5.441
16.255
7.098
5.467
32.406
5.441
5.840
5.742
16.712
5.489
5.885
5.471
5.441
5.441
5.440
5.439
5.439
5.447
5.443
5.440
5.432
5.440
5.432
5.433
5.432
6.446
5.434
5.432
5.540
5.839
5.432
5.432
15.819
5.431
5.431
5.432
6.263
5.431
5.413
5.416
5.413
5.413
9.706
5.413
5.413
5.949
5.413
5.415
5.436
5.652
5.415
6.158
5.547
5.610
6.738
5.478
5.413
21.978
5.412
5.500
5.412
5.412
5.712
5.412
5.396
8.063
5.395
13.872
5.922
5.392
5.419
5.429
9.116
5.392
5.422
5.519
5.392
7.162
10.449
5.364
5.470
7.598
5.364
6.015
5.425
5.544
6.010
5.387
5.364
5.449
5.515
5.364
5.373
5.426
5.368
5.638
5.964
20.055
5.364
6.769
5.364
7.598
5.349
5.349
5.349
5.349
5.363
6.449
5.349
5.479
5.349
5.347
5.347
5.361
5.347
13.691
5.355
5.360
5.347
5.347
6.256
7.534
5.382
5.339
5.339
10.517
5.339
5.601
5.339
5.339
5.350
5.339
5.342
5.339
5.411
5.339
5.339
5.334
5.552
5.678
5.424
5.424
20.618
12.857
5.334
5.383
5.981
5.334
5.360
5.575
5.352
5.334
5.340
5.334
5.334
5.340
5.335
6.707
5.331
5.331
8.108
5.331
5.337
5.338
5.261
5.262
15.735
5.332
22.563
5.268
5.264
5.261
5.661
5.276
5.628
5.261
5.192
5.328
5.485
5.191
11.332
5.192
5.191
5.191
5.252
5.191
11.169
5.207
5.186
5.186
5.224
5.187
5.189
21.264
5.186
19.179
5.186
5.186
6.313
5.186
6.234
5.186
5.186
5.187
5.111
10.860
5.118
5.111
8.031
5.311
5.526
5.279
5.102
5.102
10.080
5.182
6.619
5.122
5.102
5.106
5.102
5.102
5.102
5.101
6.669
5.573
5.986
16.919
5.111
5.102
5.103
5.102
5.108
5.098
7.713
5.099
5.098
5.268
5.098
5.098
5.212
5.452
5.030
5.030
5.266
5.089
7.704
5.030
9.910
5.033
5.036
4.969
4.969
4.971
5.025
30.782
4.976
4.969
4.969
4.972
5.725
4.969
4.979
19.452
11.195
5.111
4.969
5.173
4.969
5.002
4.973
5.146
5.367
4.969
4.968
4.989
4.968
5.033
4.998
10.606
4.968
5.365
4.968
4.968
4.950
5.594
4.959
5.355
5.538
4.950
4.950
4.950
4.959
4.956
5.538
21.480
5.482
5.608
4.950
4.950
12.978
5.246
5.212
4.961
16.391
5.500
4.950
4.968
5.239
4.950
4.950
4.952
5.072
4.951
5.272
4.950
19.783
4.954
5.229
5.019
4.950
4.950
4.950
5.170
4.975
4.955
4.976
5.441
4.953
4.950
5.039
8.108
5.103
4.950
5.176
4.955
5.215
4.965
5.053
4.947
4.947
4.947
4.943
4.943
4.944
4.960
4.949
10.703
4.945
4.985
4.979
4.943
4.943
4.943
12.613
4.937
4.960
4.941
5.091
4.939
5.089
17.592
4.937
4.937
4.927
7.798
4.927
4.927
4.927
6.001
5.283
5.227
4.927
5.017
4.928
5.170
4.996
5.682
9.003
4.927
4.937
5.104
4.927
5.069
10.463
4.927
4.927
4.927
5.835
4.927
4.929
24.204
5.041
22.060
5.769
6.447
4.927
4.929
5.054
4.927
4.927
4.929
4.927
4.927
4.927
5.020
4.924
4.930
5.238
4.924
4.924
4.924
15.570
4.926
5.216
4.927
4.940
4.927
4.927
4.924
4.924
5.767
5.119
4.916
4.920
4.956
4.916
5.000
5.146
4.916
5.026
5.221
5.465
4.979
4.916
4.923
5.479
23.677
7.248
4.916
4.977
4.960
33.218
33.091
6.922
4.916
4.916
24.825
4.998
4.916
4.916
4.916
4.916
5.604
5.703
5.076
4.971
4.916
6.108
5.222
4.963
11.973
4.919
4.916
4.920
4.916
4.916
4.919
13.311
4.985
4.927
16.740
4.912
4.912
4.993
4.912
5.070
4.912
4.912
4.912
4.910
4.910
4.935
4.915
5.441
4.910
4.946
4.914
4.910
4.910
4.865
4.864
4.862
5.329
4.985
5.248
4.862
4.871
4.915
4.866
4.984
6.967
4.860
5.335
4.902
5.164
4.860
4.860
19.161
4.860
4.860
4.859
5.071
4.859
4.977
5.092
4.859
4.900
5.448
5.141
5.046
4.859
5.988
4.858
4.858
4.980
4.858
5.036
4.864
4.885
4.858
4.896
4.858
4.858
11.983
4.858
7.468
4.858
4.858
7.553
26.114
4.819
4.820
5.363
4.824
4.845
4.819
7.739
7.390
4.830
4.824
4.819
12.390
4.828
4.886
5.328
5.208
4.819
4.882
5.192
5.531
4.833
13.672
5.089
5.559
4.828
4.819
4.847
5.574
4.819
4.838
4.819
8.238
4.819
4.819
4.819
4.827
4.921
7.087
4.825
4.901
5.407
4.902
4.874
5.403
4.820
5.017
4.819
13.707
4.786
5.190
7.668
4.314
6.563
4.314
4.314
4.314
4.314
4.314
4.319
10.989
4.313
4.482
4.313
4.313
31.019
35.172
4.314
4.313
4.313
4.313
4.313
4.313
4.361
4.313
4.327
4.400
4.313
4.370
4.766
4.293
4.337
4.742
22.151
10.580
18.681
4.860
4.295
4.293
4.293
4.389
4.293
4.293
4.293
5.060
4.293
4.324
4.363
7.761
4.293
5.885
5.019
4.293
4.293
4.344
4.293
8.127
4.516
21.833
4.296
4.302
4.313
4.293
4.293
4.250
4.250
4.499
4.279
4.250
4.401
4.251
4.494
4.250
4.249
4.242
11.377
4.261
4.242
4.242
5.421
4.242
4.242
4.242
22.427
4.330
4.244
4.223
4.223
6.213
11.638
4.222
4.317
4.767
4.222
4.720
4.222
4.242
4.206
4.206
4.206
4.208
4.510
4.495
4.206
4.196
4.237
4.235
4.199
15.425
21.729
4.404
4.196
4.241
4.934
4.208
4.196
4.216
5.713
6.116
6.186
4.572
9.673
4.271
4.196
4.196
13.685
4.389
4.206
4.240
4.196
4.356
4.647
4.196
4.196
4.196
4.192
4.192
4.340
4.282
11.510
4.192
4.184
6.611
4.528
4.221
4.184
4.243
4.261
5.389
7.672
4.237
4.184
4.346
4.184
4.184
4.184
29.191
4.184
22.200
5.187
4.184
4.197
4.184
4.362
6.833
4.395
4.221
4.186
4.183
4.298
4.183
3.883
3.883
3.893
4.027
3.946
3.883
4.981
3.688
3.934
3.688
3.689
4.009
3.688
5.316
5.569
3.688
3.688
3.688
3.725
3.769
3.688
3.729
3.779
7.883
3.841
3.688
3.688
28.891
3.688
3.688
3.689
3.691
6.231
3.688
3.688
3.671
3.671
3.671
3.683
14.759
3.671
3.747
3.671
3.941
6.747
3.671
3.867
3.671
3.788
3.671
19.316
8.538
3.671
3.720
3.671
3.720
3.671
4.109
3.697
3.741
3.671
3.671
3.671
3.699
3.671
3.774
3.671
11.550
5.632
5.272
3.671
3.671
3.671
3.671
3.725
3.980
3.671
3.671
3.787
3.676
3.669
5.475
3.742
3.669
3.731
3.668
5.543
3.668
3.668
3.670
9.949
3.719
3.671
3.906
6.959
3.678
9.455
3.676
3.668
3.861
3.668
3.673
3.668
3.950
3.704
3.669
3.668
3.668
22.948
4.012
3.668
3.744
3.668
3.984
3.679
11.705
5.319
3.697
3.668
3.668
3.668
22.928
3.678
3.668
10.954
3.728
3.668
3.668
18.598
8.640
3.660
3.660
3.834
3.660
8.375
5.188
3.686
3.655
3.666
3.656
3.680
3.655
3.655
3.680
3.655
3.655
3.783
23.349
5.494
3.655
3.655
3.654
3.654
3.654
3.655
3.654
3.654
3.654
3.654
23.198
3.679
3.654
3.653
3.653
3.653
4.009
3.653
3.653
5.252
4.027
3.815
3.996
3.653
4.677
3.677
3.674
3.653
7.557
3.653
3.634
3.872
3.751
5.598
3.634
3.651
3.634
3.634
3.683
4.200
3.635
3.658
3.636
23.264
3.634
5.197
10.367
3.631
3.631
23.476
4.079
3.631
3.631
3.631
4.515
3.665
3.632
3.631
3.631
23.504
3.631
4.280
9.656
5.211
3.963
24.747
3.631
4.386
4.132
3.631
3.644
3.849
3.753
3.647
3.602
3.602
3.602
4.032
8.153
3.601
3.601
3.601
3.603
3.854
3.601
4.694
3.601
3.931
3.828
3.606
3.800
3.601
3.602
3.601
15.331
3.661
3.601
4.021
3.603
3.601
3.601
3.702
5.498
3.608
4.063
3.601
8.676
3.603
3.623
3.600
10.656
4.406
3.935
3.647
3.837
3.600
3.600
3.600
3.914
3.851
3.600
3.771
3.600
3.658
3.600
4.093
3.600
14.153
3.609
22.823
3.600
3.605
3.600
3.600
3.642
5.188
3.600
3.600
3.610
3.603
3.615
3.600
3.600
3.598
3.598
3.598
3.598
15.841
3.598
3.683
5.462
3.856
3.599
5.483
8.722
3.740
3.605
20.939
3.639
3.598
3.593
6.912
3.641
3.593
5.696
4.279
3.586
3.586
3.586
3.605
3.578
3.577
3.580
5.917
3.577
3.753
5.080
3.577
3.577
3.578
3.577
3.586
3.577
3.577
3.577
9.404
3.563
3.573
3.567
14.029
3.563
3.563
7.034
4.927
3.563
4.799
3.563
3.740
3.576
3.564
3.562
4.245
3.864
3.562
3.585
3.568
3.569
5.334
5.337
3.562
3.591
4.491
3.562
3.562
3.390
4.849
3.406
3.390
4.810
4.288
3.390
3.548
3.390
3.397
3.993
5.411
3.389
3.389
4.784
3.390
3.393
3.389
3.349
3.349
3.350
3.349
3.349
3.355
3.377
3.349
5.170
3.811
3.410
4.005
3.350
3.373
3.331
3.342
3.331
3.331
8.640
3.331
3.536
3.330
3.868
23.582
3.251
3.284
3.666
3.251
3.251
4.090
9.731
17.567
3.518
3.195
3.196
3.327
3.274
3.196
3.236
3.322
4.841
3.194
3.194
3.200
3.278
3.246
3.194
3.426
3.201
9.166
3.194
3.194
3.207
3.547
3.757
9.363
3.186
5.501
3.240
3.597
3.186
3.186
3.186
3.185
4.819
3.291
3.225
3.092
3.089
3.079
3.066
3.076
3.066
3.066
3.051
21.151
24.018
3.050
3.210
4.056
3.231
3.030
6.426
3.030
3.030
3.117
3.030
11.958
3.038
4.236
3.035
9.353
3.030
8.955
3.027
18.979
3.028
3.029
24.551
3.033
3.145
3.030
13.641
3.022
3.022
3.022
3.022
3.191
3.022
3.113
3.022
3.443
3.022
3.967
3.022
3.022
3.022
4.188
3.022
3.022
3.022
3.023
3.022
3.049
3.022
3.022
3.022
3.022
3.022
4.304
3.022
3.022
3.019
2.842
2.842
2.842
3.238
2.842
2.850
2.850
3.055
2.843
2.878
2.842
2.844
3.420
3.127
2.934
7.723
3.091
2.842
2.847
2.836
2.836
4.376
2.836
2.803
2.944
2.831
2.801
2.801
2.802
6.479
2.830
2.978
2.801
2.801
3.069
2.723
2.723
34.135
2.727
2.723
2.723
2.724
2.723
2.735
3.997
2.724
2.723
4.164
2.723
2.723
2.723
2.723
4.508
2.729
2.742
6.488
2.648
2.806
2.733
2.648
2.648
11.655
2.648
3.130
2.648
2.652
14.688
2.623
2.752
2.623
7.233
2.755
2.711
2.623
2.623
2.623
2.623
2.622
8.685
3.713
2.622
2.767
2.622
22.563
2.622
2.792
2.646
2.622
13.702
2.622
2.651
4.147
2.629
2.622
2.622
2.622
3.406
2.774
2.622
2.622
2.622
2.622
8.429
2.829
4.001
2.622
2.622
2.622
2.622
2.617
2.618
8.157
3.648
2.771
2.581
3.716
2.766
2.581
2.938
2.581
2.610
2.581
2.801
2.581
2.691
3.234
2.600
3.691
2.581
2.736
2.581
3.996
2.579
31.755
2.636
2.572
10.300
2.571
2.667
2.571
2.703
2.571
2.571
23.441
2.664
2.571
2.571
2.664
2.571
2.581
2.637
2.571
2.571
2.574
2.637
2.571
2.697
2.806
2.696
2.741
2.571
2.875
2.571
2.571
3.503
2.574
2.557
2.557
2.557
2.559
22.489
2.557
8.279
2.557
2.605
2.557
2.571
4.039
2.629
2.557
7.917
2.557
2.557
2.557
2.556
2.556
2.557
2.557
2.556
2.573
2.556
2.562
8.019
2.556
2.695
2.646
2.588
2.593
2.556
2.556
2.556
2.556
2.555
2.555
2.555
4.219
2.555
2.557
10.730
2.521
2.521
2.521
2.583
2.655
2.521
2.521
2.519
2.519
2.519
2.575
2.519
2.519
2.519
2.517
2.517
2.517
2.897
3.202
3.027
2.517
2.517
2.517
3.133
2.519
24.599
2.615
2.517
8.100
2.518
2.896
2.517
2.525
2.528
2.651
2.520
2.517
2.517
8.825
2.513
5.553
7.661
2.552
2.513
4.519
2.513
2.513
2.513
11.375
2.513
2.513
2.512
2.719
2.512
2.512
2.646
2.512
2.512
2.512
2.512
2.546
2.512
2.512
6.115
2.512
2.512
2.512
2.512
2.512
2.512
3.108
20.715
2.506
2.506
2.506
2.506
2.540
2.506
2.504
2.453
2.453
2.768
3.532
12.916
2.452
3.216
12.453
2.452
2.452
2.452
2.454
2.452
2.453
2.404
2.404
2.405
2.404
2.404
2.412
2.368
2.368
2.368
2.368
2.392
2.368
7.813
2.368
2.368
2.368
2.367
2.370
2.404
2.368
2.405
2.367
2.367
2.433
2.338
2.338
2.381
24.894
20.844
2.338
2.335
2.377
10.685
24.842
23.436
2.669
2.424
2.335
3.894
2.335
2.500
2.469
2.339
2.515
2.335
2.348
2.355
2.342
3.001
21.828
8.657
2.339
2.336
2.336
2.388
2.335
2.335
2.335
2.335
2.335
2.335
3.403
3.730
2.760
2.333
2.333
2.333
2.333
2.333
2.333
2.378
2.335
2.333
2.333
4.868
2.333
2.262
2.262
2.389
2.262
2.262
2.262
2.262
2.261
24.435
3.994
2.268
2.271
2.272
7.342
2.262
2.264
2.261
2.261
2.261
2.261
2.359
21.817
2.477
2.261
2.261
2.261
2.451
2.336
2.261
11.396
2.261
3.757
2.261
9.613
2.261
2.261
2.376
2.282
2.261
2.261
2.261
2.261
4.607
8.659
2.261
2.263
2.261
2.261
6.227
22.748
2.261
2.326
2.942
2.261
2.261
2.483
2.261
2.261
2.263
4.585
4.928
2.292
2.261
2.380
22.695
2.261
2.244
2.244
2.435
2.244
2.244
2.244
2.807
25.113
3.053
2.244
2.244
2.244
2.206
2.291
2.188
2.188
6.083
2.188
2.188
2.188
2.346
2.783
2.188
2.188
4.480
23.159
16.646
2.188
2.233
3.402
2.322
2.188
2.187
2.187
2.260
2.187
2.187
2.187
2.285
3.335
2.187
2.434
2.187
2.267
2.187
2.187
2.437
2.187
2.189
2.187
21.621
2.239
2.193
2.240
2.187
18.068
2.187
2.187
2.188
2.280
2.187
2.493
3.792
2.187
2.187
2.187
2.187
2.187
2.189
2.191
2.202
2.150
2.150
2.150
2.150
25.271
2.165
2.150
2.151
2.783
2.150
2.150
6.195
2.235
2.150
2.150
2.150
2.157
2.150
2.150
2.161
4.092
2.670
2.137
2.137
2.137
3.739
2.223
2.137
2.364
2.452
2.262
2.476
2.191
2.137
2.137
2.137
18.534
2.386
2.171
2.137
2.143
2.164
2.137
2.137
2.137
2.457
2.138
2.243
2.198
2.151
2.247
2.137
2.137
3.100
2.137
2.137
2.137
2.137
2.177
2.307
6.101
2.146
2.471
2.142
2.138
2.137
2.137
2.137
2.960
2.137
2.194
2.137
2.294
2.137
2.103
2.103
8.614
2.263
2.104
2.413
3.357
2.103
3.052
2.103
2.103
2.286
2.096
2.096
2.096
2.099
2.170
2.103
2.319
4.510
2.097
2.096
5.832
2.096
2.096
2.118
2.096
2.100
2.099
2.096
2.206
2.096
2.096
2.376
2.096
2.540
10.404
2.096
2.096
2.097
2.615
2.096
2.096
2.096
2.096
2.099
2.096
2.383
2.112
2.096
2.096
2.096
8.292
2.096
2.096
25.713
2.096
2.096
2.096
2.096
2.096
2.103
2.096
2.096
2.096
2.096
2.096
9.025
2.096
2.096
2.328
2.096
2.096
3.147
2.096
2.096
2.096
2.096
2.096
2.097
2.096
2.160
2.096
2.096
2.096
24.780
2.096
2.116
2.096
2.096
2.049
2.309
2.049
2.049
5.951
15.550
2.049
2.053
2.048
2.049
2.061
2.048
2.048
2.048
2.307
8.052
2.049
2.048
2.048
2.048
2.048
5.851
2.058
2.048
24.562
2.048
2.048
2.050
2.048
2.048
2.048
2.048
33.537
2.346
2.048
2.048
8.486
2.048
3.358
2.048
2.048
2.048
24.936
18.828
2.048
2.192
25.136
2.058
2.048
2.048
7.556
2.048
2.049
2.146
9.745
2.446
2.048
2.309
2.405
3.167
2.048
2.061
2.048
2.048
2.051
2.047
2.051
2.047
12.300
2.047
2.235
2.047
2.047
2.047
2.047
2.047
2.049
2.047
2.354
2.471
2.047
2.797
2.052
2.046
2.444
2.046
2.046
7.051
2.046
13.268
3.206
2.049
2.046
2.046
2.046
2.048
2.046
2.061
2.046
2.137
2.046
2.046
2.057
2.046
2.046
2.080
2.048
2.046
2.967
2.046
2.210
24.941
2.042
2.042
2.042
2.042
2.042
2.042
25.273
2.043
22.483
2.050
2.108
2.043
2.041
2.041
2.041
7.169
2.041
13.576
2.046
2.197
2.041
2.057
2.041
2.041
2.043
2.041
2.041
2.079
2.041
5.806
2.041
2.041
2.041
2.041
2.041
2.041
2.003
2.003
2.003
2.003
2.003
2.003
2.003
2.003
2.003
2.005
2.298
2.003
2.003
2.003
18.133
2.730
2.003
2.003
2.557
1.977
1.977
1.977
1.977
1.977
5.747
1.919
1.920
2.236
2.081
1.919
1.943
1.919
1.920
1.919
1.919
1.922
1.919
1.919
1.919
2.817
4.599
1.919
1.919
2.005
1.919
30.753
24.976
24.690
2.518
1.919
1.919
2.040
1.919
4.994
1.918
5.330
1.918
23.667
7.779
1.918
1.919
1.918
13.576
1.918
1.918
4.375
2.190
1.918
1.918
1.919
2.739
1.957
1.918
5.782
1.922
1.937
1.883
1.883
1.883
1.883
1.883
23.720
1.883
1.883
1.883
1.883
1.883
1.952
1.887
1.884
1.883
1.909
1.883
1.883
1.883
24.867
1.997
12.427
1.883
1.876
1.895
2.225
3.903
2.134
2.475
1.876
5.433
1.876
1.878
1.876
12.097
1.876
1.855
1.855
1.855
1.855
1.961
1.856
1.855
1.872
1.856
1.855
1.855
1.855
18.361
1.856
1.855
3.140
1.857
1.819
1.844
1.819
1.819
1.819
2.221
2.165
1.819
1.819
1.819
1.819
1.819
1.819
1.819
1.819
1.819
1.998
24.978
1.880
1.819
1.819
1.819
1.817
1.817
1.816
1.816
1.819
1.816
34.842
1.817
1.816
1.794
1.807
1.794
1.794
1.796
1.794
6.977
1.794
25.001
1.794
1.940
1.794
1.794
1.794
1.995
1.901
1.794
2.058
2.005
1.812
1.794
1.794
1.794
1.794
2.320
5.428
2.774
2.155
14.377
1.794
1.794
5.068
7.162
2.023
1.794
1.794
1.794
2.024
15.017
1.794
1.794
1.794
1.794
25.017
7.278
1.794
1.794
1.794
1.794
1.794
1.789
1.794
1.789
32.298
1.789
1.789
1.789
1.789
1.789
1.789
1.789
25.007
1.789
1.789
1.789
1.843
1.789
4.534
2.705
1.789
1.953
1.790
1.789
1.789
1.789
3.183
1.892
1.789
1.789
1.908
1.789
21.112
1.789
1.789
1.789
1.789
1.789
1.790
16.984
2.369
1.789
1.856
1.789
1.789
1.789
1.818
1.789
1.822
1.957
5.753
1.789
1.789
1.789
1.789
1.789
1.830
19.723
1.789
1.789
1.811
1.789
7.267
2.053
1.789
25.014
1.789
3.078
1.790
1.789
1.789
1.789
19.582
2.109
1.789
1.789
1.879
1.789
1.789
1.789
34.688
1.915
1.789
24.603
1.789
1.887
24.109
2.631
1.789
1.869
1.789
1.879
1.789
1.790
3.476
1.789
1.788
1.788
1.789
1.803
1.788
1.788
1.788
1.788
1.788
1.788
1.945
1.792
2.030
1.788
1.801
1.788
1.788
1.804
1.833
1.788
1.789
1.788
1.788
2.146
1.913
1.786
1.786
1.788
2.102
1.786
1.786
4.464
24.747
1.786
1.786
1.786
1.786
1.786
1.964
1.786
1.786
1.758
1.815
15.755
2.105
1.758
19.458
1.775
1.758
1.704
1.704
25.047
1.891
1.704
1.954
1.704
1.718
3.206
1.977
1.704
1.738
33.514
1.788
1.704
1.703
1.703
1.703
1.789
22.763
1.703
1.703
1.704
1.703
1.704
1.703
1.703
1.725
26.265
1.705
25.047
1.703
1.675
1.678
1.675
1.896
1.675
1.675
2.782
1.714
1.675
1.675
2.100
23.577
1.675
1.675
2.325
1.675
1.675
1.675
1.675
1.675
1.675
1.675
1.675
1.675
1.871
1.675
1.683
1.675
1.675
1.675
1.675
1.697
1.669
1.669
20.417
2.255
1.670
1.678
3.983
1.669
1.677
22.190
1.687
1.665
1.663
1.663
1.663
2.753
3.489
1.663
1.663
13.630
2.492
1.665
1.931
1.663
1.663
1.663
1.668
13.470
1.705
1.663
10.500
1.663
1.929
1.663
19.954
1.689
1.667
1.663
1.663
8.688
1.712
1.663
1.663
4.184
1.663
1.714
1.663
2.680
1.664
1.663
1.877
16.637
1.664
1.663
1.663
1.680
1.651
1.651
1.651
1.655
1.808
24.635
1.651
1.656
1.651
1.652
1.651
7.227
24.986
1.651
25.156
1.651
1.651
1.651
1.711
2.209
1.832
1.651
1.651
2.041
1.651
5.887
1.651
1.651
1.651
1.651
1.651
1.652
1.686
1.651
1.651
1.842
1.653
1.651
1.857
24.444
1.680
1.651
1.651
1.651
1.658
1.655
5.660
1.651
1.666
1.639
1.653
1.639
1.638
1.638
1.638
1.638
1.638
1.638
24.479
1.638
4.519
1.877
1.638
25.090
1.638
1.667
1.638
2.249
6.312
1.638
1.638
1.639
1.639
1.638
1.639
1.635
1.635
1.664
24.990
1.635
1.635
1.635
1.635
1.657
1.635
1.604
14.266
1.604
1.604
1.604
24.830
1.604
1.604
1.604
1.604
1.604
1.604
1.604
1.604
1.604
1.604
1.604
1.604
22.938
1.665
3.076
1.606
1.696
1.604
1.604
1.577
1.577
1.554
1.554
1.554
1.554
1.554
1.576
24.979
1.554
1.554
1.558
1.558
1.554
1.625
1.554
1.810
1.561
1.554
1.554
1.554
1.554
1.554
1.554
1.554
8.988
1.554
1.554
1.554
1.554
1.554
1.557
1.567
1.554
1.554
4.162
1.554
1.554
1.554
1.554
1.555
1.554
1.554
2.703
1.554
1.554
1.554
1.560
1.565
1.554
10.761
1.554
1.554
1.554
1.607
1.554
1.554
1.554
1.554
1.554
1.554
1.554
1.554
1.556
1.554
1.554
1.556
1.554
1.554
1.554
6.906
8.241
1.554
1.554
1.554
1.555
24.876
1.555
1.554
1.798
1.554
1.554
19.902
1.554
1.708
1.618
1.550
1.553
1.550
1.550
1.550
1.550
1.550
3.026
1.555
1.904
1.550
1.652
1.627
1.761
1.566
1.710
1.550
1.551
1.550
1.549
1.549
1.549
1.549
24.991
5.631
1.549
1.549
19.859
1.847
1.549
1.549
1.549
2.089
1.548
1.548
1.548
1.548
1.548
2.742
1.548
1.518
1.518
1.518
1.518
1.518
1.518
1.511
1.514
1.612
22.899
1.617
1.511
1.577
1.500
1.500
1.500
1.720
1.500
1.500
1.964
12.191
1.500
1.494
1.494
23.991
1.494
1.494
1.494
1.494
1.600
5.585
1.494
1.639
1.533
27.562
1.494
1.717
3.733
1.494
1.511
1.494
1.494
1.494
1.524
1.752
1.550
1.589
1.494
1.494
24.990
1.494
1.494
1.494
13.144
1.494
2.261
1.510
10.084
1.579
1.703
2.237
2.354
1.494
1.494
1.600
1.494
1.494
1.494
1.494
1.494
1.505
1.494
1.494
1.494
1.949
1.494
1.492
1.568
1.492
1.492
1.573
1.492
1.575
1.492
1.497
1.565
1.492
12.783
1.532
1.492
1.492
4.340
1.492
1.586
1.492
1.492
1.499
1.492
1.492
1.492
1.512
1.492
24.581
1.493
1.534
1.498
1.492
1.492
1.492
1.669
1.492
1.492
1.492
11.024
1.492
1.858
1.492
1.492
1.608
1.492
1.573
1.492
3.925
1.492
1.492
1.492
30.283
1.496
1.492
1.492
1.517
23.891
1.492
10.619
1.492
1.492
1.492
1.492
1.492
9.092
1.492
16.684
1.492
4.448
1.492
5.005
1.492
1.492
1.492
1.492
16.184
1.492
1.492
1.553
1.524
1.492
1.492
1.493
1.497
3.300
1.492
1.492
1.492
1.505
1.492
8.956
3.393
1.492
1.506
1.492
16.685
1.495
1.461
1.461
1.461
1.461
17.859
1.441
1.441
1.571
1.441
1.441
1.441
21.598
1.461
1.441
1.689
24.016
1.441
1.447
1.440
4.302
25.115
18.477
1.441
1.538
1.440
1.440
3.208
5.062
1.440
1.441
1.440
1.697
1.501
1.440
1.447
1.440
1.440
1.440
1.440
1.666
16.845
7.393
1.440
1.440
1.440
1.440
1.440
1.440
1.600
1.440
1.442
1.447
1.531
1.440
1.440
1.440
24.697
1.440
1.708
1.440
1.447
1.440
8.857
1.440
1.440
1.440
1.735
1.440
1.440
1.440
1.440
1.451
24.440
1.438
1.438
1.894
1.438
21.568
1.438
3.335
1.438
1.439
1.438
1.438
1.438
1.438
1.438
1.438
1.438
1.438
1.438
1.438
1.656
1.432
1.433
1.432
25.191
1.432
23.257
1.433
1.432
1.433
24.991
1.432
25.188
1.432
1.432
1.428
1.428
4.797
8.445
1.428
15.460
3.472
1.425
2.158
1.425
2.100
1.422
1.422
1.422
1.422
3.359
1.422
1.422
1.422
1.650
1.422
1.422
1.422
1.422
1.607
1.422
1.425
3.154
1.422
1.736
1.422
24.984
1.536
5.290
21.248
1.422
1.422
1.422
1.422
1.423
1.633
1.422
1.422
24.994
1.422
6.040
1.441
1.417
1.563
1.417
25.113
1.417
1.417
1.417
1.417
1.443
1.417
1.514
1.417
3.128
1.417
1.417
23.227
1.441
1.417
1.417
3.244
1.417
24.995
1.417
1.417
1.417
1.938
1.417
1.457
1.417
25.131
24.996
1.417
1.916
1.417
1.417
1.417
1.417
1.416
1.416
1.419
1.416
1.436
1.416
16.384
1.416
1.502
1.416
1.420
1.417
1.417
1.527
1.416
1.416
1.625
1.428
1.416
1.439
1.416
1.420
1.416
1.416
12.681
1.416
1.416
1.416
5.425
1.416
25.193
1.427
1.417
1.416
1.416
1.450
1.451
1.417
1.434
1.416
1.416
1.416
1.457
23.554
1.416
1.416
1.416
1.419
1.416
1.715
1.417
1.578
1.437
1.416
1.416
25.154
1.430
1.477
1.579
1.416
1.416
1.406
1.456
25.135
1.555
1.406
1.406
1.406
24.996
1.398
1.398
1.398
1.398
1.398
1.398
1.398
1.398
25.035
1.398
1.398
1.399
1.398
1.429
1.398
1.398
1.398
1.398
1.398
1.409
1.404
1.398
1.394
1.394
1.427
24.997
1.394
1.394
1.394
1.394
1.390
1.390
1.390
11.731
24.376
1.390
1.597
1.390
1.390
1.390
24.766
1.390
1.390
1.389
1.389
1.389
1.389
1.390
1.389
1.655
1.389
2.181
2.361
1.375
1.375
1.374
1.374
1.415
1.361
1.380
1.361
25.523
1.375
1.361
1.361
1.361
2.813
24.722
1.361
1.361
2.078
5.314
1.492
1.361
1.356
1.356
1.356
1.417
1.356
1.356
29.906
2.450
1.356
1.356
1.356
1.356
1.356
17.522
1.356
1.349
1.349
1.562
1.349
1.349
1.349
1.349
1.349
1.349
1.349
1.920
1.349
1.363
1.412
1.350
14.974
1.349
3.544
1.349
1.341
1.341
11.337
1.349
1.341
1.342
1.417
1.341
16.088
1.368
1.341
1.476
24.548
25.098
1.341
1.341
1.341
1.357
1.499
1.341
1.341
1.341
1.341
1.341
1.341
1.341
2.385
1.341
1.341
1.341
1.341
1.620
1.341
2.753
1.341
5.258
1.341
1.392
1.341
1.342
1.483
1.342
1.341
1.341
1.341
1.997
1.341
1.341
1.341
1.341
1.341
1.341
24.985
1.341
5.110
1.341
1.463
1.345
1.341
1.342
1.341
1.341
1.341
6.319
1.341
4.867
1.342
1.341
1.341
4.413
1.614
1.341
1.341
1.341
1.341
1.341
1.341
1.345
1.341
1.407
1.341
1.340
1.340
1.340
1.516
2.944
1.340
1.340
1.340
4.371
1.353
1.341
1.340
1.342
1.340
1.452
1.340
1.340
1.364
1.340
9.399
1.340
1.340
1.340
1.340
1.340
1.407
1.340
1.381
2.668
1.340
1.340
1.340
1.340
1.406
1.340
1.340
1.340
1.391
2.118
1.340
1.340
1.340
1.342
1.488
1.340
2.012
1.965
2.585
1.340
1.340
1.340
1.340
1.340
1.340
1.641
1.340
1.340
1.340
1.340
1.340
1.340
1.345
1.340
1.340
1.340
1.611
19.133
1.372
1.458
1.340
1.340
4.443
1.336
1.535
1.486
1.336
1.336
1.336
1.336
1.336
1.336
1.336
1.336
1.330
1.330
1.330
1.330
1.330
2.552
24.204
1.330
9.732
1.330
1.330
1.330
4.657
1.908
1.330
1.330
1.330
1.330
1.330
1.330
1.330
1.330
1.330
1.330
1.330
1.330
1.330
1.330
2.905
1.330
1.330
1.330
1.368
1.330
1.330
1.330
1.332
1.725
1.330
1.330
1.330
1.332
1.330
1.530
1.330
1.334
1.330
1.330
1.328
1.328
14.269
1.328
1.329
1.328
1.328
1.328
1.683
1.328
1.328
1.329
1.380
1.328
1.328
1.328
1.328
1.328
1.396
7.147
1.328
1.328
1.328
1.328
1.328
1.328
1.328
2.565
24.710
24.305
1.622
1.440
1.328
1.328
3.520
1.344
1.328
1.328
25.109
25.053
1.328
1.328
1.359
1.328
1.329
1.328
3.720
1.394
1.328
1.328
6.606
1.328
1.328
1.328
4.013
1.328
3.803
1.328
1.344
1.328
1.329
1.328
1.328
25.098
1.337
1.328
1.805
1.328
1.328
1.328
1.328
1.328
1.328
1.328
1.328
1.328
1.483
1.328
1.328
1.328
1.328
1.438
1.328
4.411
1.351
1.389
1.328
1.328
1.328
1.328
1.328
1.328
1.328
1.328
1.328
1.328
1.329
4.492
1.328
1.328
1.328
1.328
1.328
1.328
1.358
1.328
1.328
1.328
1.328
1.328
1.328
1.328
1.426
2.332
1.481
1.328
1.359
1.328
2.266
8.518
1.329
1.328
1.328
1.334
1.328
2.752
1.328
3.603
1.328
1.328
1.328
3.078
1.328
1.328
1.328
1.328
1.360
1.328
1.328
24.784
5.006
1.328
1.335
1.328
1.520
1.328
1.328
1.328
1.328
1.328
1.354
1.328
1.439
1.331
1.328
1.328
2.965
1.328
1.385
1.421
1.328
1.328
1.328
1.328
1.328
24.995
1.455
2.679
1.328
1.328
1.328
1.328
1.319
1.641
1.319
1.433
20.948
1.319
1.319
1.319
1.319
1.319
25.128
22.344
1.319
14.468
1.321
1.319
1.319
1.319
1.401
1.319
1.319
1.319
1.319
3.203
1.319
3.026
6.683
1.322
1.319
1.319
1.319
1.319
1.319
1.398
1.319
1.583
1.319
1.319
1.374
1.319
1.319
1.322
2.391
1.319
1.319
1.319
2.082
1.319
1.373
1.319
1.319
10.751
1.319
1.319
1.319
1.319
24.560
1.319
1.319
1.319
3.965
1.319
1.319
5.835
2.480
4.134
1.319
1.389
1.319
1.319
1.319
1.891
1.319
1.319
1.319
1.319
1.316
2.155
1.316
1.316
1.316
1.316
1.318
1.316
3.185
1.316
1.316
1.316
1.316
1.316
1.316
2.859
12.772
1.316
2.058
1.316
5.899
1.730
1.316
2.439
1.316
1.316
1.316
1.316
1.316
1.316
1.316
1.316
1.316
1.316
1.316
1.316
2.335
1.316
1.316
1.316
1.315
1.353
1.316
1.401
1.315
1.480
1.315
1.315
1.315
1.379
1.335
1.316
1.817
1.315
1.340
1.315
1.315
1.315
1.315
1.373
1.315
1.325
1.315
1.315
5.658
1.474
1.317
1.315
1.316
1.315
1.481
1.315
1.315
5.320
1.316
1.315
1.315
16.883
20.368
1.315
1.317
1.467
1.315
1.315
1.315
1.350
1.315
1.316
1.315
1.315
1.315
1.434
1.315
1.315
1.316
1.315
1.315
1.315
1.315
1.315
1.363
1.977
1.315
1.361
1.315
24.721
1.315
1.315
1.316
1.449
1.502
1.316
23.348
3.484
1.315
1.315
1.315
19.172
1.315
1.315
1.328
5.582
1.315
1.315
15.419
1.346
1.315
1.315
1.315
1.315
1.315
1.315
2.562
1.315
1.410
1.315
1.315
1.315
1.315
1.315
1.325
1.315
1.315
1.315
4.323
1.315
1.366
1.315
1.315
1.315
2.240
1.315
1.315
1.311
3.049
1.311
1.311
2.990
4.903
1.380
1.324
1.311
1.311
1.311
1.944
1.311
1.311
1.311
1.311
1.340
1.500
1.311
1.311
6.284
1.311
1.311
1.311
1.973
1.311
1.311
1.311
24.467
1.311
1.833
1.361
1.311
1.285
1.285
1.285
1.285
1.285
1.285
1.285
1.285
1.285
1.285
1.284
1.284
1.284
1.284
1.284
25.098
1.359
1.311
1.284
1.313
1.323
1.284
1.304
1.284
1.284
1.284
1.284
1.284
1.687
1.284
1.284
1.284
1.284
1.284
1.611
25.101
1.284
1.403
1.315
1.324
1.284
1.284
1.983
25.054
1.284
1.284
1.284
1.312
1.278
9.716
1.278
1.352
1.278
1.278
1.278
2.186
1.278
1.278
1.278
1.278
1.278
1.278
1.654
1.278
1.278
1.278
1.278
1.278
1.278
1.278
1.375
1.278
1.278
1.278
1.278
1.278
1.278
2.510
1.481
1.294
1.278
3.651
4.613
1.322
5.087
1.278
11.011
2.079
1.278
1.817
1.278
1.278
1.282
1.278
1.406
1.278
1.318
1.622
4.500
1.278
1.278
1.312
25.139
1.278
1.276
1.276
1.392
1.276
1.276
1.276
1.276
1.287
1.276
1.276
1.276
1.276
1.276
15.581
1.276
1.276
1.697
25.113
1.276
1.276
1.276
2.971
1.276
1.276
1.347
5.222
1.276
6.623
1.455
1.276
1.276
1.388
1.294
1.302
1.276
1.276
4.096
15.250
1.276
1.276
1.276
1.276
1.276
1.276
1.276
2.277
1.276
1.276
1.276
2.255
1.276
1.276
1.276
1.276
1.276
1.334
1.276
1.276
1.276
4.483
1.277
1.621
1.276
1.276
1.276
3.707
1.289
1.343
1.276
1.276
18.573
1.276
1.276
1.354
1.280
2.389
1.276
1.276
15.209
1.276
1.276
1.310
1.276
1.857
1.276
1.893
1.276
2.547
1.276
1.798
1.326
1.276
1.276
1.614
1.276
1.276
1.276
1.276
1.276
1.276
1.276
1.475
13.920
1.306
1.276
1.276
5.499
1.276
1.276
1.276
1.276
1.276
6.202
1.276
24.966
1.276
1.276
2.568
1.317
5.676
1.276
1.420
1.276
1.276
1.276
1.295
1.276
1.276
1.276
1.276
1.276
1.276
1.276
1.276
5.599
1.276
1.276
25.100
3.949
13.856
1.276
4.855
15.892
23.217
1.276
1.276
1.335
1.276
1.276
1.276
1.275
1.417
1.275
1.275
1.275
1.275
1.300
1.275
1.281
1.275
1.283
1.275
24.346
1.275
1.622
1.275
2.176
1.275
1.275
1.272
1.272
1.441
1.272
1.272
24.704
1.272
1.272
1.272
1.272
1.787
16.258
1.272
1.272
1.269
1.277
1.269
1.269
1.269
2.244
1.269
1.556
1.269
1.269
1.269
4.230
1.269
1.269
1.269
1.269
1.555
1.269
1.269
1.950
1.269
1.266
1.266
1.266
1.269
1.266
3.884
16.669
1.266
1.266
1.266
24.877
1.266
1.266
1.266
1.387
25.080
1.266
2.524
1.292
1.266
1.266
1.266
9.393
1.266
1.266
1.274
1.266
2.784
1.266
1.266
1.266
1.266
1.266
1.266
1.306
1.266
1.266
1.266
1.381
1.266
1.266
1.266
1.266
1.266
1.266
1.266
10.452
4.490
1.272
1.266
1.266
1.268
1.662
1.265
1.363
1.264
1.498
1.264
24.328
1.264
24.999
1.264
1.264
1.267
25.157
1.264
25.099
1.264
24.550
7.058
1.264
1.264
2.249
1.264
1.264
1.264
3.526
1.264
1.789
1.308
1.302
18.757
1.288
1.264
1.302
1.264
1.264
1.277
2.030
1.264
1.264
1.264
1.264
5.793
1.264
1.264
1.264
24.997
1.264
1.655
1.337
1.264
1.335
1.266
7.263
1.264
24.997
1.264
1.264
2.845
2.479
1.264
1.272
1.355
1.264
1.264
23.807
1.264
1.264
10.680
1.264
1.264
7.017
1.264
1.440
1.264
1.267
3.666
1.264
1.264
1.264
1.264
1.264
1.264
1.264
25.067
1.264
18.522
1.264
1.264
2.151
2.332
1.264
1.978
2.751
1.264
1.264
1.267
1.254
1.254
1.567
1.254
1.254
1.254
1.254
1.362
1.254
1.254
1.254
1.256
1.737
1.254
1.254
1.254
1.254
1.254
1.254
3.293
1.254
1.255
1.370
1.254
1.254
1.254
2.569
1.295
1.559
19.874
2.040
1.254
1.254
1.253
1.253
1.253
1.253
5.394
1.253
1.253
1.253
1.375
24.207
1.253
1.356
1.253
1.253
1.253
9.713
1.253
1.253
1.253
1.253
1.253
1.253
1.253
1.253
1.253
1.253
1.755
1.510
1.253
24.998
1.253
1.280
1.253
1.253
1.253
1.253
1.316
2.085
1.253
1.253
1.253
1.255
1.309
1.253
1.253
1.310
1.253
1.944
1.253
8.134
1.253
1.253
1.253
1.253
1.253
1.263
1.253
1.269
1.253
1.288
1.270
1.258
1.267
1.253
1.253
1.496
1.253
1.253
1.253
1.253
1.253
24.729
1.253
1.520
1.277
1.351
1.319
1.253
1.253
1.253
1.262
1.253
4.076
1.597
1.253
1.253
2.173
1.253
1.253
1.253
1.253
1.255
1.253
4.340
1.265
1.541
1.268
1.362
1.253
1.254
1.282
1.253
1.253
1.274
1.263
1.398
1.253
1.280
1.253
1.281
1.362
24.999
1.253
1.253
1.253
1.253
1.253
1.253
3.544
1.253
1.267
4.934
1.253
1.253
1.666
1.253
1.253
1.253
8.319
1.774
1.253
1.253
1.253
1.396
1.253
1.253
1.253
1.253
1.253
23.104
1.253
1.253
1.253
1.253
38.224
1.253
1.253
1.253
1.772
16.534
1.253
1.253
1.253
1.253
1.253
1.308
1.359
1.253
1.493
1.253
1.253
1.253
30.840
1.253
1.253
1.253
1.253
1.259
1.253
1.253
1.253
1.253
1.263
1.253
1.253
1.253
1.253
1.253
1.253
2.150
1.253
1.253
1.253
3.138
6.584
24.998
1.255
1.253
1.253
1.273
5.842
1.377
1.253
1.253
1.249
1.249
1.249
1.249
1.249
2.864
1.249
1.249
1.249
1.249
1.249
1.249
1.249
1.249
1.249
1.249
1.296
1.689
1.249
1.378
1.249
1.249
1.249
1.247
31.125
1.247
1.247
1.247
1.247
1.554
1.398
1.245
1.272
1.245
1.245
1.245
1.244
1.244
1.244
1.244
1.244
1.244
1.245
1.244
1.244
1.244
1.311
1.244
1.244
1.244
1.244
1.244
1.244
1.244
1.244
1.244
1.323
1.297
4.745
1.244
1.245
1.244
1.244
1.244
1.244
18.413
6.984
1.244
1.244
1.244
1.362
1.244
1.863
1.259
1.244
1.244
1.244
3.013
1.244
1.393
14.455
1.244
1.244
2.808
1.244
23.972
13.783
1.244
1.244
1.246
23.472
1.244
1.244
1.244
1.244
1.244
25.111
1.407
1.271
3.710
1.246
1.244
1.651
1.244
1.401
1.244
4.757
1.244
1.244
1.244
1.244
1.244
1.244
1.246
1.244
1.270
1.244
5.815
4.675
1.244
1.244
1.244
1.255
6.045
1.244
1.244
1.244
1.244
1.244
1.244
1.244
1.244
1.244
24.999
1.244
1.244
1.244
3.111
1.244
3.352
1.244
1.244
15.581
1.244
3.085
2.620
1.244
1.244
18.744
1.254
2.209
1.244
1.254
1.244
24.950
1.244
1.244
1.244
1.244
23.447
1.244
1.244
2.562
1.244
1.244
1.244
1.244
1.244
1.244
1.262
1.244
1.244
1.381
1.244
7.927
1.244
1.244
4.880
2.012
1.254
1.244
1.244
1.596
1.244
25.143
1.244
3.034
1.244
1.244
1.244
1.244
2.660
1.244
1.258
1.256
1.244
1.244
1.244
1.255
1.833
1.335
1.244
1.253
1.244
1.270
1.288
1.245
1.244
1.244
1.760
1.244
1.244
1.244
1.244
1.265
1.244
18.734
1.244
1.244
1.244
1.244
4.393
1.384
1.244
1.244
1.244
1.244
1.244
1.244
1.244
1.244
1.309
1.270
25.152
1.244
1.260
1.259
1.737
1.244
1.244
1.244
1.244
1.244
1.356
1.244
1.244
1.244
1.244
1.450
1.540
1.251
1.244
1.238
1.238
24.799
24.583
17.353
2.077
4.988
1.238
1.238
1.238
1.268
1.238
1.238
1.240
1.238
1.786
1.238
1.238
1.238
1.388
1.238
1.238
1.238
3.953
1.238
1.238
1.243
1.238
1.370
1.536
1.238
1.238
1.246
2.464
1.238
1.238
23.417
1.238
1.238
4.506
1.238
20.264
1.238
1.238
1.238
1.238
1.238
1.238
10.940
1.238
1.238
1.286
1.241
25.137
1.238
19.484
1.238
1.341
1.238
25.096
1.664
1.245
1.396
1.244
25.089
1.238
1.238
1.470
1.238
1.236
1.236
1.236
1.236
1.236
1.236
1.265
1.236
1.236
1.236
1.236
1.241
1.236
1.236
1.236
24.770
1.236
1.368
1.258
1.236
1.236
13.795
1.235
1.235
1.235
1.235
1.235
1.235
1.235
1.239
1.235
1.235
1.235
1.235
1.235
1.235
10.183
2.909
1.235
1.235
1.235
1.235
1.235
1.235
1.235
1.235
6.617
1.235
1.342
1.235
3.522
1.235
1.486
1.254
1.235
2.934
16.370
1.235
1.235
1.235
2.123
1.235
1.235
1.273
1.235
1.235
2.879
1.228
1.228
1.228
2.004
1.228
1.228
1.228
1.227
1.227
1.227
1.227
1.278
5.732
1.227
1.227
1.396
1.227
1.227
1.227
1.389
1.271
1.227
4.467
1.405
1.227
1.227
1.227
1.227
1.227
1.227
1.227
1.997
1.239
1.240
1.227
1.236
1.227
1.271
1.227
2.579
1.227
1.222
17.249
1.297
1.222
1.222
1.222
1.222
1.222
1.222
1.219
1.219
1.224
1.211
1.481
1.211
3.971
1.211
1.211
1.211
17.394
1.211
2.768
1.211
1.211
1.297
1.211
1.211
10.414
1.211
1.211
1.211
1.211
1.277
1.211
1.211
1.211
24.826
1.211
1.211
1.344
1.211
27.130
1.211
1.211
1.211
1.228
8.265
1.211
1.211
1.921
1.211
3.162
1.211
1.212
1.211
1.211
1.224
1.211
1.211
1.211
1.588
1.211
1.200
19.232
1.200
1.200
1.200
1.200
1.200
1.348
2.138
1.200
1.200
3.319
4.154
1.200
1.200
1.206
1.200
1.239
1.200
1.203
1.200
1.200
2.729
1.200
1.200
1.200
1.200
25.133
1.200
1.200
1.200
1.200
5.230
1.200
2.235
2.852
1.200
1.198
9.645
1.198
1.366
1.198
1.198
5.663
1.360
1.198
24.953
25.100
3.098
1.198
1.198
1.198
2.046
1.198
1.198
1.198
38.432
1.198
4.877
1.292
1.287
1.224
1.196
1.196
1.196
1.196
8.316
1.196
1.196
1.218
8.347
1.196
2.877
1.196
25.000
1.196
1.196
1.196
1.430
1.196
1.638
1.264
4.604
1.286
1.192
1.192
1.192
1.203
25.066
1.192
1.192
1.192
1.192
1.192
1.192
1.192
3.569
1.192
1.192
1.192
1.192
1.192
5.935
1.192
1.271
1.663
1.192
1.216
1.192
1.192
1.513
1.195
1.192
1.192
1.192
1.192
1.192
1.199
1.192
1.192
1.192
1.192
1.239
1.192
1.192
1.319
1.192
25.038
1.192
1.263
1.192
1.192
1.192
1.195
1.192
1.191
1.250
1.191
1.191
1.191
1.191
24.229
1.191
1.331
1.191
1.211
1.191
24.998
1.365
36.854
1.191
1.191
1.191
1.191
1.191
1.191
1.191
1.342
24.954
1.191
1.201
1.187
1.187
1.373
1.247
1.187
1.187
1.187
1.187
1.210
1.221
21.565
1.200
1.187
1.187
1.187
1.187
1.218
1.187
1.187
1.187
1.187
1.187
1.187
1.187
1.187
1.187
1.187
1.187
1.187
1.187
1.278
1.187
1.187
1.187
1.187
1.187
1.187
1.187
1.187
1.194
1.187
1.185
1.185
2.495
1.185
7.617
1.185
1.185
1.185
1.185
1.185
1.185
1.185
1.345
1.185
1.185
1.185
1.185
1.185
1.185
1.214
1.185
1.185
1.185
1.378
1.183
1.183
1.183
25.034
1.183
1.340
1.212
1.183
1.183
1.183
1.183
1.183
2.214
15.505
1.183
1.183
4.239
3.067
1.183
1.183
1.183
1.185
1.648
1.183
1.183
1.183
3.409
1.183
1.183
1.261
1.217
1.183
1.183
1.183
1.183
1.183
1.183
1.183
1.183
1.183
1.303
3.716
24.600
1.185
1.183
1.183
10.712
1.183
1.183
1.183
1.183
1.183
25.031
1.183
1.180
1.180
1.247
1.180
1.186
1.203
1.180
1.180
9.657
26.640
1.209
1.179
1.547
8.775
1.179
1.179
1.179
1.179
1.179
1.179
3.801
18.693
1.179
2.181
11.723
1.179
1.179
1.179
1.179
1.179
1.179
1.179
1.179
1.179
3.878
1.440
1.179
3.085
1.179
1.179
1.179
1.179
1.181
1.179
1.514
1.203
1.179
1.179
1.179
1.179
1.183
1.295
1.206
24.996
1.174
25.044
1.174
1.174
1.174
1.548
1.293
1.188
1.482
1.174
17.933
1.174
1.174
1.174
1.174
1.174
1.174
1.174
1.433
1.178
1.276
6.853
1.198
1.174
1.589
1.174
1.174
25.039
1.185
1.174
1.392
1.174
1.174
25.037
1.174
1.174
1.174
1.174
1.174
1.174
1.174
1.174
1.187
1.174
1.264
7.587
1.174
1.174
1.270
1.211
1.174
3.313
1.174
1.174
1.174
1.236
1.174
3.202
1.179
6.991
1.174
1.212
24.993
1.174
1.174
1.174
1.174
1.174
1.225
1.174
1.182
1.174
1.174
1.174
1.174
1.174
1.174
1.174
1.174
1.174
2.949
1.174
1.174
9.999
1.201
1.174
1.174
1.192
1.174
1.174
1.200
1.184
1.174
1.174
1.174
1.174
1.295
2.651
1.174
1.568
1.174
1.174
1.174
1.174
1.831
1.228
1.174
1.174
1.174
1.174
25.031
1.174
1.174
1.174
3.955
1.205
1.174
1.227
1.658
1.886
1.174
1.174
1.174
1.174
1.174
1.174
1.174
1.177
1.174
1.174
1.174
1.174
1.174
1.184
1.174
2.661
1.174
1.174
1.174
1.179
1.174
1.174
1.197
1.186
1.174
4.838
1.174
1.224
1.181
2.765
1.174
1.174
1.174
1.174
2.484
1.193
1.324
1.174
9.692
6.553
1.202
1.174
1.422
1.174
1.276
1.174
1.174
1.161
1.190
1.161
1.161
1.181
1.161
1.161
1.925
1.264
1.168
1.231
1.275
1.161
3.182
1.161
1.183
1.162
1.161
1.336
1.161
1.161
1.161
1.161
1.166
1.161
1.161
1.172
1.161
1.161
1.248
1.232
7.310
1.161
1.161
1.200
1.168
1.161
1.161
1.161
3.718
1.161
1.161
1.161
1.161
1.161
1.289
1.161
1.161
1.252
1.161
1.216
1.161
24.481
1.161
1.161
1.161
1.187
1.161
1.161
1.200
1.188
1.161
1.161
1.161
1.161
1.161
5.800
6.047
1.161
1.160
1.160
1.160
1.161
1.160
1.161
1.160
1.257
1.731
2.974
1.160
1.160
1.160
1.160
1.194
1.160
1.160
1.160
1.160
1.160
1.205
1.160
1.160
1.165
1.160
1.174
1.160
1.175
1.160
1.160
1.160
1.510
3.892
1.160
1.160
1.160
1.160
1.295
1.160
1.160
25.031
1.173
21.788
1.160
8.811
1.305
1.194
1.160
1.152
1.565
1.246
1.178
1.152
1.152
1.152
1.160
2.418
1.152
1.152
1.152
1.155
1.152
1.152
1.155
1.193
1.152
1.154
13.139
1.152
1.191
2.395
1.152
1.152
1.152
1.152
1.157
25.116
1.152
1.152
13.844
1.152
1.152
1.152
1.152
5.812
1.150
1.265
1.150
1.150
1.836
1.151
1.310
1.150
1.150
1.150
1.150
17.651
1.150
1.151
1.150
24.769
1.421
1.311
1.150
1.199
1.150
1.150
1.150
3.152
1.150
1.150
1.150
1.150
1.150
1.150
1.238
1.150
25.107
1.150
1.150
1.150
1.150
1.150
1.150
1.150
1.150
2.381
1.150
1.264
1.158
1.150
1.150
1.150
1.150
1.150
1.150
1.150
1.150
8.063
1.150
1.150
1.302
1.150
1.695
1.150
20.616
1.150
1.150
1.153
1.150
4.242
1.230
1.150
1.235
1.150
1.229
1.150
1.150
1.158
1.159
1.154
1.150
1.150
1.153
1.150
1.150
1.150
1.150
2.998
1.150
1.150
1.150
1.150
1.150
1.160
1.224
1.150
1.222
1.150
1.150
1.150
2.818
1.220
1.608
1.150
1.150
2.154
1.152
1.150
1.151
1.150
4.298
1.164
1.150
1.150
1.150
1.162
5.267
1.150
1.150
1.150
1.150
1.150
15.949
1.641
1.255
1.151
1.150
1.150
1.150
1.484
1.158
1.150
3.338
1.150
1.150
1.155
35.618
1.151
1.150
1.150
1.150
1.150
1.150
2.444
1.150
1.150
1.150
1.150
25.066
5.564
1.150
1.150
1.150
1.150
1.150
1.150
2.409
1.173
1.150
2.181
1.150
1.150
1.150
1.150
1.150
1.150
1.150
1.150
1.150
4.414
1.156
1.150
1.424
1.150
1.150
1.150
1.176
1.150
1.150
1.266
1.382
1.150
1.150
1.150
1.261
1.150
1.171
1.150
1.251
1.446
2.075
1.520
1.170
1.150
1.150
1.187
1.150
1.150
4.220
1.149
1.602
1.149
1.149
1.149
1.271
1.149
1.149
1.145
1.223
1.145
1.145
1.299
1.145
1.145
1.145
1.145
1.145
1.145
1.483
1.145
1.160
1.145
1.145
1.145
3.469
1.145
1.145
1.139
1.139
1.139
1.139
1.139
1.139
1.407
1.139
1.139
1.139
1.139
1.139
1.139
1.139
1.170
1.139
3.056
1.139
1.139
1.139
1.158
1.139
1.139
1.139
1.139
1.139
1.139
1.139
1.139
1.726
7.579
1.150
1.139
1.569
1.139
1.139
1.139
1.139
1.161
1.225
1.139
1.139
1.144
1.139
17.075
1.139
1.139
1.139
7.358
1.144
1.140
1.139
1.139
1.209
1.139
1.177
1.777
24.905
1.227
1.139
1.715
1.139
1.139
2.910
1.139
1.139
1.140
1.165
37.892
1.139
1.139
1.139
1.177
1.186
1.193
1.174
14.498
2.586
1.139
1.139
1.177
1.139
1.139
1.139
1.139
1.138
2.774
1.138
6.649
1.138
1.158
1.138
1.138
1.138
1.138
1.138
1.138
7.520
1.138
1.138
2.974
1.427
1.138
1.138
1.138
1.138
1.138
1.138
1.138
4.039
1.138
1.138
1.138
1.138
1.138
1.138
1.138
1.172
1.138
1.138
1.138
1.143
1.138
1.138
1.138
1.138
1.138
1.138
24.999
1.138
1.552
1.138
1.464
1.138
1.138
25.038
1.150
1.138
1.614
1.138
1.138
3.180
1.138
1.138
1.138
1.138
23.709
1.166
1.138
24.966
1.140
3.279
1.138
1.138
1.138
1.138
1.145
1.138
1.138
1.305
1.138
1.138
1.138
1.148
1.138
1.138
1.138
1.138
1.138
1.138
3.220
1.138
1.138
1.138
1.138
1.138
1.138
1.138
1.138
1.138
1.134
1.134
1.676
1.133
3.062
1.133
1.133
1.147
1.133
19.085
1.126
1.125
1.528
1.125
1.125
1.125
1.125
8.070
1.125
1.716
1.125
1.660
1.125
1.125
1.835
1.130
1.125
29.403
1.125
1.125
1.125
1.125
1.125
1.151
1.125
2.907
1.145
1.125
1.125
1.122
1.122
1.121
1.121
1.121
1.121
8.578
1.126
1.121
1.121
1.121
1.121
1.168
1.121
1.121
1.121
1.121
1.121
1.121
1.121
25.092
1.121
1.121
4.303
1.121
1.127
1.190
1.121
1.121
1.121
1.145
3.827
1.121
1.121
1.123
1.121
1.121
1.246
5.876
1.120
1.120
1.227
1.120
1.120
1.216
1.120
24.810
1.120
1.304
1.196
1.120
1.120
1.120
2.250
1.126
1.128
1.120
1.120
1.120
4.604
1.119
2.642
1.151
1.119
1.119
1.226
1.119
1.119
1.119
1.119
1.119
1.119
1.207
2.245
1.120
1.119
1.926
1.119
1.119
1.122
13.118
1.119
1.119
1.119
1.131
15.017
24.937
1.119
1.119
24.999
1.119
1.119
1.130
1.119
1.119
1.119
1.119
1.184
1.119
1.120
1.119
2.396
1.119
1.119
1.119
1.119
1.119
1.119
1.119
1.119
1.237
1.175
24.999
1.119
1.119
1.119
1.119
6.278
3.446
1.127
1.119
1.119
1.119
1.119
1.475
1.584
1.137
1.119
21.653
21.773
1.119
1.184
1.119
1.119
1.119
1.119
1.119
1.132
1.119
15.507
40.954
1.119
1.189
1.119
1.220
2.664
1.380
2.150
1.119
1.119
1.119
1.119
1.119
1.119
1.119
1.119
1.119
1.119
1.129
1.157
1.119
1.211
1.136
1.119
1.119
2.748
1.128
1.119
1.119
1.119
1.119
25.102
1.119
2.669
24.603
1.119
1.119
1.119
1.119
1.119
25.045
1.119
1.119
1.119
1.119
2.489
1.125
2.398
1.435
1.119
9.402
2.896
1.119
1.213
1.119
1.119
1.119
1.119
1.119
4.927
24.975
1.119
1.166
1.138
1.244
1.122
1.119
1.119
1.119
1.119
3.004
1.119
1.152
1.730
1.218
1.687
1.119
1.152
1.119
1.119
1.119
1.119
1.246
1.133
1.119
1.119
1.119
1.119
1.119
1.119
25.019
1.119
1.119
1.704
2.586
1.119
1.119
1.118
1.118
3.796
1.118
1.139
1.118
1.579
1.118
1.121
1.118
17.766
1.118
1.118
1.118
1.580
1.118
1.118
1.118
1.312
1.118
1.270
1.118
1.118
1.118
1.118
1.118
1.118
1.122
1.118
1.118
1.118
1.124
1.141
1.118
1.118
1.126
1.118
1.125
1.118
1.118
5.418
1.123
20.096
1.118
1.118
1.118
9.371
1.118
1.118
1.118
14.799
1.154
1.118
1.165
1.118
1.118
1.118
1.118
2.808
1.183
1.124
1.249
1.118
1.118
1.118
2.499
1.158
1.121
1.118
1.255
1.232
1.170
1.152
1.118
2.479
1.118
1.125
1.118
1.118
1.118
1.118
1.118
1.118
1.248
1.118
1.118
25.000
1.118
1.118
1.118
1.118
11.267
1.118
1.193
1.118
1.118
1.118
1.118
1.487
1.118
1.142
1.118
2.550
1.119
20.487
1.118
1.136
1.118
1.118
7.118
1.118
1.118
1.117
1.117
1.117
1.117
1.162
1.738
1.117
1.118
1.196
14.407
1.117
1.121
1.117
7.500
1.117
1.117
1.171
1.117
1.117
1.117
1.117
1.125
1.117
10.932
1.123
1.117
1.117
25.000
1.117
1.117
1.117
1.117
1.117
1.117
1.117
1.117
1.117
1.117
1.119
1.117
1.117
1.117
1.117
1.117
1.117
1.122
1.117
1.118
33.847
1.636
1.262
2.656
1.145
1.146
1.117
1.117
1.249
7.245
1.117
10.266
1.145
1.119
1.242
1.117
1.126
1.117
1.161
1.117
1.145
17.519
1.117
1.154
1.117
1.117
1.117
1.117
1.212
1.117
1.117
1.190
1.117
1.161
1.117
1.117
1.329
1.117
1.145
1.117
1.231
1.117
4.534
25.062
1.115
1.115
1.115
1.115
1.128
1.189
1.115
1.115
1.153
1.115
1.115
1.118
1.188
1.115
1.115
1.657
1.141
1.128
1.115
1.115
1.115
8.316
1.258
4.400
2.916
1.115
1.115
1.115
1.115
1.115
1.115
1.115
1.115
1.601
1.115
1.115
1.115
8.392
1.173
27.535
1.115
1.115
1.142
1.115
1.115
2.003
25.000
1.115
1.115
1.115
1.115
9.962
1.115
1.115
1.115
1.115
1.115
1.115
1.115
2.868
1.115
1.115
1.115
10.457
1.716
1.120
5.932
3.804
1.115
1.115
1.115
1.115
1.115
25.118
1.115
1.115
1.131
1.115
1.115
1.115
1.115
5.005
1.115
1.115
1.115
1.115
22.636
2.179
1.115
1.115
1.115
1.115
1.115
1.115
1.115
1.742
1.115
1.115
1.115
1.201
1.115
1.232
1.117
6.642
1.115
1.115
4.701
1.115
1.115
1.828
1.115
1.158
6.767
17.437
1.115
1.216
1.115
1.115
1.115
1.115
4.019
1.115
1.115
1.115
1.116
1.115
1.115
2.573
1.655
1.115
2.101
1.115
1.115
1.115
5.383
1.115
5.171
1.115
1.115
1.115
1.115
1.115
1.115
1.115
1.115
1.201
1.121
1.115
1.115
1.115
1.115
1.115
1.213
1.115
1.541
15.110
1.115
2.005
8.775
1.115
1.115
1.115
1.115
1.115
1.115
1.115
1.115
1.211
1.115
1.115
1.115
1.225
1.115
1.207
1.115
1.115
1.115
11.237
1.119
1.115
1.115
25.056
1.115
1.115
1.115
2.143
24.687
1.246
2.451
1.115
1.115
1.115
1.115
1.115
3.217
11.704
2.593
2.946
1.301
1.115
1.115
1.115
1.115
1.120
1.122
1.115
2.066
1.115
1.115
1.128
1.115
1.115
1.115
1.115
1.115
1.115
1.115
1.115
1.115
1.115
1.115
1.115
1.115
1.115
1.115
1.115
1.125
1.115
1.126
1.196
1.123
1.115
1.213
1.115
1.115
25.065
1.115
1.115
1.116
1.115
1.115
1.115
1.115
25.118
1.115
1.115
1.121
1.115
1.115
1.115
1.115
1.115
1.123
1.117
1.154
1.115
4.974
1.115
1.143
1.115
1.115
1.526
1.544
1.118
1.115
1.115
1.115
1.115
1.115
1.115
1.115
1.122
1.115
1.393
1.329
1.120
6.025
1.132
1.115
4.291
1.115
1.115
1.115
2.167
1.115
20.657
1.115
1.115
28.022
22.358
1.308
4.159
1.115
1.115
1.115
1.115
1.115
1.115
1.115
1.115
1.163
1.115
1.115
1.115
1.115
1.124
1.115
1.115
1.115
1.197
1.115
1.115
1.274
25.111
1.115
1.115
1.115
1.115
1.115
1.115
1.115
1.115
1.115
21.700
1.115
1.115
12.975
20.376
1.115
1.115
1.115
1.123
1.115
5.916
1.212
1.115
1.115
1.115
1.247
1.115
1.115
1.169
1.115
1.176
1.115
1.115
1.115
1.115
1.115
1.160
1.687
1.115
1.115
1.115
1.115
1.422
1.119
3.381
1.115
1.115
1.115
1.115
1.115
1.115
1.115
1.115
1.115
1.115
1.115
1.115
1.210
1.115
1.115
1.115
25.081
2.038
1.115
1.203
1.155
1.120
1.115
1.115
1.123
1.115
4.660
1.115
1.115
1.115
1.115
1.115
1.115
1.179
1.115
1.115
1.114
1.114
21.315
1.114
1.114
1.114
1.225
2.033
1.114
1.537
1.114
1.134
5.407
1.114
8.131
1.114
1.114
1.114
1.114
1.114
1.114
1.228
2.634
12.320
1.114
1.114
1.126
1.114
3.011
1.114
1.124
1.114
1.114
1.114
1.114
1.114
1.114
1.137
1.114
1.114
1.114
1.139
1.183
1.114
7.250
1.114
1.114
1.114
1.114
1.114
1.138
1.114
1.114
20.705
1.114
1.114
1.154
1.114
1.122
1.114
1.130
1.114
1.126
1.114
1.114
1.114
1.114
1.114
2.840
1.114
1.171
1.390
1.114
1.114
1.114
25.085
1.114
1.114
1.299
1.114
1.373
25.000
1.150
1.119
1.114
8.267
25.125
1.114
1.114
1.122
1.120
1.114
4.987
1.114
25.018
1.114
1.114
1.114
1.114
1.117
1.116
1.114
1.114
7.235
25.161
4.463
1.109
1.109
1.109
1.109
1.109
1.131
1.109
1.109
1.112
1.109
1.112
1.109
1.109
1.109
1.109
1.109
1.109
25.104
1.149
1.114
1.109
1.109
1.109
1.109
1.109
1.109
1.109
1.908
1.109
21.401
1.109
1.128
1.109
1.109
1.112
1.109
10.293
1.109
1.109
1.109
1.109
1.109
1.109
1.109
1.109
1.109
1.142
1.144
1.142
1.109
1.109
1.109
1.109
1.109
1.109
1.116
1.109
1.109
1.109
1.109
1.109
24.853
1.109
1.109
1.109
1.110
1.128
1.109
1.109
1.115
1.109
1.570
1.109
1.109
1.109
1.109
1.109
9.580
14.323
2.715
1.109
1.109
1.109
1.109
1.109
1.109
1.109
1.707
1.109
1.108
1.108
25.065
1.108
1.108
1.340
1.108
1.108
1.108
1.137
1.933
1.108
1.112
1.108
1.631
1.108
1.108
1.108
1.108
25.067
1.108
1.108
1.108
1.158
2.406
1.108
1.105
1.105
1.105
1.105
1.105
1.105
2.022
1.174
1.105
1.118
1.105
1.105
1.105
22.916
1.105
1.105
24.175
1.105
24.984
4.047
1.105
1.370
1.188
1.183
1.135
1.105
1.105
22.743
1.105
1.105
25.067
1.195
1.105
2.305
1.105
1.105
1.105
1.105
1.558
7.020
1.144
1.105
1.105
1.105
1.121
1.105
3.374
24.862
1.105
1.409
1.105
1.108
1.105
1.105
1.108
1.105
1.105
1.105
1.638
21.354
11.072
1.105
1.119
3.012
1.105
1.105
1.136
1.107
1.105
2.013
1.105
39.616
2.240
1.106
23.852
1.169
1.105
1.196
1.105
1.105
24.976
1.533
1.105
1.105
1.105
1.105
1.105
1.105
25.000
1.105
1.105
1.105
1.105
3.022
1.105
1.105
1.105
1.105
4.800
1.105
1.105
1.105
1.159
1.133
1.105
1.105
1.105
5.024
1.105
1.105
1.105
1.105
1.105
1.592
23.707
4.121
1.105
1.110
1.105
1.105
1.105
1.105
1.107
1.121
1.156
17.035
1.105
1.105
1.105
1.105
1.105
1.105
1.518
1.105
1.105
1.105
1.105
1.105
10.710
1.105
1.148
4.247
1.111
1.581
1.105
24.870
21.451
1.105
1.105
1.105
1.105
6.605
1.105
1.105
1.105
1.131
1.106
1.149
1.105
1.105
1.105
1.105
1.119
1.105
1.149
24.995
1.105
24.080
1.361
1.107
1.105
1.105
25.000
1.105
1.132
1.105
1.105
11.937
2.069
1.105
1.105
1.108
1.105
1.105
1.097
1.097
30.939
1.119
1.381
1.097
1.100
25.103
1.097
1.096
1.096
1.096
4.680
1.096
1.096
1.096
1.096
1.096
1.096
1.096
1.118
23.377
1.096
6.744
1.096
1.099
1.096
1.096
1.096
1.096
1.144
1.632
1.096
1.107
1.183
1.670
1.096
1.096
1.096
2.017
1.096
1.096
1.096
1.096
7.803
1.096
1.094
1.094
1.094
1.094
1.094
2.495
1.094
1.118
15.406
1.094
1.094
2.611
1.094
3.697
18.196
1.094
5.512
1.094
1.094
1.094
1.097
1.094
1.094
1.094
1.412
1.111
1.094
2.480
1.852
1.094
1.094
1.094
1.149
1.094
1.119
1.094
15.369
1.094
1.116
1.094
25.068
1.094
1.094
1.096
1.094
1.094
1.094
1.094
1.094
1.094
1.094
1.473
1.094
1.131
1.094
1.094
1.094
10.465
1.096
1.147
1.097
1.094
1.094
3.292
13.401
1.094
1.094
1.094
2.688
1.094
1.146
2.444
1.094
1.094
1.094
1.094
1.094
1.094
1.094
1.094
1.094
1.094
1.094
2.785
1.094
1.136
1.961
1.096
1.775
1.094
1.094
1.094
1.122
1.094
1.094
1.163
1.094
1.094
1.094
1.094
1.094
1.094
1.094
1.094
1.094
5.974
1.094
1.096
1.094
1.094
1.094
1.181
1.094
1.094
1.094
1.094
1.094
1.094
1.094
1.109
1.094
1.094
1.094
1.094
1.094
1.094
1.100
1.115
1.094
14.006
1.512
1.094
7.444
1.094
1.094
1.094
1.094
1.135
1.094
1.094
1.142
3.099
1.094
1.094
1.094
1.094
1.114
1.094
1.094
1.094
1.097
1.094
2.283
1.094
1.095
1.942
1.094
1.094
1.094
1.094
1.094
1.094
18.632
4.257
1.094
1.094
1.142
1.094
1.094
1.094
1.096
1.094
1.094
21.112
2.145
1.106
1.094
1.094
1.094
1.684
1.096
1.094
1.099
1.094
2.464
1.094
1.094
1.094
2.736
1.184
1.094
1.094
1.577
1.094
1.094
3.656
1.137
1.094
1.483
1.096
1.094
1.182
1.093
1.093
1.370
1.142
1.093
1.093
7.308
1.093
1.093
1.099
1.093
1.093
1.093
13.742
1.093
1.092
1.092
1.092
1.092
1.092
1.092
1.092
1.092
1.092
2.062
1.114
9.821
1.092
1.092
1.092
1.092
1.092
1.092
1.318
1.092
1.092
3.892
1.092
1.092
1.092
1.092
1.092
1.172
1.092
1.092
4.521
1.092
1.092
1.092
1.093
1.098
1.092
1.092
1.092
1.092
1.099
1.092
1.092
24.999
1.092
1.092
1.092
1.104
24.890
1.092
1.092
1.092
1.092
1.115
1.092
1.092
1.092
1.092
1.092
1.121
1.092
1.472
1.108
1.092
3.310
1.092
1.092
1.092
1.101
1.092
3.761
25.148
1.617
1.092
1.120
1.092
1.092
1.092
1.141
1.099
1.092
2.497
1.095
1.092
1.092
1.092
1.092
1.091
1.091
1.091
1.091
1.091
6.455
1.091
1.152
1.091
1.091
1.092
1.091
1.091
1.107
1.091
1.091
1.091
5.548
25.077
1.096
1.091
3.724
1.091
1.091
2.440
1.921
1.151
1.091
24.605
1.091
1.301
1.131
1.091
9.329
1.107
4.427
1.091
1.091
1.091
1.091
1.219
1.091
1.091
1.091
3.662
1.093
1.091
1.091
1.091
1.091
1.091
1.091
1.091
1.091
1.152
1.091
25.161
24.655
1.090
1.090
1.090
1.095
2.419
24.929
1.090
1.090
1.090
1.116
1.090
1.090
1.090
1.090
1.091
1.090
1.106
1.090
21.788
1.090
1.147
1.103
9.148
1.090
1.090
1.226
1.090
25.133
1.090
1.090
1.090
1.090
1.334
1.090
1.090
1.576
1.106
1.090
1.090
6.426
1.091
1.270
1.090
1.090
1.096
1.090
1.090
1.090
1.090
1.093
1.091
1.090
1.132
1.199
13.265
1.092
1.090
1.090
1.090
1.091
13.063
1.090
24.914
12.359
1.147
1.090
3.687
1.090
2.817
1.090
1.090
16.438
1.096
1.092
1.090
1.090
1.090
1.090
1.109
1.090
1.106
1.090
1.185
1.090
1.090
1.090
1.094
4.583
1.090
1.090
1.090
1.118
1.090
1.090
1.500
1.090
1.090
1.090
1.090
1.090
1.090
1.091
1.090
1.090
25.090
1.090
1.090
1.090
1.091
1.090
1.090
19.208
1.090
1.099
1.090
1.090
1.090
1.090
1.090
1.090
1.090
1.090
1.196
1.115
1.090
13.227
1.090
1.090
1.090
1.090
1.090
1.333
1.090
1.090
1.090
1.090
1.090
1.090
39.058
1.090
1.090
1.275
1.108
1.128
16.210
4.941
1.099
1.090
1.090
1.090
1.103
1.091
1.175
1.090
1.090
1.090
1.090
1.090
2.920
15.324
1.220
25.963
1.090
1.092
1.090
1.090
1.090
1.090
1.090
1.090
1.090
1.090
25.108
1.147
1.090
1.090
1.090
1.090
1.090
1.090
1.090
4.357
1.090
1.090
1.090
1.090
1.090
1.147
1.090
1.090
1.090
1.090
3.897
1.090
1.627
1.090
1.090
1.103
1.090
1.090
5.519
1.090
1.501
1.609
1.091
1.532
1.463
1.090
2.387
2.440
1.090
4.570
1.140
1.090
2.401
1.136
1.094
1.098
1.090
1.090
1.090
1.172
5.928
1.090
1.090
1.099
1.090
1.090
1.090
1.090
1.090
1.090
24.844
1.090
1.090
1.091
1.090
1.387
1.090
24.996
10.799
1.090
1.090
1.092
1.133
1.090
1.090
8.037
1.090
1.094
3.147
3.864
1.090
1.901
1.090
1.090
1.090
1.090
25.113
1.119
1.111
1.090
1.090
1.093
1.090
25.141
1.090
1.090
1.090
1.090
1.090
1.090
1.090
1.090
1.090
1.090
1.090
1.090
1.092
16.335
1.090
1.304
21.430
2.189
1.090
1.090
1.090
4.068
1.090
1.090
1.098
1.090
1.186
1.158
1.090
16.288
1.090
1.090
1.090
1.090
2.716
25.154
1.090
25.124
1.089
1.089
8.785
9.845
1.089
1.089
1.089
1.089
1.089
25.000
23.466
1.140
1.089
1.089
1.101
1.089
1.089
1.089
1.089
1.131
1.089
1.158
1.089
1.089
1.089
1.146
1.089
2.573
1.089
1.089
1.089
1.092
1.089
1.157
1.089
1.089
1.089
1.089
1.099
1.136
1.158
1.089
1.251
1.089
1.089
1.093
1.089
1.089
1.089
1.089
1.089
1.089
1.107
1.089
1.089
1.194
1.092
1.089
1.089
19.841
1.089
1.089
1.402
1.089
1.097
23.688
1.089
1.089
1.089
1.099
1.175
1.089
1.577
1.089
1.089
1.104
1.097
1.089
1.089
17.727
1.105
25.082
1.089
2.073
1.089
1.089
8.090
2.046
1.089
1.089
1.089
1.106
1.089
1.089
1.089
1.996
1.089
1.089
1.089
1.089
1.089
4.516
1.089
3.646
1.089
1.123
1.089
1.089
24.908
1.089
1.089
1.089
1.089
1.089
1.089
14.258
1.091
1.089
1.161
1.089
1.089
1.102
1.089
1.089
1.157
1.089
1.089
1.089
1.097
1.089
1.094
1.089
6.342
1.089
2.144
1.089
1.090
1.089
1.125
24.893
1.470
1.089
1.089
1.099
1.089
1.089
1.089
1.089
1.170
1.089
1.143
1.089
1.089
1.089
1.092
1.089
1.089
1.089
1.089
1.148
1.106
1.126
1.089
1.150
1.089
1.089
1.403
1.089
1.089
1.089
1.089
1.089
1.097
1.089
1.148
1.094
1.089
1.221
1.206
1.089
1.089
1.089
1.089
1.089
1.095
7.201
2.180
1.089
1.089
1.089
1.090
1.416
1.089
1.095
1.089
1.089
1.089
1.089
1.089
1.336
1.089
1.089
1.193
1.107
1.097
1.089
5.702
1.126
1.089
1.089
5.199
1.198
1.089
1.089
1.089
1.089
1.089
1.089
7.954
1.089
1.089
1.089
1.132
1.089
1.089
1.089
1.089
1.089
1.093
1.089
1.094
1.089
1.089
1.089
1.089
1.089
1.089
1.089
1.089
1.089
1.089
1.148
1.272
24.999
1.089
1.089
1.089
1.089
7.541
1.089
1.088
1.088
1.088
1.088
1.309
1.088
9.357
1.088
1.088
1.707
1.088
1.088
1.088
22.975
11.398
1.088
7.151
22.919
1.088
1.088
1.088
1.146
1.178
24.999
1.088
25.063
24.992
1.088
1.092
14.721
1.088
1.088
1.088
6.565
1.088
1.088
24.586
1.088
17.081
1.088
1.088
1.107
28.536
1.088
1.089
1.088
1.088
1.156
1.088
1.121
1.088
1.309
1.142
1.088
1.088
1.088
1.143
1.091
1.088
1.088
1.095
19.671
1.088
1.301
3.865
23.781
1.088
1.393
4.125
1.088
1.088
1.088
14.528
1.088
1.088
1.088
1.088
25.000
1.088
1.088
16.036
1.088
1.088
1.088
1.088
1.088
1.088
1.128
1.129
1.088
1.090
1.089
1.088
1.088
1.088
1.088
1.794
5.711
7.965
1.088
1.088
1.088
1.575
1.085
17.540
1.720
1.085
1.085
1.085
2.642
1.085
1.086
1.085
1.085
1.520

Results for SA
Target: Iris-versicolor: 
Correctly classified 148.0 instances.
Incorrectly classified 2.0 instances.
Percent correctly classified: 98.667%
Training time: 33.624 seconds
Testing time: 0.004 seconds

