-i 10000 -algo sa -alpha .80 
Iterations: 10000
Cooling alpha: 0.8

Error results for SA
Target: Iris-versicolor
---------------------------
28.938
28.661
28.696
29.329
29.387
24.366
26.738
26.738
26.968
26.775
26.867
25.796
25.849
25.849
25.946
25.628
29.731
29.735
29.144
29.717
29.705
29.705
29.405
29.375
32.705
32.911
33.616
32.037
33.199
33.241
33.663
32.974
33.050
32.861
29.074
29.098
29.025
25.239
25.366
24.268
23.239
23.209
23.208
24.481
21.490
21.491
21.373
21.373
21.444
21.436
21.271
20.798
20.798
19.828
19.828
19.829
18.670
18.651
18.652
18.602
18.920
18.920
19.360
19.273
19.719
19.719
20.522
20.471
21.693
21.693
21.918
21.918
21.945
21.949
21.635
21.644
21.648
21.647
22.545
23.000
22.995
23.603
23.603
23.603
23.608
23.828
23.828
23.826
23.825
23.835
23.835
23.760
23.821
23.820
23.820
23.820
23.820
23.820
23.820
23.829
23.832
23.832
23.832
23.832
23.832
23.832
23.832
23.998
23.999
23.999
23.999
23.824
23.824
23.824
23.825
23.825
23.826
23.824
23.867
23.867
23.862
23.862
23.863
24.205
24.207
24.207
24.212
24.212
24.213
24.215
24.210
24.210
24.210
24.210
24.210
24.210
24.210
24.204
24.204
24.338
24.337
24.337
24.416
24.416
24.416
24.423
24.423
24.423
24.423
24.730
24.423
24.423
24.423
24.420
24.507
24.507
24.445
24.355
24.355
24.355
24.355
24.466
24.353
24.353
24.469
24.572
24.375
24.353
24.355
24.353
24.353
24.196
24.193
24.195
24.188
24.183
24.170
24.166
24.164
24.138
24.147
24.057
24.060
24.057
24.057
24.057
24.055
24.070
24.069
24.055
24.055
24.055
24.055
24.062
24.072
24.055
24.055
24.055
24.055
24.062
24.041
24.041
23.444
21.137
21.135
21.160
20.656
20.656
19.160
20.985
19.165
19.091
19.081
19.113
19.081
19.193
19.081
19.081
19.081
19.080
19.981
19.080
19.080
19.080
19.080
18.997
18.986
19.023
18.988
18.986
18.986
18.697
21.787
21.307
18.697
19.360
16.901
17.020
16.890
16.890
17.262
16.890
16.890
16.891
16.889
16.889
16.729
16.741
16.522
17.516
16.716
16.522
16.763
16.933
16.522
16.522
16.520
16.520
16.520
15.597
15.597
15.597
15.597
16.099
16.358
15.597
15.597
15.601
16.517
15.597
18.269
15.597
15.597
15.597
15.599
15.597
15.630
15.618
15.597
15.597
15.802
15.997
16.008
16.042
18.009
15.607
16.495
15.597
15.525
15.662
15.600
15.525
15.525
15.525
14.984
14.984
14.984
14.977
14.977
14.977
15.018
14.977
14.977
14.976
14.976
14.976
14.774
14.774
14.774
14.714
14.714
14.817
14.714
14.714
14.708
14.798
14.718
14.866
14.708
15.165
14.851
14.708
15.838
15.039
14.537
14.537
14.543
14.537
14.361
14.361
14.361
14.364
14.361
14.361
14.802
14.506
14.354
14.358
14.376
14.354
14.354
14.699
14.424
14.430
14.354
14.374
14.354
15.276
14.354
14.387
14.844
14.354
15.202
14.335
15.316
14.218
14.218
14.218
14.216
14.216
14.145
14.151
14.145
14.145
14.483
14.145
14.144
14.200
14.799
14.371
14.144
13.728
14.487
13.728
14.005
13.726
13.726
13.896
13.726
14.844
13.726
18.934
16.544
13.725
13.724
13.725
13.724
13.863
13.724
15.366
13.403
13.403
13.467
13.422
13.635
12.970
16.645
12.970
14.145
12.970
13.392
12.970
15.021
12.970
12.889
12.903
12.890
12.888
12.888
15.116
12.882
13.595
12.901
12.882
12.882
12.882
12.882
12.864
13.395
12.864
12.813
15.418
12.813
12.813
12.813
13.998
12.813
14.889
12.813
12.813
12.876
12.813
12.883
12.866
12.813
12.813
12.801
12.840
20.504
12.801
12.883
12.801
12.801
12.827
12.801
12.801
12.801
12.801
12.748
13.543
12.748
12.748
12.524
12.474
12.340
12.393
12.340
13.617
14.637
12.372
12.185
12.185
15.401
12.181
12.316
12.181
12.278
12.179
12.181
12.094
12.094
12.094
12.094
12.094
12.094
12.094
12.094
12.094
12.094
12.094
12.143
12.094
12.174
12.094
12.258
12.094
12.005
12.112
11.683
11.692
11.683
11.683
11.683
12.019
11.683
11.824
11.683
11.683
11.683
12.420
11.683
11.684
11.821
11.683
12.499
11.725
12.385
11.683
11.566
11.738
11.623
11.566
14.569
11.403
11.403
11.546
11.449
11.403
11.403
11.403
11.704
11.403
11.566
11.403
11.403
11.403
11.403
11.446
11.520
11.403
11.008
10.934
10.745
10.961
10.745
10.795
10.594
10.594
10.594
10.594
11.598
10.430
12.182
10.345
10.284
10.284
19.411
11.808
10.284
11.377
11.502
10.622
10.284
10.286
11.163
10.284
10.284
10.268
10.269
10.268
10.266
10.266
15.527
10.266
10.266
10.266
10.266
11.597
10.264
10.454
10.668
10.264
10.264
10.265
10.264
10.423
12.162
10.264
10.095
10.043
10.043
10.043
10.131
10.043
14.456
10.327
10.181
10.043
10.141
10.043
11.802
10.113
10.043
10.043
10.043
10.534
10.043
10.043
11.217
10.043
10.043
10.040
10.117
11.075
10.040
10.040
10.040
10.040
11.298
10.040
10.040
10.040
10.081
9.983
9.901
9.870
9.870
9.866
9.866
9.600
9.632
9.598
9.598
10.121
10.042
9.598
13.907
9.598
11.601
9.598
9.689
9.778
9.698
11.287
9.975
9.822
10.646
9.598
9.598
9.598
9.588
9.937
9.588
9.588
9.655
9.881
9.588
10.571
11.263
9.588
10.095
9.597
9.588
10.544
9.588
9.588
9.588
9.588
9.936
9.588
9.599
9.913
9.761
9.713
9.588
9.588
9.588
9.588
9.596
9.588
9.588
9.583
10.838
9.734
9.583
9.583
9.583
10.153
10.203
9.679
9.583
9.583
9.583
10.091
9.577
9.577
9.580
9.608
10.126
9.577
9.902
9.579
9.841
9.591
12.491
9.577
12.756
9.577
9.577
9.569
9.996
9.569
9.637
9.569
11.192
9.606
9.972
9.549
9.644
9.549
9.549
9.549
9.639
9.549
9.564
9.675
17.762
9.585
9.549
9.549
9.549
9.549
9.549
9.505
9.505
9.505
10.176
10.954
9.505
9.215
9.720
11.628
9.215
9.215
10.475
9.215
9.227
9.215
9.248
9.215
9.140
9.705
8.861
9.580
12.138
8.759
8.759
8.759
8.759
8.759
20.314
8.759
8.759
8.760
19.347
8.759
8.759
8.759
8.759
8.759
8.759
8.859
9.196
8.759
8.759
8.759
8.759
8.759
9.854
8.760
10.080
8.759
20.061
8.760
8.761
8.759
10.728
9.403
8.874
9.183
9.707
8.759
8.759
8.760
8.759
8.759
8.759
9.142
10.753
20.055
8.759
8.816
8.773
8.759
8.759
11.314
13.762
8.951
8.759
8.759
9.308
8.759
8.901
8.780
8.759
8.748
14.159
8.821
8.857
8.748
10.035
8.744
9.723
11.643
8.744
9.265
8.744
8.853
9.014
8.744
8.744
8.744
8.523
8.523
8.523
8.523
8.523
8.523
8.525
8.472
14.449
8.458
18.744
8.510
8.458
8.458
8.458
8.458
8.458
8.458
8.458
8.458
8.793
14.374
9.103
8.465
9.252
8.458
8.976
14.343
8.458
8.458
9.535
8.458
10.916
8.458
8.449
8.650
8.449
8.449
19.760
8.449
8.449
8.449
8.449
8.262
8.262
8.072
8.091
9.265
8.069
8.075
9.824
8.069
8.836
8.068
8.509
8.588
8.068
8.597
9.167
8.068
8.068
8.167
9.029
8.031
8.031
8.191
7.951
8.097
7.951
7.951
7.820
7.788
7.788
7.788
7.809
7.788
8.910
7.788
7.788
7.788
7.788
7.788
7.788
7.788
7.788
7.788
7.788
7.788
7.788
7.788
8.567
7.716
8.339
7.714
7.975
7.714
7.714
7.714
7.465
8.048
7.509
7.558
7.465
7.465
7.465
9.114
7.465
7.465
7.495
7.465
8.151
7.465
7.465
7.465
7.465
8.152
15.904
14.604
7.466
7.355
7.411
7.355
7.528
8.052
7.355
7.356
9.284
7.355
7.355
10.370
7.271
14.482
7.271
7.271
7.271
8.442
7.271
7.309
7.271
7.271
7.395
7.271
19.771
13.703
7.338
7.332
7.271
7.271
7.271
7.271
7.240
7.240
7.240
18.240
7.240
8.245
7.240
7.240
7.240
7.655
7.240
7.240
9.809
7.240
7.412
7.240
7.240
7.274
7.654
7.953
7.240
7.944
11.459
7.254
7.240
7.392
7.052
7.052
7.052
7.052
10.625
7.072
7.514
7.081
7.052
7.178
7.569
7.311
8.776
7.093
7.330
7.052
7.052
7.052
10.112
7.052
7.052
7.054
7.052
7.052
7.052
7.052
7.928
7.032
7.300
6.575
6.575
6.575
6.575
6.575
6.575
6.577
9.365
6.610
6.575
6.566
6.566
6.564
6.564
6.564
6.800
6.604
7.065
6.564
6.577
6.779
6.564
6.564
6.564
6.564
6.825
10.814
7.544
7.155
8.708
6.564
6.564
6.564
12.748
6.523
6.523
6.523
6.523
9.863
6.620
6.523
6.453
6.453
6.453
6.453
7.491
6.453
6.746
6.453
6.453
6.453
6.466
6.844
6.453
6.397
6.397
6.508
6.397
6.501
6.398
6.397
6.397
6.397
6.397
10.463
6.397
11.335
6.395
6.395
6.405
6.395
8.489
6.634
6.395
6.393
8.108
7.939
6.393
8.387
6.393
6.393
6.393
6.393
11.074
10.668
6.393
6.393
6.456
6.365
7.951
6.764
6.365
6.375
6.224
6.538
6.278
6.230
6.224
6.224
14.979
6.224
6.311
6.224
6.494
6.295
15.837
6.224
6.710
6.224
12.321
6.482
9.012
9.985
6.224
6.227
6.224
6.887
6.224
6.224
8.714
6.194
6.194
6.194
7.386
10.503
6.194
6.194
6.308
6.194
6.194
6.648
6.194
6.194
7.089
6.194
6.216
6.194
6.706
6.194
6.171
6.217
6.171
6.228
6.171
6.171
6.171
6.197
6.171
7.176
8.289
6.171
6.304
15.680
9.439
6.174
17.610
6.171
6.166
8.455
6.166
6.136
6.204
6.574
6.126
6.684
6.126
6.126
6.126
6.126
6.126
6.126
6.126
6.865
8.656
6.126
6.171
6.505
6.960
6.126
6.126
6.126
6.126
6.159
6.126
6.134
6.125
6.619
6.349
6.125
6.343
6.122
6.124
6.138
6.122
6.122
6.122
6.149
6.122
6.441
6.122
6.140
6.327
6.277
6.122
6.126
7.088
6.122
6.408
6.122
6.130
6.084
6.240
6.103
6.379
15.287
6.073
6.664
6.073
6.069
6.323
6.069
6.069
6.475
6.153
6.069
6.069
6.100
17.061
6.100
12.888
6.154
6.069
6.316
6.069
5.940
5.940
5.940
6.060
5.940
18.025
5.940
5.940
5.940
5.940
6.907
5.935
6.065
5.927
13.599
5.927
5.927
5.927
6.363
5.927
5.886
5.886
5.886
5.886
6.383
5.961
5.870
6.966
6.036
6.566
5.870
5.870
5.870
5.898
5.884
5.870
6.185
7.920
5.870
5.888
5.725
6.128
5.725
5.719
5.723
5.774
5.722
5.719
5.719
5.759
5.719
5.721
5.716
5.716
13.478
8.432
5.716
5.716
5.716
5.716
5.716
5.653
5.660
5.653
5.653
5.653
5.621
5.621
5.621
5.682
5.986
5.621
11.906
6.002
5.621
13.018
5.621
5.621
5.621
5.621
5.621
5.619
5.640
5.617
5.611
5.617
5.611
5.929
5.629
5.603
5.603
5.908
5.603
16.835
18.548
5.603
5.581
5.581
5.927
5.882
5.581
14.564
5.581
5.579
5.579
5.579
5.579
5.604
6.490
5.669
5.579
5.579
5.579
5.579
5.579
5.579
5.579
5.606
5.579
5.579
5.579
7.762
5.657
5.674
5.579
17.667
5.582
5.579
5.579
5.579
5.579
12.882
6.003
5.770
5.579
5.605
5.888
5.566
5.566
5.635
5.569
6.252
5.566
5.723
5.586
5.700
5.566
9.968
5.566
5.566
6.118
5.568
5.566
5.574
5.566
5.566
6.250
5.566
5.569
5.583
5.566
5.576
5.566
5.566
5.566
5.535
5.534
5.534
5.557
5.534
5.543
5.534
5.534
5.548
5.534
5.565
5.534
5.534
6.133
7.347
5.714
5.534
5.649
5.534
5.534
5.534
5.534
5.534
5.533
5.534
6.256
6.515
5.533
5.584
5.533
5.533
5.529
5.529
5.429
15.724
5.429
5.870
5.429
5.429
5.429
5.429
8.402
5.429
5.429
5.403
5.402
5.402
5.399
5.410
5.389
5.389
5.393
5.509
6.388
5.389
17.018
5.389
5.905
5.389
5.389
5.389
5.389
5.540
11.633
5.389
5.389
5.388
17.333
5.388
5.388
5.388
5.649
5.359
5.359
5.355
5.354
10.897
5.437
5.354
10.106
5.354
5.664
5.354
5.378
5.530
5.436
5.354
6.065
5.354
5.354
5.447
5.354
5.354
10.948
6.153
5.681
5.354
10.159
5.354
5.412
5.591
5.409
5.354
5.352
5.352
5.380
5.352
5.373
6.243
5.367
5.352
5.352
5.352
5.352
7.010
5.352
5.482
5.492
5.352
5.879
5.352
5.444
5.352
5.513
13.505
5.352
5.352
5.347
5.446
6.327
9.303
5.347
15.455
5.347
5.347
5.352
5.377
11.807
5.961
5.361
5.347
18.588
5.347
5.347
5.347
5.338
6.414
5.582
13.094
5.338
5.338
18.115
5.341
5.338
9.172
5.338
5.337
5.337
5.539
5.337
5.337
5.337
5.337
5.337
5.337
7.203
5.384
7.065
5.354
5.943
5.516
5.337
5.337
5.337
5.337
5.337
5.337
5.337
5.337
5.337
5.337
5.337
5.337
5.337
5.366
5.452
5.337
5.337
5.337
5.363
5.337
5.623
5.514
6.172
5.337
5.336
5.339
5.336
5.690
5.336
15.990
5.336
15.288
5.410
5.344
5.303
9.288
5.303
5.303
5.303
5.307
5.303
5.343
5.303
5.303
5.301
5.555
5.309
5.301
5.301
5.301
5.336
5.585
5.301
5.301
5.301
5.301
5.301
5.301
5.301
5.301
5.452
5.301
5.301
5.351
6.718
5.301
5.964
6.067
5.301
5.302
5.301
5.987
5.301
5.301
5.307
6.759
5.301
5.304
5.301
5.301
5.313
5.304
9.702
5.301
5.691
5.301
5.301
5.301
5.289
14.500
5.289
5.289
5.754
14.557
5.289
5.293
5.289
5.803
5.659
5.289
5.289
5.289
5.309
17.281
5.289
5.289
5.563
5.306
5.302
5.289
7.017
5.205
5.205
5.431
5.215
5.205
5.205
5.205
5.205
5.213
5.205
5.205
9.614
5.369
5.205
5.205
9.589
5.205
5.205
5.491
5.205
5.205
5.474
5.287
5.205
5.205
6.650
15.828
5.065
14.109
5.065
5.065
5.065
5.065
17.712
5.065
5.609
5.065
5.065
14.161
5.065
18.897
5.065
5.065
5.839
5.067
5.065
5.141
5.065
5.065
5.045
5.045
5.026
5.026
5.026
5.026
5.026
5.041
5.026
5.017
5.017
5.017
7.377
5.017
5.017
5.017
5.271
5.017
5.017
5.017
5.022
5.017
6.168
5.108
5.017
5.017
4.988
4.988
9.863
4.980
4.980
4.980
4.980
4.982
4.980
4.980
5.486
7.047
5.974
4.980
4.980
12.566
4.980
4.980
4.980
7.257
4.980
4.962
4.962
4.962
4.962
4.962
4.962
4.980
5.557
4.962
5.424
4.979
4.962
4.962
5.299
5.556
4.963
4.962
4.962
4.962
5.031
4.962
7.852
5.100
4.962
4.962
4.962
4.962
5.003
4.962
4.999
4.962
4.959
4.959
4.959
4.959
16.854
4.967
4.959
4.959
4.959
5.124
4.959
4.940
4.940
4.940
4.940
4.940
16.138
4.940
4.944
5.039
4.940
6.043
4.940
4.940
5.020
4.939
4.939
4.939
4.981
17.250
4.939
4.943
4.939
4.939
4.963
9.976
4.939
4.939
4.939
4.987
4.939
4.910
4.911
4.910
4.910
6.006
7.265
4.910
4.910
4.910
4.838
5.938
4.838
4.838
5.192
4.838
17.809
4.838
4.837
4.837
4.944
4.964
5.302
4.837
4.870
4.837
5.342
4.837
4.837
4.837
4.837
4.913
4.837
4.845
19.907
4.837
9.649
17.362
8.610
4.837
4.837
16.699
4.838
4.837
5.281
4.837
5.160
4.931
4.837
6.058
4.837
4.837
4.837
4.837
4.830
4.830
6.357
4.891
4.830
4.830
4.830
4.912
4.844
4.878
4.834
4.867
5.344
4.830
7.153
11.228
4.843
6.332
4.830
4.884
4.830
4.829
4.829
4.879
5.346
4.829
4.829
18.725
4.829
4.829
4.829
4.829
4.829
4.829
4.828
4.830
4.828
4.828
4.828
4.828
4.824
14.289
4.824
4.824
4.824
8.985
4.824
4.824
4.824
4.824
4.824
5.147
4.824
4.824
4.808
4.823
4.808
7.007
4.808
4.808
4.808
4.808
4.808
4.842
4.811
4.939
4.808
4.808
4.807
4.807
4.822
4.807
4.748
5.204
4.748
4.748
4.735
4.735
7.682
6.431
13.618
4.735
4.339
4.339
4.393
4.514
4.339
4.339
4.339
4.339
4.843
4.343
4.346
4.339
4.339
4.518
4.684
4.339
4.340
10.530
4.621
4.339
5.022
4.271
4.565
4.271
4.271
20.118
4.271
4.303
4.473
4.275
18.828
11.838
4.344
4.269
4.270
4.269
4.269
4.430
4.269
17.687
4.267
4.267
4.308
4.266
5.306
17.643
4.266
4.314
4.266
4.266
4.273
4.266
12.143
4.266
4.264
4.351
4.264
4.272
4.789
4.493
4.266
4.264
19.132
4.332
4.268
4.264
4.264
4.264
4.684
4.264
4.264
4.264
4.274
4.302
4.264
4.262
7.344
4.262
4.262
4.262
4.262
4.262
4.262
4.262
4.256
4.255
4.255
4.255
4.255
4.255
4.415
4.863
4.255
4.568
4.255
11.165
4.250
4.250
4.250
4.580
4.272
4.250
4.250
4.931
4.246
4.246
4.907
8.770
20.334
4.246
16.403
4.247
4.246
4.280
4.350
4.246
4.246
4.268
4.246
4.247
6.678
4.250
4.247
4.687
4.246
15.345
4.244
4.244
4.249
4.639
4.244
16.322
4.255
4.244
4.250
4.244
4.283
4.260
4.244
4.243
4.243
4.235
4.235
4.234
4.234
4.240
4.234
4.234
4.236
4.234
4.527
4.195
4.196
4.801
4.195
14.945
4.195
4.195
4.195
4.195
4.438
4.248
4.280
4.192
4.334
4.193
4.192
4.192
4.490
4.253
4.192
4.192
4.192
4.192
4.206
4.560
20.270
4.192
4.213
4.192
4.192
4.194
4.434
4.192
4.192
4.192
4.290
4.192
4.282
4.192
4.192
4.192
4.265
4.192
16.230
4.184
4.184
14.298
20.483
4.177
4.177
4.177
14.031
4.177
4.178
4.481
4.841
17.622
4.177
4.201
4.177
4.177
4.177
4.177
4.177
4.177
4.177
4.177
4.627
4.177
4.177
4.908
4.235
4.177
20.663
4.346
14.101
4.313
4.196
19.851
4.177
4.177
4.177
4.177
17.796
4.178
4.177
4.177
4.629
4.177
4.177
4.519
4.177
4.177
4.177
4.243
4.179
4.181
4.347
4.177
4.215
4.961
4.177
18.348
4.177
4.210
4.199
4.177
4.177
4.150
4.373
4.150
4.344
4.145
4.163
4.150
4.145
4.145
4.145
4.145
4.159
4.146
4.145
4.500
4.183
6.241
4.145
4.125
4.203
4.125
4.125
4.124
4.121
4.157
4.121
4.165
4.121
4.287
4.491
4.120
4.375
4.120
4.120
4.120
7.180
4.120
4.120
5.198
4.120
4.120
4.164
4.120
4.120
4.119
4.119
4.613
4.119
4.119
4.122
4.129
4.121
4.293
4.266
4.119
4.119
4.119
4.119
4.120
4.121
4.124
4.218
4.107
6.357
4.116
4.351
4.107
4.111
4.015
4.066
21.760
4.025
4.375
4.015
20.897
4.015
4.110
4.015
4.355
4.307
4.015
4.008
4.008
4.008
4.008
4.008
4.008
18.508
4.008
4.008
4.265
4.008
4.352
4.008
4.008
4.103
4.008
4.008
4.106
4.065
4.008
4.020
4.036
4.007
4.007
4.007
4.007
4.022
8.376
4.007
4.011
4.007
4.007
4.016
4.007
4.011
4.007
4.519
4.010
4.018
4.008
15.805
10.545
9.884
4.007
4.007
4.008
4.007
4.002
4.004
3.999
4.003
4.841
3.999
4.211
4.001
3.999
4.002
3.999
3.999
3.999
3.999
3.999
3.999
4.184
4.426
19.660
4.000
3.999
14.028
4.133
4.410
3.999
4.069
4.016
3.999
3.998
3.998
3.998
3.998
3.998
4.037
4.097
3.998
3.998
4.006
3.998
3.999
3.998
3.998
3.998
3.998
4.021
4.017
3.998
4.001
6.473
4.078
3.998
3.998
3.998
3.998
3.998
19.014
3.998
4.001
4.004
3.997
3.997
3.997
3.997
6.025
5.167
3.997
3.997
4.397
4.680
4.431
4.016
3.997
4.467
3.972
3.973
4.557
3.972
3.972
4.034
3.972
3.973
3.973
3.972
4.004
3.972
3.972
3.972
3.972
4.016
4.068
3.974
3.972
3.972
4.294
21.252
3.972
3.983
3.972
3.972
4.574
3.972
3.972
3.972
4.018
4.506
3.972
3.972
3.972
3.972
21.493
3.972
3.972
18.502
4.018
3.972
15.460
3.972
3.971
3.974
3.981
3.972
19.768
20.404
3.981
3.987
3.972
3.971
4.390
4.248
3.971
3.972
3.972
3.971
3.971
8.963
3.979
3.922
4.228
4.012
3.922
3.928
8.426
3.940
3.922
4.062
18.749
12.418
3.922
3.948
6.041
3.922
3.925
6.798
3.922
3.973
4.054
10.011
3.921
3.922
4.471
3.921
3.921
3.921
3.925
3.921
4.557
3.922
5.013
4.353
3.972
3.921
4.014
3.921
14.834
3.921
3.921
3.922
3.932
3.921
4.164
3.921
3.919
3.955
7.803
16.368
13.486
4.089
3.919
3.919
3.939
3.919
3.930
3.932
3.923
3.919
3.927
22.685
3.919
3.930
5.488
3.919
3.919
4.309
3.934
4.207
4.265
3.919
3.919
10.447
3.919
3.911
4.148
3.955
3.913
4.426
3.900
3.900
3.900
4.201
3.900
3.900
3.900
3.881
4.424
3.894
3.881
3.881
4.651
4.137
3.875
3.905
3.875
3.875
3.875
3.877
3.875
3.878
3.880
3.875
3.875
3.932
3.875
5.695
5.893
3.875
3.875
3.897
3.874
3.898
14.965
4.461
3.874
3.874
3.875
3.874
3.892
3.882
3.889
3.874
3.874
3.876
3.876
3.874
3.860
3.860
3.861
3.861
3.867
3.860
3.960
3.868
3.861
3.860
3.840
3.855
3.840
3.840
5.586
3.841
3.922
3.840
3.857
3.840
3.840
3.840
3.840
3.840
3.840
3.841
3.963
7.493
11.249
3.842
3.847
3.890
3.840
3.809
8.964
3.871
3.809
3.808
3.808
3.808
19.862
3.808
17.557
3.808
23.262
3.815
3.808
4.121
5.952
3.808
3.808
3.885
3.876
3.808
3.808
3.855
3.808
4.244
3.880
3.808
3.808
4.291
4.268
3.808
3.815
3.558
3.558
3.558
3.558
3.557
3.641
3.557
3.557
20.829
3.557
3.595
3.557
3.557
14.745
3.557
3.557
10.852
3.557
3.557
3.557
3.557
3.551
3.551
3.551
3.551
3.551
4.206
3.551
3.587
3.551
3.551
3.553
3.552
3.551
3.551
4.172
3.583
3.553
3.581
3.744
3.551
6.932
3.555
3.670
3.554
3.551
3.553
4.491
3.552
3.551
3.552
3.553
3.582
3.551
3.551
9.335
3.551
3.581
6.973
3.551
3.551
3.551
3.713
3.995
3.587
3.551
3.551
3.595
3.551
3.551
3.551
3.551
3.551
3.641
7.475
3.725
3.551
3.551
3.786
20.233
3.551
3.551
5.503
3.547
3.547
3.702
3.547
3.547
3.547
3.547
3.908
3.621
3.547
3.721
3.500
3.500
3.501
3.511
3.500
3.502
3.508
3.573
3.589
3.499
3.499
9.315
3.491
3.491
3.491
3.491
3.491
3.765
17.254
3.493
3.491
3.491
3.491
3.944
3.491
3.692
3.491
3.540
3.492
3.539
3.491
3.507
3.491
3.491
4.411
3.757
12.741
3.491
3.491
3.491
3.491
3.491
3.493
3.621
3.523
3.491
9.536
3.491
3.491
8.340
3.552
3.492
3.493
3.491
4.223
3.491
3.487
3.499
3.488
3.489
3.487
4.044
8.707
3.485
10.910
3.806
3.486
8.527
3.485
3.485
3.485
4.208
3.485
3.484
3.493
3.484
3.484
5.989
3.484
3.484
3.806
3.484
3.484
3.484
3.484
3.484
3.484
3.484
3.486
3.523
3.482
3.548
3.541
3.481
20.104
3.481
3.479
3.761
12.142
3.479
3.479
3.632
3.479
3.490
3.480
3.592
3.479
3.479
3.479
3.479
3.479
4.540
6.058
3.478
3.691
3.478
3.478
4.134
3.487
5.263
6.874
3.493
20.107
3.545
3.478
3.478
3.478
3.619
3.478
7.447
22.945
3.478
3.477
3.477
3.601
22.056
10.494
3.477
3.749
3.477
3.477
20.998
3.477
3.763
3.477
7.075
22.100
3.737
3.477
3.521
3.477
3.477
18.917
19.090
3.484
3.476
3.489
21.715
3.533
3.476
3.477
3.476
3.595
3.479
3.558
3.520
3.484
3.696
3.475
3.493
4.571
3.475
3.475
3.475
3.543
3.475
3.475
3.594
3.475
3.730
3.544
3.475
3.475
3.572
3.479
3.475
3.746
20.002
3.490
3.476
3.475
3.465
3.465
4.801
3.465
3.465
3.492
3.466
3.509
3.465
3.465
3.465
3.462
3.462
3.462
3.462
3.470
3.462
3.462
3.466
3.462
3.463
10.465
3.357
3.406
3.776
4.222
3.357
3.357
3.359
3.400
3.363
3.360
6.713
3.491
3.357
3.357
14.062
3.357
3.766
15.954
3.299
3.299
3.302
3.299
3.299
3.400
3.299
3.299
3.229
3.229
3.229
5.952
3.905
3.228
18.605
3.228
3.233
3.282
3.229
3.228
3.228
3.233
3.227
3.270
3.227
3.227
3.227
3.227
3.228
3.227
3.227
3.231
3.228
3.227
3.228
3.227
3.774
3.227
3.227
3.227
3.228
3.227
3.227
17.180
3.230
3.401
3.230
3.229
3.227
21.329
3.227
3.259
3.247
3.227
3.227
3.615
3.204
3.204
3.204
3.487
5.198
19.483
3.341
3.204
3.427
3.206
3.208
3.204
3.204
3.223
3.204
3.341
3.203
11.538
3.242
3.203
3.215
3.257
3.203
16.347
3.451
3.203
12.661
3.203
3.203
3.696
9.584
3.203
3.203
3.228
3.203
3.260
3.203
3.203
3.207
3.203
3.201
11.678
21.343
3.529
3.252
3.332
3.201
3.201
3.201
3.218
3.201
3.201
3.559
3.207
3.201
3.201
3.201
3.204
3.201
3.372
3.201
16.000
3.223
3.201
3.202
3.201
3.216
3.202
14.784
3.446
3.203
3.201
17.735
3.201
3.551
3.633
3.203
3.366
3.201
3.216
6.198
3.201
3.631
3.204
3.203
3.201
3.201
3.201
3.201
10.048
3.565
3.201
3.202
3.203
3.205
21.624
3.201
19.148
20.398
3.211
4.712
3.201
3.204
3.201
3.363
3.201
3.201
3.201
20.847
3.201
17.125
14.957
3.569
3.210
3.201
3.201
3.201
3.201
3.201
3.201
3.202
3.197
3.200
3.377
3.197
3.215
14.121
3.283
22.292
3.197
3.427
3.193
3.193
3.193
3.193
3.193
3.299
3.194
3.193
3.194
3.197
3.192
3.194
3.198
3.192
3.192
21.817
3.192
3.333
3.254
3.192
11.417
3.468
3.192
3.192
3.192
3.192
3.192
3.192
3.204
3.192
3.191
3.191
3.293
20.909
3.191
3.949
3.191
3.191
3.191
3.283
18.256
3.191
3.192
3.196
3.318
3.206
3.197
21.351
3.234
3.191
3.191
3.191
20.205
3.415
3.191
3.191
3.191
3.191
3.231
21.308
3.191
3.191
3.191
3.230
3.191
3.191
3.192
3.191
3.191
3.192
16.903
3.191
3.199
3.193
3.191
5.443
22.204
3.191
3.191
3.191
3.191
3.191
3.192
18.776
3.191
3.191
9.387
3.191
3.191
3.210
3.192
3.191
3.191
3.741
3.191
3.191
3.266
22.667
3.191
3.708
3.191
3.191
3.191
8.573
3.191
3.191
3.191
3.191
3.191
3.193
3.431
3.197
3.191
3.191
3.191
3.191
3.191
15.271
3.191
3.191
3.228
3.192
3.191
3.191
3.246
3.191
3.197
3.191
3.500
3.191
3.191
3.191
3.191
4.605
3.191
6.251
3.286
3.230
3.193
3.191
3.191
3.191
10.606
3.191
3.869
3.191
3.191
3.285
3.403
3.231
15.981
3.240
3.191
3.192
3.191
3.191
13.443
3.451
3.418
3.194
21.963
3.191
8.854
3.023
3.023
5.025
3.023
3.023
3.023
3.023
3.023
3.023
3.492
3.038
3.023
3.023
3.023
3.023
3.023
3.023
3.023
3.023
3.023
3.042
4.025
3.023
3.023
3.036
3.071
3.023
3.011
21.202
3.011
3.908
3.011
3.011
3.014
3.328
3.011
3.011
3.011
3.018
3.042
3.011
3.011
2.978
2.978
2.978
22.526
15.682
3.644
4.164
2.978
2.978
2.978
3.039
2.978
6.903
2.978
3.000
2.978
11.630
2.978
2.887
17.456
2.885
2.907
2.885
3.129
2.885
17.808
2.885
20.632
2.885
2.885
2.885
2.885
2.890
2.880
2.880
3.062
2.882
2.880
2.880
2.992
20.388
2.880
2.880
2.811
2.811
2.811
2.811
2.811
2.870
2.811
2.811
7.738
3.310
2.842
2.900
2.861
2.811
2.811
3.478
2.811
2.825
2.813
2.811
21.294
2.821
2.811
2.822
2.821
2.764
2.766
2.796
2.764
2.765
2.764
2.764
2.764
2.830
2.764
2.764
3.119
14.693
2.765
2.764
4.642
2.764
2.786
5.303
2.765
2.764
3.103
10.871
2.764
2.764
2.724
2.724
2.980
2.724
15.222
2.724
10.431
2.724
2.848
2.726
2.783
21.628
16.305
2.772
2.725
24.086
2.724
3.434
2.724
2.724
17.445
2.724
13.851
2.726
2.724
2.726
2.727
2.871
2.724
2.726
2.724
2.725
2.724
2.724
2.688
2.688
2.688
2.845
2.688
2.709
24.126
2.701
2.688
21.239
19.433
2.688
9.218
2.688
2.688
2.727
2.688
2.688
19.989
2.688
2.689
2.903
2.689
2.717
2.688
15.366
2.688
2.690
2.688
2.630
2.837
2.676
2.640
21.640
15.394
2.630
5.813
2.630
2.630
2.629
2.629
2.676
2.630
2.630
2.629
2.640
2.629
2.629
2.906
2.887
2.629
2.946
2.628
2.628
2.628
2.628
2.622
2.622
2.622
2.622
2.641
2.622
2.624
2.622
2.622
2.622
2.622
2.643
6.862
19.811
2.643
2.622
2.623
2.622
2.627
2.706
2.622
2.695
3.022
2.622
2.872
15.167
2.622
2.623
2.622
2.622
2.647
23.387
2.622
2.622
2.622
2.656
2.627
2.622
2.626
2.629
2.622
2.622
2.626
3.086
20.100
2.622
2.695
8.401
2.632
2.622
2.784
2.622
2.622
2.631
2.680
4.429
2.622
2.622
2.635
2.622
2.622
2.875
2.891
2.623
2.622
5.890
2.634
2.622
2.624
4.082
2.623
2.622
2.622
2.760
7.985
2.622
18.655
2.651
2.622
2.622
2.661
2.622
14.294
15.169
2.626
2.622
2.622
2.622
23.961
24.235
2.630
2.622
2.622
2.846
2.622
2.622
2.624
2.628
2.651
2.622
2.622
2.622
2.622
2.622
2.622
2.622
2.622
2.622
2.622
2.622
2.622
23.927
2.622
2.622
2.636
2.632
2.622
2.626
4.596
2.622
2.622
2.622
2.622
2.622
2.622
2.622
2.622
2.622
2.622
23.973
2.622
20.254
2.622
9.446
2.622
2.622
2.622
2.644
2.622
2.658
3.869
2.622
2.623
2.622
2.641
8.507
2.624
2.622
2.622
2.624
3.264
2.756
2.622
2.622
2.746
2.631
2.622
2.622
2.622
2.549
2.549
2.585
2.550
5.612
2.549
2.558
14.653
2.549
2.953
2.549
2.557
12.793
2.540
2.540
2.540
2.540
2.540
15.212
2.540
16.023
2.540
2.540
2.540
2.540
2.541
2.545
2.540
2.594
2.540
2.540
7.233
2.610
2.540
2.540
2.998
2.540
2.540
2.540
2.540
2.540
2.527
2.668
2.527
2.527
2.527
3.005
2.527
2.527
2.527
2.527
20.595
2.527
20.344
2.527
2.527
2.527
2.527
3.195
2.527
2.528
2.527
2.527
2.527
2.527
2.535
2.527
2.527
2.547
2.536
2.527
4.441
2.587
2.527
2.527
2.527
15.394
22.957
2.527
2.531
2.527
2.673
17.651
14.207
2.527
2.527
2.527
2.844
11.807
2.626
2.527
2.527
19.291
2.527
3.445
2.527
2.826
2.527
2.527
6.177
2.527
2.527
2.527
2.528
2.595
2.799
2.544
2.527
2.527
12.837
2.527
2.527
2.527
2.527
2.527
2.527
5.715
17.611
2.527
2.527
2.527
2.527
2.725
2.527
2.527
24.250
2.527
2.527
2.527
2.658
2.527
2.527
2.527
2.527
2.527
2.527
2.527
2.527
2.624
3.394
2.527
2.529
2.527
2.808
2.527
2.804
8.974
2.564
2.527
2.527
2.524
2.527
2.524
2.524
2.524
2.540
2.674
2.558
2.533
2.524
2.546
2.524
2.524
2.524
2.603
2.524
2.536
2.524
2.528
10.410
2.524
2.531
2.524
2.524
2.820
2.526
2.524
2.524
2.524
2.703
2.524
2.853
2.665
3.782
2.523
2.570
2.523
2.523
2.523
2.647
2.744
2.524
2.523
2.523
2.523
2.551
2.523
2.523
2.557
2.527
2.530
2.506
10.339
2.506
2.507
2.507
2.506
2.507
2.506
2.781
2.506
2.520
2.509
2.506
2.506
2.506
2.506
2.506
2.505
2.502
2.502
2.577
2.502
2.502
2.500
19.066
2.500
24.095
2.500
2.500
2.442
2.442
2.442
2.442
2.442
2.442
2.442
2.442
2.442
2.442
2.497
2.442
2.442
2.480
2.442
2.442
2.442
3.052
2.442
2.442
2.442
3.578
2.442
2.605
2.442
2.442
2.442
2.442
2.442
2.442
2.442
2.442
2.442
7.080
2.442
2.442
2.410
2.415
2.406
2.407
2.519
24.199
2.406
2.406
2.406
2.415
2.406
2.465
2.406
2.406
2.407
2.464
2.406
2.406
2.407
2.406
2.406
2.481
2.406
20.793
2.444
2.407
18.346
2.406
3.006
2.405
8.710
2.405
2.405
2.405
2.405
2.405
6.967
2.405
2.748
2.576
2.405
2.405
8.242
16.609
2.495
2.405
2.406
2.405
5.073
2.406
24.068
2.405
2.719
2.405
2.406
2.405
2.405
19.975
2.460
2.406
2.405
2.405
2.405
2.406
2.405
2.693
2.405
2.511
2.405
2.405
5.323
2.405
2.406
2.405
2.405
2.405
2.405
6.904
2.405
2.405
22.749
2.405
2.405
2.406
2.972
2.406
2.490
2.405
2.405
2.545
2.412
2.405
2.406
2.405
2.405
2.440
2.720
2.405
2.405
2.405
2.405
2.406
2.405
2.405
5.741
2.533
2.405
4.825
2.405
2.405
3.671
2.405
2.674
2.405
2.405
2.405
2.405
2.405
2.467
2.405
2.405
2.405
2.408
2.406
2.405
2.405
2.405
2.541
2.405
4.638
2.405
2.744
2.405
2.405
2.406
2.405
2.405
2.405
2.405
2.468
2.405
2.410
2.405
11.343
2.405
2.405
2.405
2.405
2.405
2.405
2.405
8.123
2.405
2.471
2.405
2.405
2.405
2.405
2.405
2.405
2.405
2.405
2.409
2.405
2.524
2.405
2.405
2.405
2.405
2.405
2.405
2.406
2.405
2.432
13.307
10.534
2.405
2.650
2.405
2.406
2.405
2.405
2.405
2.405
2.405
2.405
2.405
5.287
2.426
2.405
2.649
2.405
2.507
2.486
2.405
2.405
2.405
2.405
16.852
2.405
2.405
2.416
2.411
2.405
2.405
15.486
2.665
2.405
2.405
2.405
2.405
2.405
2.405
2.405
19.959
2.405
2.405
8.388
2.405
2.754
2.405
2.405
2.405
2.405
2.405
24.460
2.405
2.405
2.407
2.405
2.520
2.405
2.430
2.405
2.405
2.407
2.405
2.697
2.402
2.402
2.430
2.403
2.541
2.404
2.402
2.402
19.691
2.402
2.403
2.402
2.402
2.402
21.015
2.402
2.478
2.402
2.402
2.402
2.600
2.402
2.402
2.402
2.402
2.402
2.414
3.877
2.454
2.609
2.402
2.402
2.402
2.403
5.598
2.423
2.404
2.402
2.402
2.402
2.402
7.422
2.402
2.402
2.671
2.402
2.402
2.314
2.314
2.396
2.536
2.439
2.316
2.719
2.314
2.480
9.700
2.314
2.314
2.314
2.497
2.314
2.314
2.317
9.776
2.314
2.314
3.716
2.314
2.315
2.314
2.314
2.315
2.315
20.230
2.316
2.328
2.314
2.314
2.314
3.049
2.314
2.314
2.692
2.611
2.314
2.314
22.457
2.316
2.396
2.314
2.388
2.323
2.314
2.314
2.317
2.314
2.314
2.314
3.722
2.317
4.128
2.354
2.345
2.314
2.314
2.314
2.314
17.818
2.368
2.314
2.432
3.038
2.384
2.410
17.499
2.314
2.314
18.881
4.241
2.314
2.314
2.314
2.314
2.314
2.314
2.314
2.314
2.314
2.314
2.492
2.313
2.313
2.313
2.313
2.509
2.313
2.313
24.034
2.313
22.829
2.358
19.358
2.366
2.313
2.316
2.313
2.313
2.503
2.314
19.981
2.313
2.314
2.314
2.313
2.313
4.176
2.386
2.313
2.313
2.315
2.313
2.314
2.352
2.313
2.313
2.313
2.313
6.071
2.317
2.313
2.313
2.313
2.313
2.313
2.348
2.316
2.313
2.314
2.314
2.313
19.984
2.313
2.313
2.313
2.313
2.313
2.313
2.472
2.313
2.313
2.329
2.313
2.317
2.313
2.313
2.313
2.289
2.289
2.289
2.289
2.289
2.289
2.289
2.289
2.358
2.289
2.289
2.294
2.327
14.380
2.289
2.289
2.291
2.289
2.289
2.293
3.906
2.289
2.289
2.369
2.289
2.290
2.289
2.282
2.282
2.305
2.255
2.255
2.255
2.255
2.994
10.480
2.274
2.255
2.313
2.255
2.279
2.255
2.255
2.255
2.255
2.269
2.255
2.259
17.864
2.255
24.830
2.426
2.255
4.579
2.355
2.255
2.255
2.245
2.245
19.416
3.357
2.265
24.462
16.145
2.465
2.245
2.310
24.640
14.027
12.409
3.029
2.245
2.245
4.778
2.245
2.245
2.246
2.245
2.250
2.245
24.779
2.245
2.245
2.245
2.245
2.245
10.131
2.246
2.245
2.547
2.245
2.250
2.436
2.245
2.356
2.246
2.245
2.245
14.099
2.245
2.245
2.253
3.989
2.232
9.495
2.583
2.232
2.302
2.386
2.370
2.232
2.232
2.232
3.302
2.232
2.238
2.232
2.585
2.232
2.232
23.796
2.234
2.234
2.232
2.232
2.234
2.232
2.599
6.984
2.232
2.239
2.233
2.232
2.248
2.232
2.568
2.239
2.241
2.257
2.233
2.232
2.232
2.232
2.232
2.232
2.247
4.179
19.506
15.672
2.232
2.245
2.243
24.458
2.232
2.232
2.232
2.232
2.232
2.214
2.199
2.199
2.199
2.199
2.199
2.199
2.199
2.199
2.199
2.199
3.060
8.182
2.199
2.222
3.864
2.199
2.199
2.199
2.199
2.199
2.209
2.199
2.199
23.406
2.199
2.189
2.189
14.494
2.193
2.189
2.189
2.191
2.189
2.189
2.509
2.189
2.189
17.047
2.189
2.385
2.189
2.189
2.177
2.172
2.172
2.172
2.172
2.269
2.176
2.172
2.172
2.172
2.173
2.172
2.172
2.186
2.172
2.172
2.172
13.627
2.172
2.172
2.172
2.620
2.172
2.155
2.155
2.156
24.841
2.155
2.183
2.185
2.242
2.304
2.155
2.535
2.155
2.223
2.155
2.413
2.303
2.156
2.155
12.252
2.155
14.629
10.980
2.155
2.155
2.154
2.359
2.154
2.154
2.223
2.154
17.907
2.154
2.154
2.154
2.154
2.154
2.351
2.183
2.154
2.154
2.154
18.583
2.154
2.154
2.151
2.667
2.151
2.151
2.153
2.151
2.151
2.151
2.151
2.152
2.151
17.146
2.151
2.151
2.653
2.151
2.145
2.145
2.145
2.152
2.463
2.128
2.128
2.128
2.128
2.128
2.086
2.085
2.086
2.085
4.534
2.085
2.097
2.085
2.085
2.085
2.085
2.085
2.085
2.085
2.211
2.453
15.658
2.085
17.868
2.285
2.086
2.085
2.085
2.085
2.085
2.487
2.076
2.076
2.180
2.076
2.076
2.076
2.054
2.054
2.054
2.054
2.054
2.054
2.098
2.088
2.069
2.054
2.054
2.054
2.041
2.041
2.041
2.041
2.041
2.041
5.948
2.041
2.041
2.084
2.041
2.041
2.041
9.981
2.041
2.210
23.449
21.763
2.041
2.057
2.119
2.041
2.041
2.041
2.041
2.041
2.041
2.041
2.041
2.041
2.041
2.041
2.041
2.041
2.041
2.041
22.664
2.048
2.047
13.347
2.041
2.041
2.041
2.041
2.041
2.041
2.041
4.726
3.388
4.402
14.192
2.041
2.041
2.041
2.129
2.041
2.041
2.097
2.041
2.049
2.041
2.243
2.041
2.263
2.041
5.756
2.137
2.041
2.041
2.041
2.041
2.043
24.471
2.041
2.041
2.041
2.279
2.041
2.041
2.041
2.067
2.041
6.144
7.625
2.041
2.045
2.041
2.089
2.041
2.041
2.041
2.082
2.041
3.454
2.043
2.041
2.146
2.041
2.041
2.041
2.041
2.041
2.041
2.041
4.374
2.041
2.041
2.101
2.041
2.045
2.246
2.041
2.041
1.979
1.979
1.979
1.979
2.142
14.552
1.979
2.034
1.979
1.979
1.979
1.990
16.998
2.068
1.979
24.894
4.704
6.770
2.071
13.664
1.979
24.782
1.979
1.985
2.217
1.979
2.060
1.979
1.978
2.065
1.978
18.032
1.978
2.068
1.978
2.280
10.514
7.420
2.122
1.978
1.978
1.978
2.156
1.978
1.979
1.978
3.627
2.158
1.978
1.978
1.978
20.666
1.978
1.978
1.978
15.111
1.978
1.978
1.978
1.978
1.991
1.989
1.978
3.554
17.474
1.978
1.978
1.978
1.978
17.662
18.029
1.978
1.978
1.978
1.978
1.978
1.978
1.973
1.973
1.973
1.975
1.971
1.972
1.971
1.971
1.971
1.971
1.971
1.971
1.971
2.996
1.971
1.971
1.972
1.971
2.427
1.971
21.621
1.971
2.043
12.484
13.160
1.971
1.971
1.971
1.972
1.971
1.972
2.030
24.035
3.098
1.971
1.975
2.142
2.018
1.972
1.970
1.978
1.970
1.970
1.970
2.000
3.804
1.970
1.970
1.970
19.440
2.210
1.970
1.970
1.970
1.970
1.970
2.085
1.970
2.275
2.068
1.970
1.970
1.970
1.970
2.178
1.970
7.147
1.970
1.970
1.970
1.970
1.970
2.034
1.970
1.969
2.071
1.969
2.039
1.969
1.969
1.977
1.969
1.969
1.969
2.155
1.969
1.969
1.969
1.969
1.969
1.969
1.969
2.581
1.969
1.969
2.125
1.970
1.969
1.969
1.969
1.969
1.969
1.969
1.969
1.969
1.969
1.967
1.968
1.967
2.075
2.223
2.107
1.967
1.969
1.967
1.964
24.556
21.611
1.964
1.964
9.883
1.964
1.964
1.964
1.964
1.964
1.964
5.136
1.964
1.964
1.964
1.964
1.964
1.964
1.968
20.564
1.989
5.572
1.966
1.964
1.964
1.964
1.964
19.539
1.964
4.041
2.296
1.965
1.964
1.964
1.964
1.964
1.965
1.964
1.964
1.964
1.961
1.961
2.077
1.961
1.961
2.208
2.203
1.961
1.961
1.961
1.961
1.961
1.961
2.211
1.961
1.990
1.961
1.961
1.961
2.004
2.486
1.961
1.961
1.961
1.961
1.925
24.797
18.124
25.009
2.137
1.925
1.925
1.925
1.925
1.925
1.925
1.945
1.925
1.925
1.925
1.934
1.925
1.925
1.925
1.925
1.927
1.925
8.694
1.991
10.657
2.146
1.925
1.925
2.234
1.930
1.987
2.321
1.925
20.523
1.925
1.925
1.926
2.294
1.925
1.952
1.935
1.925
1.925
1.925
1.925
1.925
6.573
1.926
1.929
1.924
1.924
1.924
2.197
1.925
1.924
1.924
1.925
1.924
1.924
18.885
1.925
1.926
24.953
1.924
1.948
1.924
1.924
2.112
2.081
1.914
1.914
1.914
1.914
1.908
1.908
1.908
1.908
1.908
1.908
1.908
18.279
1.901
1.902
1.902
1.901
1.901
1.901
1.910
1.901
2.051
17.970
1.942
1.901
1.892
1.892
24.682
1.892
1.890
1.890
2.102
2.038
1.890
1.895
1.885
2.137
1.885
1.885
1.885
1.882
2.794
24.015
1.883
4.158
2.006
1.881
1.881
1.917
1.881
1.881
1.905
3.090
1.931
1.881
5.391
1.881
1.884
2.121
1.887
1.881
1.897
1.881
1.881
1.881
1.881
4.063
24.252
1.881
1.881
1.881
1.881
1.883
2.209
1.879
1.879
1.879
1.879
1.879
1.882
1.879
1.887
1.879
24.230
1.879
24.884
2.055
1.879
1.879
1.948
2.050
1.937
1.882
1.879
18.295
1.879
8.909
1.879
1.879
1.940
1.879
2.592
1.879
1.881
4.757
1.879
1.879
1.879
1.879
7.162
1.879
1.879
1.879
1.879
1.879
1.888
1.886
2.048
1.879
1.880
1.887
1.879
1.879
14.719
1.897
1.879
1.882
1.947
1.930
1.885
1.879
24.409
1.879
1.879
22.793
1.886
24.851
1.879
1.879
1.879
1.879
1.879
1.879
2.952
1.879
1.879
1.879
3.329
1.879
1.881
8.094
1.901
1.881
1.879
1.879
1.916
1.917
2.154
1.879
5.077
1.879
1.879
6.531
1.879
1.879
1.879
17.916
24.939
1.887
1.948
2.014
1.879
1.984
1.879
1.963
1.880
2.042
1.885
1.889
1.879
1.963
1.879
1.889
1.879
1.879
2.033
1.879
1.879
1.879
1.879
1.879
1.879
1.879
1.904
1.879
5.347
2.611
3.303
1.882
1.886
1.879
1.879
1.879
1.879
1.879
1.898
1.934
1.880
1.879
1.879
1.879
1.879
17.326
1.879
1.919
2.437
1.879
1.879
2.166
2.482
1.879
1.879
1.879
5.023
1.929
2.160
1.879
4.553
1.977
1.879
1.879
4.227
2.027
1.879
7.369
1.879
1.879
1.879
1.879
1.889
1.879
1.881
1.879
1.879
1.879
1.895
18.056
1.879
1.879
6.403
1.879
1.879
1.879
1.879
1.879
5.111
2.079
1.879
24.673
1.879
1.881
1.978
1.879
1.881
1.879
1.879
1.879
1.879
1.894
1.898
1.901
1.879
1.883
1.879
1.879
1.879
1.879
1.879
1.879
24.886
1.879
1.878
1.878
1.878
1.880
1.878
2.088
2.060
11.338
1.878
1.878
1.878
1.878
1.878
1.892
1.879
1.878
1.882
3.644
1.878
2.070
1.878
1.878
1.878
1.878
1.880
1.878
1.884
1.878
12.454
1.897
1.882
1.878
1.878
2.004
1.878
1.878
2.062
1.878
1.878
1.878
1.878
1.887
1.908
1.877
1.877
1.880
1.877
1.877
10.700
17.512
1.877
1.879
1.873
1.873
1.873
1.873
1.873
1.897
1.871
1.886
1.872
1.871
1.871
1.871
1.872
1.873
1.871
1.877
1.871
15.926
1.871
1.871
1.897
9.523
1.848
18.526
2.102
1.848
1.881
1.848
1.848
24.748
1.848
1.848
1.848
24.336
1.848
1.848
9.159
1.848
1.848
1.856
1.848
1.848
24.384
1.852
1.962
1.848
1.822
24.904
1.822
1.968
1.822
1.836
24.896
1.822
1.822
1.825
8.536
1.822
3.720
1.959
1.822
1.822
1.854
1.822
1.822
1.822
1.822
16.357
1.822
1.822
1.822
1.825
4.971
1.822
1.822
1.822
1.822
1.822
1.814
1.814
1.785
1.785
1.785
5.868
1.897
1.785
1.785
1.794
1.785
1.785
6.328
1.785
1.785
1.785
1.785
12.552
1.785
1.780
1.780
16.994
1.781
1.780
1.895
1.781
1.780
1.780
8.592
1.780
10.150
1.780
1.780
1.781
1.780
1.780
1.780
13.307
1.780
1.780
1.780
1.780
1.780
1.780
8.883
1.781
1.869
1.780
1.780
1.780
24.927
4.672
9.123
6.113
1.780
1.802
6.042
1.780
10.649
1.780
1.780
1.781
1.780
1.781
1.808
1.780
6.162
1.776
1.776
1.776
1.776
1.774
1.774
1.774
1.869
1.774
1.774
1.775
1.770
1.770
1.770
1.770
1.770
1.770
18.148
1.770
1.766
1.767
1.766
1.766
1.766
1.766
1.767
6.930
1.766
1.769
16.962
1.767
1.766
2.596
1.784
1.766
13.136
16.635
1.780
1.766
5.818
17.521
3.624
1.766
25.001
5.382
1.766
1.766
1.767
1.766
1.766
1.766
1.766
1.766
1.774
7.620
1.766
1.766
1.766
1.767
1.766
15.842
1.751
1.748
1.748
1.748
1.753
1.748
1.748
1.748
1.765
1.748
1.752
1.748
1.783
1.748
1.748
1.748
1.780
1.748
1.748
1.748
1.844
1.748
1.762
1.748
1.748
1.748
1.748
3.913
1.795
1.748
10.010
1.748
16.222
1.748
1.748
1.748
1.748
16.472
1.803
1.756
13.469
2.544
1.750
1.750
1.839
1.748
5.263
1.748
1.748
1.748
1.750
1.748
1.748
1.748
1.802
1.829
1.748
1.967
1.748
1.748
1.748
1.748
1.748
1.748
1.748
1.751
1.763
1.750
1.748
1.748
1.789
1.748
1.748
1.748
1.748
1.754
1.748
1.748
1.748
2.343
1.748
1.907
1.748
1.748
1.774
1.757
10.255
1.748
1.749
1.748
1.748
1.859
1.748
1.985
1.748
20.950
1.814
1.877
1.748
1.748
1.748
1.748
1.748
15.242
1.748
1.756
1.748
1.746
1.903
1.746
1.746
1.746
1.746
1.746
16.738
1.746
1.746
1.746
1.746
1.840
1.746
1.834
1.746
1.746
1.744
1.744
1.743
1.744
1.733
1.759
1.761
1.738
1.733
1.735
2.151
4.486
1.733
1.733
1.733
1.749
1.733
2.727
1.733
1.769
1.733
1.733
21.973
1.733
1.740
1.733
1.733
1.733
3.689
1.880
1.733
1.733
25.025
1.733
1.756
1.792
1.733
25.048
1.733
1.733
1.745
1.733
1.733
1.733
1.733
2.064
1.733
1.755
14.455
1.733
1.733
1.733
1.733
24.974
1.733
1.730
2.066
1.730
1.730
1.730
1.802
1.731
1.784
1.730
1.730
1.730
1.756
2.243
24.035
1.730
1.727
1.727
1.727
1.723
1.723
1.725
1.841
1.730
1.888
1.723
1.723
1.726
3.579
1.795
3.934
1.723
1.723
1.798
2.423
23.263
5.531
1.730
1.723
1.723
13.344
1.723
1.723
22.821
3.795
1.723
1.723
1.723
1.723
1.727
1.723
1.723
1.723
8.458
1.772
1.898
1.723
1.723
1.723
10.575
1.871
1.723
8.495
1.884
1.756
1.815
1.735
1.719
1.739
1.719
1.719
6.662
1.719
24.933
1.770
1.719
1.719
1.814
1.723
1.722
1.719
1.812
1.719
1.719
1.802
1.719
1.719
1.719
1.719
1.719
1.720
1.831
1.723
1.795
1.719
1.719
1.719
1.732
1.719
24.928
1.719
1.719
22.412
1.808
1.739
1.719
13.799
1.719
1.719
1.719
1.719
1.719
1.719
1.719
1.731
1.750
1.719
1.719
1.719
14.056
1.719
1.719
1.719
1.718
23.276
1.718
1.718
1.718
1.718
1.723
1.718
1.718
1.718
1.713
1.713
1.738
1.713
1.713
1.713
1.713
1.713
1.723
1.713
1.713
1.713
1.713
1.713
1.713
1.716
1.713
25.089
1.713
1.713
1.713
24.833
1.713
1.713
1.713
1.713
2.563
14.309
8.700
1.717
1.713
2.844
1.713
1.713
1.713
1.713
1.713
1.713
1.713
1.713
1.713
1.713
1.713
1.713
1.735
1.713
1.712
1.712
1.712
1.712
1.728
1.713
1.712
1.712
1.715
1.712
1.730
1.714
1.712
1.712
1.712
1.711
2.387
1.717
1.711
1.711
3.605
1.711
1.711
1.711
1.711
1.765
1.711
1.711
1.711
9.068
1.711
1.711
1.711
1.711
1.711
1.711
1.833
1.711
1.712
1.712
1.711
1.712
1.885
1.719
1.711
16.035
1.711
1.711
1.771
1.711
1.711
1.711
1.711
1.711
1.722
1.711
1.742
11.318
1.710
1.710
1.713
16.569
1.710
1.838
24.958
1.710
1.712
1.710
1.710
1.710
1.710
1.710
1.710
6.817
1.710
1.710
1.710
1.710
1.710
1.710
1.710
1.710
1.789
1.710
1.850
1.710
1.710
1.879
1.710
1.710
1.710
1.712
1.710
1.750
1.710
1.710
1.710
1.710
1.710
20.143
1.710
1.710
1.735
1.710
1.710
1.712
1.722
1.710
1.710
1.720
1.745
1.710
2.277
1.710
1.717
1.710
1.710
1.808
1.710
4.634
10.243
1.710
2.679
1.710
1.710
1.710
1.710
1.710
4.360
1.710
1.710
1.821
1.710
1.878
1.710
1.710
1.710
1.710
1.716
1.710
1.710
1.710
1.710
1.710
9.965
1.712
1.710
1.735
1.756
8.495
1.723
1.863
1.710
24.323
1.710
9.583
10.694
1.710
1.725
1.710
16.264
1.710
1.712
1.710
15.112
1.710
1.831
1.711
1.710
2.796
1.832
1.737
1.710
1.710
1.725
1.710
1.710
1.710
1.710
1.710
1.710
1.710
1.710
1.868
1.766
1.784
1.710
1.710
1.734
1.719
8.358
1.710
13.234
1.710
1.710
1.710
1.710
1.710
1.710
1.710
2.658
1.710
4.002
1.726
1.711
2.966
1.710
1.710
1.710
1.734
1.710
1.710
1.710
1.710
1.710
1.710
1.712
2.454
1.710
13.454
2.739
1.710
1.710
1.711
3.790
4.598
1.710
1.710
2.095
1.710
1.710
1.710
1.710
1.710
1.710
6.368
1.710
1.710
1.709
1.709
1.816
7.523
6.106
1.709
1.709
1.709
1.709
1.709
1.731
1.709
1.709
9.753
1.709
1.746
1.875
1.768
7.663
1.732
1.709
1.709
1.709
25.100
1.724
1.710
1.709
1.906
1.709
1.709
1.709
1.709
1.724
1.709
1.709
1.709
1.709
1.709
1.709
1.742
1.709
1.709
1.713
1.709
14.660
14.885
1.709
1.709
1.825
1.709
1.720
1.709
1.709
1.709
1.709
1.709
1.709
1.709
1.843
1.853
1.710
1.710
1.709
1.709
1.709
1.709
1.817
1.709
1.709
1.736
1.709
1.709
1.839
1.709
16.242
1.785
1.709
1.709
1.709
1.709
1.755
13.730
1.713
1.709
1.709
1.709
1.709
1.709
2.250
1.712
1.709
1.709
2.737
1.710
11.069
1.709
1.709
1.758
1.709
1.709
1.719
1.711
12.781
1.709
1.716
1.709
1.709
1.709
1.709
1.709
1.709
1.709
1.709
1.764
1.709
1.709
1.712
24.922
1.881
1.709
12.602
1.711
1.906
1.745
1.709
1.709
1.708
1.708
1.731
1.709
1.708
1.707
1.729
1.707
1.723
1.707
1.707
1.707
1.707
1.707
15.869
1.707
1.707
24.095
1.840
1.707
1.707
1.707
1.708
12.777
1.707
1.709
4.238
1.707
1.707
1.738
1.707
1.707
1.721
1.707
6.842
1.707
1.711
10.355
1.707
1.707
1.707
1.707
1.707
1.707
1.707
1.707
1.707
1.707
1.707
1.707
1.707
1.707
1.708
1.707
10.510
1.707
1.707
1.707
1.707
1.709
1.706
1.706
1.706
1.706
1.706
1.706
1.706
1.706
1.698
1.698
1.698
1.736
1.698
3.211
1.698
1.698
1.698
1.709
1.769
1.698
1.698
1.698
1.698
2.246
1.698
1.697
1.697
1.697
1.697
1.697
3.961
1.672
1.672
1.672
1.672
1.672
1.727
1.807
1.672
1.672
1.670
1.670
1.680
1.670
1.670
1.670
1.670
16.621
1.670
1.739
1.676
1.687
1.864
1.673
1.670
1.670
1.732
11.597
1.670
1.670
1.734
1.670
1.670
1.676
1.670
1.670
1.670
1.670
1.670
1.670
1.670
1.766
1.670
1.670
1.670
25.066
1.670
1.780
19.742
1.670
1.670
1.669
1.671
1.670
1.811
7.261
1.669
1.669
1.669
1.670
1.688
1.669
6.361
1.696
1.669
1.669
1.669
1.669
1.669
1.699
1.669
1.669
1.698
1.669
1.687
1.670
1.669
1.669
1.796
1.669
1.669
23.803
1.669
1.669
1.669
1.669
1.669
1.669
1.670
1.669
1.780
1.669
1.676
1.669
1.669
12.998
1.669
1.669
1.723
1.678
1.746
3.830
1.669
1.669
1.669
1.669
1.737
1.669
1.669
1.669
1.730
1.669
1.669
1.764
1.669
1.669
1.669
13.476
1.669
1.669
1.669
1.669
1.669
3.766
1.669
1.669
1.669
1.739
1.669
2.632
1.669
1.669
1.669
1.669
1.669
24.968
1.669
1.669
3.175
15.572
1.664
1.664
1.664
1.664
25.040
16.770
1.664
10.500
1.686
16.613
1.664
1.664
1.898
1.664
20.434
1.664
1.664
1.695
1.664
18.189
1.664
1.664
1.664
1.664
16.775
1.664
1.791
1.664
1.664
1.689
3.806
1.664
1.664
1.988
6.375
4.436
1.664
1.823
1.664
1.664
1.664
1.663
1.663
1.663
1.663
1.668
4.998
1.672
1.663
1.663
1.663
1.722
1.831
1.663
1.663
1.663
1.838
15.397
1.696
1.663
24.515
1.663
1.663
25.175
1.663
1.663
1.663
2.633
1.761
1.663
25.064
1.663
11.210
1.668
1.663
1.663
1.663
1.660
2.084
1.660
1.862
1.660
1.737
1.660
1.660
1.660
1.754
1.688
5.095
1.660
1.660
1.660
21.477
1.660
1.660
1.660
3.271
1.660
1.660
1.765
1.660
1.660
1.660
1.660
1.660
1.670
1.660
1.660
1.660
14.505
1.660
1.658
1.658
1.651
1.651
6.979
1.651
1.651
1.671
1.651
18.086
1.651
19.147
1.651
1.651
1.661
1.687
4.421
1.651
1.648
1.719
1.655
1.648
1.658
1.671
1.643
1.643
1.643
1.643
1.695
1.643
1.681
1.643
1.643
1.643
1.643
25.047
1.643
11.771
1.643
1.643
1.643
1.653
1.643
1.738
1.643
1.655
3.685
1.643
1.643
1.643
1.631
24.672
23.233
1.648
1.634
25.056
1.893
1.646
1.631
1.631
1.631
1.640
1.631
6.372
1.631
1.631
1.631
1.631
1.631
1.631
1.631
1.679
1.631
1.631
1.631
1.631
1.631
1.739
1.631
1.631
5.230
1.631
1.631
1.631
19.341
1.649
1.631
1.631
1.631
1.631
1.631
2.333
1.631
1.631
1.631
1.789
24.980
2.460
2.050
1.631
1.631
1.662
1.631
1.631
1.631
1.631
1.631
1.631
1.645
1.647
1.713
1.631
1.631
1.631
1.631
8.043
1.631
1.631
1.805
1.631
1.631
1.631
1.631
1.631
1.631
1.631
24.981
1.628
1.628
1.785
1.632
1.634
1.701
1.628
1.628
24.977
1.644
1.628
1.628
1.717
1.628
1.627
4.048
1.627
1.627
2.162
1.625
1.643
1.625
1.625
1.625
1.625
1.625
17.758
1.650
1.625
1.625
12.875
1.625
1.626
1.625
3.287
4.510
6.339
1.659
1.625
1.625
1.625
1.625
1.635
1.625
1.625
1.625
3.494
1.625
1.625
9.687
1.625
1.627
1.625
5.760
1.645
1.625
1.625
1.625
5.855
1.625
1.620
1.620
1.620
2.109
1.620
1.620
8.513
1.620
1.620
1.762
1.620
1.620
1.620
1.632
1.616
1.616
1.616
1.712
1.616
1.616
1.616
7.351
1.616
1.616
1.616
1.616
1.616
1.802
1.616
1.616
1.616
1.621
3.277
1.619
12.350
1.616
1.616
1.766
1.616
2.174
1.616
1.616
4.201
1.632
1.669
1.616
6.687
1.616
1.616
1.616
1.616
6.110
1.616
1.616
1.616
1.616
1.616
1.616
1.616
1.616
1.616
1.616
3.975
1.616
2.115
1.616
1.616
1.629
1.616
1.616
1.821
1.802
1.635
1.663
24.983
4.208
1.616
1.616
1.616
1.684
1.692
1.653
1.719
3.030
1.760
1.663
1.676
1.609
1.609
1.609
1.609
1.612
13.888
1.609
1.611
1.609
1.651
1.620
1.698
1.609
1.609
1.609
1.609
1.609
1.833
1.609
1.609
1.609
1.609
1.609
1.609
1.608
1.608
1.608
1.608
1.608
1.608
1.602
1.602
1.669
2.557
1.599
24.915
10.208
1.726
1.599
1.599
1.599
1.605
1.599
1.599
2.341
4.533
1.612
1.599
1.599
1.641
1.599
1.599
1.785
1.599
1.600
1.599
1.599
18.454
1.599
1.599
1.599
1.599
1.599
1.686
1.599
1.599
1.599
1.599
1.599
1.599
1.602
1.599
1.600
1.599
1.599
16.039
25.004
1.600
13.164
1.599
1.599
1.701
1.600
1.599
1.599
1.599
1.600
1.599
4.417
1.599
1.599
1.599
1.599
1.599
1.599
1.599
1.599
1.599
1.610
1.598
4.854
1.598
1.598
1.598
1.598
1.598
1.598
1.598
1.598
1.598
4.287
1.598
1.598
1.598
1.596
10.151
1.670
1.643
1.596
1.728
1.596
1.596
1.596
17.108
1.596
1.596
1.640
1.596
1.633
1.596
1.596
1.596
1.596
1.660
1.596
1.666
1.599
1.586
1.586
1.586
1.586
1.633
1.586
1.589
1.586
1.595
1.586
1.586
1.628
1.588
1.600
17.038
1.586
1.647
1.588
1.586
1.598
25.090
1.587
1.631
1.586
6.103
3.409
1.586
1.586
1.598
1.587
1.582
1.582
1.582
1.899
1.582
2.171
1.657
1.582
1.582
1.582
1.582
1.582
1.582
1.597
4.688
1.582
3.998
1.582
1.585
1.582
1.582
4.030
1.582
1.582
1.582
1.582
1.582
1.668
19.145
1.582
1.595
1.582
1.582
11.950
11.966
1.582
1.582
1.582
1.580
1.581
2.133
1.580
1.580
1.580
1.758
24.967
1.781
1.580
1.580
4.665
1.580
1.580
1.578
1.578
1.578
3.020
1.578
1.578
1.585
1.578
1.599
1.578
1.578
19.168
1.578
1.578
1.578
1.591
1.580
1.616
24.972
1.578
1.578
1.578
1.578
1.578
1.578
1.578
1.590
1.604
1.578
1.673
3.958
1.578
1.583
1.657
1.581
1.578
1.578
1.578
1.578
1.580
1.578
1.578
1.949
1.578
1.578
25.034
1.585
5.681
2.814
1.589
1.578
1.578
1.578
1.602
1.578
1.582
1.578
17.944
1.612
1.578
1.578
1.578
17.380
1.578
1.578
23.576
1.578
1.578
1.578
1.578
1.578
1.578
1.578
1.578
1.578
1.576
1.576
2.051
1.576
1.576
1.601
2.759
1.576
1.576
16.842
1.576
1.581
1.576
1.674
1.576
1.787
1.576
1.576
1.576
1.576
1.576
1.576
1.582
1.576
1.576
1.576
1.576
1.576
1.576
1.576
1.589
1.576
1.577
1.576
8.447
1.576
1.703
5.704
1.576
1.600
1.604
1.576
3.117
1.623
1.576
3.430
1.576
1.576
1.576
13.421
1.575
7.457
1.575
1.575
1.575
1.575
1.721
1.575
1.575
1.575
1.578
1.607
1.575
1.575
1.575
1.575
1.575
11.118
1.575
1.575
1.575
1.575
1.575
1.575
1.586
1.588
1.575
1.575
1.575
1.575
1.575
1.613
1.575
1.575
18.058
1.579
1.575
1.575
1.575
1.575
1.575
1.575
1.575
1.575
1.575
1.575
1.590
1.575
1.730
1.575
1.599
1.613
2.731
1.575
1.575
1.575
1.575
1.575
1.575
1.575
1.758
1.575
1.575
1.575
6.195
1.575
1.575
1.575
1.576
1.612
1.575
1.626
1.575
1.575
1.575
2.594
1.575
1.575
1.575
1.575
1.575
1.575
1.572
1.572
1.572
1.573
1.585
1.572
1.572
1.572
1.572
1.572
1.570
1.636
1.570
1.570
1.592
1.570
1.605
1.570
1.570
1.566
1.566
1.566
1.566
3.968
1.566
1.596
23.578
1.566
1.566
1.566
1.566
1.566
11.316
1.574
1.566
1.577
5.848
1.616
1.566
1.566
1.566
4.094
1.572
24.137
1.580
1.566
1.576
1.566
23.683
1.566
1.566
1.566
1.566
1.566
1.566
1.569
1.566
1.566
1.743
3.116
1.566
1.680
1.587
1.566
1.566
1.567
1.566
1.624
1.566
1.567
1.566
1.566
1.566
24.949
1.566
1.566
1.566
1.572
1.566
1.932
1.566
1.566
1.575
5.615
1.568
1.566
1.567
1.563
1.624
1.591
1.563
1.610
1.563
1.563
1.573
1.563
1.563
1.570
1.563
1.565
1.563
1.563
8.183
1.563
1.563
4.226
1.563
1.563
1.571
1.563
2.989
1.563
1.563
1.563
1.563
1.588
1.591
1.563
1.563
1.563
1.563
1.563
1.563
1.563
1.563
1.563
1.587
1.566
1.563
2.001
1.563
1.563
1.962
1.563
1.563
1.563
24.975
2.537
1.563
1.563
1.600
1.569
1.564
1.563
1.563
1.563
1.715
1.561
1.561
1.561
9.672
1.595
1.567
2.850
1.561
1.561
1.561
1.561
1.562
1.561
1.561
1.561
1.561
1.561
1.562
1.561
1.561
1.561
1.561
1.561
1.561
1.565
6.581
1.570
1.689
1.561
1.561
1.561
1.561
1.561
1.561
24.328
1.561
1.561
1.561
1.593
9.100
1.561
1.561
1.561
1.699
1.561
1.561
1.561
1.600
12.164
1.561
1.561
1.561
1.561
1.561
1.561
1.561
1.561
1.561
1.584
1.561
1.561
1.561
1.561
1.596
1.561
1.561
1.613
1.598
1.561
1.561
1.573
1.573
1.561
1.561
1.561
1.588
19.572
1.561
1.560
1.560
1.560
1.560
1.560
8.418
1.560
3.647
1.560
11.764
1.554
4.970
1.554
1.554
1.554
15.769
1.554
4.753
1.578
1.554
1.554
1.554
2.736
1.554
1.554
1.554
1.618
1.554
24.986
18.783
1.618
1.554
1.554
5.307
1.554
5.959
1.881
1.646
1.578
1.559
1.740
1.605
1.554
1.554
22.818
1.554
1.554
1.600
1.631
1.554
1.554
24.906
2.871
1.629
1.568
1.554
1.554
1.708
1.554
1.607
1.554
1.570
1.554
11.189
11.549
13.229
1.554
1.553
1.553
1.553
1.553
1.553
1.553
1.553
2.050
1.553
1.553
1.553
1.632
1.559
1.552
1.552
1.552
1.565
1.607
1.552
2.308
1.552
1.552
1.552
1.552
1.552
1.552
1.552
1.552
1.552
1.626
1.552
1.552
1.552
1.615
1.554
1.552
1.552
1.552
1.552
15.869
1.618
1.552
1.552
1.552
1.552
1.553
1.552
1.574
1.552
1.552
1.559
2.735
1.566
1.548
1.551
1.548
1.548
1.548
1.548
1.562
1.548
1.548
1.548
1.548
1.562
1.548
1.548
1.548
12.516
1.548
1.548
1.548
1.548
1.594
1.549
2.770
1.548
1.548
1.560
24.708
1.546
1.565
1.546
1.546
1.550
1.546
1.546
1.606
1.708
1.666
1.546
1.546
1.546
1.546
1.546
1.546
1.546
1.621
1.630
2.173
11.146
1.546
20.862
1.546
1.545
1.545
1.545
1.559
1.545
1.545
1.545
14.079
1.545
1.593
5.098
1.545
1.547
1.545
2.891
1.545
1.545
1.547
1.545
1.545
1.545
1.627
1.545
1.547
1.545
5.085
1.545
1.657
1.545
8.544
1.545
1.547
1.659
1.625
1.545
1.545
1.545
1.545
20.441
1.545
24.959
4.390
15.070
17.925
1.545
1.545
1.545
1.579
1.545
1.687
1.545
1.616
1.685
1.580
1.545
1.575
1.578
1.657
9.704
1.545
1.547
20.460
1.557
1.545
1.545
1.545
1.545
1.758
1.543
1.630
1.543
1.543
1.543
12.045
1.543
1.543
1.543
1.543
1.543
1.543
1.543
11.578
1.543
1.622
1.543
1.543
1.598
1.543
1.543
1.623
1.543
1.548
13.380
1.549
1.543
1.543
1.543
1.543
1.543
1.926
1.543
1.543
1.543
1.543
1.543
1.543
1.653
1.543
1.543
3.532
1.543
1.543
1.567
1.543
1.587
1.543
1.551
1.543
19.158
1.543
24.951
1.543
13.966
1.543
1.543
1.543
1.556
1.543
1.608
1.543
3.441
1.542
1.542
1.542
1.542
1.542
1.542
1.548
1.542
1.547
1.542
1.542
1.542
24.330
1.542
1.542
1.829
1.542
1.542
1.542
24.942
1.542
12.288
1.542
1.586
1.542
1.542
1.542
1.542
1.537
1.537
1.537
1.537
1.537
1.549
1.537
1.547
1.541
1.537
1.605
1.537
1.537
1.709
1.537
1.537
1.537
1.638
1.537
1.541
1.537
1.542
1.537
1.537
1.537
1.537
1.571
1.537
1.538
1.537
1.538
1.541
1.537
1.537
1.538
1.537
1.537
1.537
1.537
1.536
1.536
1.569
1.538
1.536
1.536
1.536
1.523
1.515
4.060
1.515
5.633
1.515
1.680
1.515
1.515
20.497
1.515
1.581
1.584
1.515
1.515
1.515
1.515
1.513
1.526
3.617
1.513
1.631
1.514
1.699
1.513
1.513
1.513
4.273
1.513
1.518
3.149
1.528
1.513
1.513
1.513
1.513
1.513
1.513
1.513
1.518
9.369
6.810
15.515
1.513
1.513
2.571
1.513
1.513
1.513
1.513
1.513
1.513
24.967
1.532
1.513
1.513
1.558
1.509
1.515
1.509
1.509
1.509
1.509
3.123
1.509
1.509
1.509
1.509
1.645
1.509
1.517
12.501
1.635
1.509
25.016
6.697
1.509
1.555
1.509
1.509
1.509
1.509
1.509
6.068
1.509
1.504
1.567
1.502
1.502
1.502
1.502
15.048
1.501
1.501
1.501
1.501
1.501
25.044
1.501
1.501
1.501
6.311
1.513
1.501
24.730
1.501
1.513
1.516
6.161
5.662
1.502
2.145
1.501
1.501
1.501
1.524
1.501
1.501
1.498
1.498
1.498
1.498
1.498
1.498
1.498
1.498
1.498
1.498
1.499
1.498
1.498
1.498
1.498
1.497
1.544
1.497
24.709
4.599
1.659
1.497
1.497
1.600
1.710
1.497
1.497
2.290
1.497
1.498
1.497
1.497
1.497
1.607
1.497
22.179
1.534
1.497
1.532
1.497
1.497
1.495
1.497
1.495
1.495
1.506
18.618
1.504
10.481
1.542
1.495
1.496
1.743
1.495
23.514
5.137
1.495
1.495
2.150
1.515
1.501
1.495
1.504
1.495
1.495
1.502
1.495
1.495
1.495
1.495
1.495
1.507
1.585
1.495
24.950
12.859
1.495
1.495
1.495
1.508
1.494
1.494
1.494
1.494
1.511
1.490
1.490
1.490
17.105
21.445
24.975
1.551
1.524
1.490
1.490
1.490
24.963
1.490
1.657
1.490
1.555
1.532
1.514
1.490
1.502
1.490
1.490
1.490
4.729
1.532
1.490
1.512
1.490
1.490
1.490
1.490
8.012
1.490
25.031
1.490
1.490
1.490
1.490
1.490
1.537
1.490
1.490
8.908
16.380
1.490
1.490
1.978
1.490
1.490
1.490
1.490
1.490
1.490
1.490
23.293
1.648
1.665
1.490
1.490
1.620
1.490
16.799
1.490
1.489
1.489
1.489
1.517
5.221
1.495
1.489
1.489
1.489
7.687
1.489
1.489
16.204
1.489
1.489
1.489
1.489
1.489
1.489
1.491
1.489
1.489
2.576
1.489
1.489
1.489
1.489
1.489
1.490
1.489
1.489
21.800
1.604
1.489
1.489
1.518
1.489
1.489
1.489
4.719
2.490
1.494
1.489
1.827
1.489
1.489
1.489
1.483
1.483
15.129
1.483
1.483
22.632
1.531
1.624
1.483
1.483
1.483
1.483
21.894
9.427
1.490
1.483
1.816
1.483
1.483
1.483
1.483
1.483
1.483
1.483
1.483
1.483
6.104
5.484
18.888
1.483
1.483
1.483
1.496
19.024
1.483
1.483
1.482
1.482
1.482
1.482
1.494
1.482
1.482
1.482
25.050
1.620
24.951
1.490
1.948
1.482
5.489
1.541
1.482
5.212
1.482
23.033
1.482
1.482
1.482
1.482
1.482
1.482
1.482
1.482
1.566
1.482
1.489
1.482
1.482
1.483
1.482
1.482
20.165
1.482
1.486
1.482
3.157
1.482
1.538
1.482
1.482
1.555
1.482
1.482
1.483
1.482
1.482
1.482
1.482
1.482
22.637
3.458
1.482
1.482
1.482
1.545
1.482
1.482
1.482
2.041
1.482
1.482
5.638
1.482
1.503
1.482
1.482
1.482
1.482
1.481
1.481
1.481
4.221
1.481
2.493
1.481
1.481
1.560
2.058
1.481
1.498
1.483
1.481
22.881
1.481
2.015
1.481
1.481
1.553
1.481
1.481
1.481
1.481
1.481
1.481
1.481
1.481
1.482
1.536
1.481
1.481
1.481
1.481
1.601
19.680
1.481
1.555
5.540
1.773
1.481
2.360
1.481
1.481
25.081
1.542
1.481
1.481
1.481
1.481
6.875
11.961
1.556
1.481
1.481
1.481
1.479
1.479
19.402
1.479
1.479
1.602
1.554
1.479
1.480
1.651
1.479
1.521
1.480
1.479
1.573
1.506
1.490
1.479
1.479
1.479
1.479
1.479
16.869
1.479
8.947
1.479
1.479
1.479
3.468
1.479
1.479
1.479
1.479
1.479
1.479
1.479
1.479
1.479
1.502
1.479
1.479
1.479
11.804
1.479
1.479
1.479
20.407
1.479
1.554
1.483
14.836
1.551
17.593
1.479
3.281
12.009
1.479
18.903
1.479
2.906
1.479
1.653
1.479
1.479
1.539
1.479
1.479
25.043
1.479
1.482
1.479
1.479
3.503
1.479
1.601
1.481
10.910
1.479
24.829
1.479
1.479
1.479
1.479
1.504
1.479
1.555
1.488
1.510
1.479
1.482
13.033
1.479
1.479
1.479
1.600
1.479
12.190
1.489
1.479
1.481
1.507
20.642
14.023
1.479
18.222
1.479
1.479
1.479
1.479
1.479
1.479
1.479
2.159
3.940
1.479
1.479
1.479
1.479
1.479
1.479
1.523
1.479
1.479
1.479
1.481
1.492
1.479
1.479
23.329
1.479
1.479
1.479
1.479
1.509
1.479
20.852
21.643
1.479
1.479
1.479
1.479
1.479
1.479
1.479
24.619
1.489
1.479
1.479
1.715
1.479
1.523
1.479
1.479
1.510
24.222
1.479
1.479
1.556
24.945
1.592
1.479
1.479
1.479
1.479
1.525
1.578
1.479
1.479
1.479
1.479
4.811
1.479
1.479
1.526
1.479
1.479
1.479
1.547
17.216
1.593
24.956
1.621
1.479
1.479
1.490
1.479
6.248
7.949
1.479
4.306
6.394
22.507
1.479
1.598
19.962
1.480
2.020
1.490
1.479
1.479
1.573
1.576
1.479
1.479
1.479
1.479
1.521
1.479
1.602
1.597
1.479
1.481
2.490
1.479
1.491
1.479
1.523
1.479
1.479
2.434
1.479
1.479
1.496
1.510
1.479
1.479
1.492
1.479
1.479
1.512
1.479
13.821
1.479
1.580
23.983
1.553
1.479
25.077
1.479
1.479
1.479
1.479
1.479
1.479
1.479
1.479
23.511
2.392
4.244
19.405
1.479
1.479
1.479
1.527
6.110
1.479
1.479
1.479
1.479
1.479
1.488
1.479
1.483
1.479
1.479
1.479
1.479
1.479
1.732
24.945
1.483
18.574
2.095
3.565
1.477
1.477
1.497
1.477
1.477
1.473
1.473
1.473
1.473
1.473
1.473
1.473
1.473
1.473
16.288
18.605
1.473
1.473
1.473
1.473
20.804
1.473
15.288
1.631
1.473
1.473
1.473
1.473
23.586
1.473
15.314
1.473
1.473
1.473
19.487
1.510
1.473
1.473
1.508
1.475
1.473
11.235
1.473
1.473
1.473
1.473
1.473
1.473
1.473
1.473
1.473
1.473
1.473
1.519
1.473
1.473
1.499
1.473
1.473
3.104
1.469
1.469
1.469
1.590
1.469
1.469
1.469
1.495
1.469
1.469
1.469
1.469
1.469
22.579
1.469
1.469
1.569
1.469
1.560
1.469
1.469
1.469
1.468
1.587
4.206
1.468
1.468
1.468
1.477
1.598
1.468
24.842
12.584
1.468
1.468
1.468
1.468
1.468
1.468
1.468
1.474
1.468
1.468
1.468
1.609
1.629
24.785
1.468
15.861
1.508
1.468
1.468
1.468
1.468
1.468
25.049
1.468
1.468
1.468
3.100
3.061
1.484
1.468
24.870
1.468
1.468
1.468
1.482
1.468
1.506
4.903
1.468
1.468
1.476
1.468
1.468
1.468
1.468
1.468
1.468
1.511
1.468
1.522
2.665
1.468
1.468
1.468
1.468
1.584
1.468
1.465
1.468
1.465
17.378
1.465
1.465
1.465
1.465
3.257
1.564
1.551
1.465
1.465
1.465
1.466
1.465
1.465
1.465
19.501
1.465
1.465
1.465
1.465
1.618
1.465
1.465
22.074
1.465
1.724
1.465
1.531
6.352
1.465
1.465
1.465
1.541
1.594
2.196
10.722
8.339
1.465
1.477
1.465
1.465
1.615
1.465
1.465
1.465
1.465
1.498
1.465
1.486
3.421
1.465
1.465
1.465
1.465
1.465
1.472
1.465
24.986
1.465
1.465
1.465
1.465
1.465
1.465
1.650
1.465
1.465
3.366
1.465
23.117
1.465
1.465
1.465
1.483
1.543
1.488
1.465
1.465
1.465
1.513
1.465
1.465
1.465
1.632
24.285
1.465
1.465
16.501
1.465
25.066
1.465
1.465
1.465
1.566
1.465
1.465
1.593
1.465
1.465
1.466
1.465
1.465
5.226
6.366
15.969
1.465
1.465
1.465
1.465
1.465
1.465
1.465
1.465
13.757
1.465
1.606
14.987
24.381
1.465
1.465
1.465
1.465
1.465
1.465
1.465
1.465
1.658
1.465
1.465
5.738
1.516
1.465
1.542
1.465
1.465
1.465
1.465
1.465
1.465
25.048
1.465
1.465
1.465
1.465
1.484
1.465
1.465
1.556
1.465
1.465
1.465
1.465
1.499
1.465
9.105
1.465
1.509
1.465
1.465
1.463
19.908
1.463
1.599
1.463
1.793
1.504
1.479
1.463
1.463
1.463
1.488
3.391
14.625
1.463
1.512
3.393
1.463
1.463
23.312
1.555
1.463
1.501
1.463
1.463
1.463
1.501
1.506
1.463
1.463
1.463
1.463
1.463
1.593
1.463
1.463
1.544
1.463
1.463
2.371
1.463
14.388
1.463
1.463
1.463
1.463
1.463
1.463
1.463
1.463
12.295
1.463
1.463
14.875
1.463
1.527
1.463
9.673
1.556
1.463
1.463
1.463
1.472
3.369
1.463
7.576
1.463
1.463
1.463
1.463
1.882
1.463
1.463
1.463
1.463
1.463
1.463
1.463
1.483
1.463
1.747
1.464
1.604
19.497
1.463
1.463
1.463
1.463
1.463
1.506
1.463
1.474
1.463
1.463
1.496
1.463
22.185
1.463
1.599
1.463
1.463
1.464
1.463
1.463
1.463
1.489
24.618
1.463
1.463
1.465
1.463
2.229
1.463
1.463
1.463
1.463
9.463
13.063
1.463
1.463
1.487
1.519
1.463
1.465
2.007
1.463
4.515
1.463
1.463
1.465
3.796
1.463
1.463
1.463
1.463
1.795
1.463
1.468
1.471
1.463
1.463
1.463
1.463
1.458
1.458
1.458
1.458
1.458
1.458
1.482
1.458
1.458
1.458
1.467
1.458
1.458
1.502
1.458
6.195
1.593
5.736
1.458
23.565
1.458
1.458
1.576
1.458
1.458
1.560
1.458
1.458
1.458
1.458
1.515
1.458
1.648
1.458
1.458
1.458
1.458
1.923
1.458
1.466
1.465
1.458
1.458
1.455
1.455
24.827
1.455
1.475
1.455
1.455
1.601
1.455
1.455
1.455
1.455
1.455
1.455
1.498
1.455
1.455
1.455
1.453
1.453
1.453
24.552
1.453
11.606
1.453
1.453
1.453
1.451
1.451
1.451
5.311
1.454
1.451
1.451
1.451
1.726
1.619
1.471
1.451
5.078
1.451
1.451
1.566
1.516
24.924
1.451
1.451
1.451
8.483
1.451
1.451
1.451
1.451
21.273
1.612
1.453
1.451
1.451
1.462
1.460
1.451
1.539
1.451
1.450
1.450
1.478
1.450
25.051
1.450
1.450
1.450
1.450
1.450
1.450
1.450
2.761
1.450
1.450
1.450
1.450
1.450
1.450
6.873
1.450
2.042
1.510
1.471
1.450
1.450
1.450
1.450
1.460
19.424
1.450
1.538
1.450
1.448
1.448
1.448
1.448
1.448
1.448
1.448
1.448
17.228
9.340
1.448
2.851
1.448
18.079
1.534
1.448
1.448
1.448
1.448
1.448
1.448
1.448
1.448
1.448
1.448
1.618
1.448
1.448
1.551
1.448
24.807
1.448
1.448
1.448
1.448
1.448
1.448
1.544
1.448
1.448
1.449
1.448
1.448
2.242
8.419
1.536
1.448
1.448
1.448
2.287
1.448
1.448
24.316
1.448
1.448
1.448
4.326
1.448
1.448
18.726
1.448
1.448
5.205
1.448
1.448
1.448
1.448
1.448
1.448
2.953
1.448
22.226
1.448
1.515
1.448
1.450
1.448
1.480
1.448
1.449
20.221
1.448
5.732
1.448
1.448
1.448
1.447
1.447
1.447
1.445
1.445
1.445
1.445
1.445
1.445
1.445
1.445
1.445
1.445
1.445
1.445
1.445
1.445
1.445
1.445
1.447
1.496
1.456
4.440
1.445
1.445
1.445
1.445
1.445
1.709
1.445
17.643
1.445
1.443
1.443
1.443
1.443
1.443
1.443
25.048
1.443
1.452
1.443
1.547
1.443
23.816
1.443
19.378
1.443
1.443
1.443
1.443
1.484
1.443
1.443
1.443
1.443
22.732
1.443
1.443
1.536
1.443
18.566
1.570
1.444
1.465
1.448
1.443
1.456
1.443
1.443
1.443
1.443
1.443
1.597
1.484
1.475
1.511
1.443
1.443
1.515
1.443
1.443
1.443
1.443
1.443
1.443
1.454
1.443
1.443
1.443
1.443
1.443
1.443
10.718
1.523
1.443
3.196
1.518
1.447
1.443
1.450
1.459
1.443
1.443
1.539
1.443
1.443
1.443
1.443
1.443
1.458
13.531
1.443
1.557
1.443
1.443
1.443
1.481
1.443
1.442
18.046
1.442
1.475
23.176
1.442
23.772
8.492
1.491
1.442
1.442
1.442
1.442
1.442
1.442
1.442
1.442
1.442
1.526
1.442
2.650
1.442
1.505
1.444
1.442
1.442
1.485
1.442
1.442
1.442
8.600
1.442
1.477
1.442
1.591
3.908
1.442
1.442
1.442
1.442
1.441
1.441
24.243
1.489
1.441
1.441
22.375
1.441
1.441
1.441
1.564
25.012
1.491
1.441
4.173
1.441
4.268
1.508
13.814
1.441
1.510
1.560
1.441
1.441
13.426
1.481
1.441
1.441
1.449
1.441
22.326
1.441
1.441
1.449
1.441
11.625
1.442
1.441
1.549
1.441
1.441
1.441
1.441
10.707
2.506
1.595
1.441
1.503
1.441
1.527
1.441
1.441
1.441
1.530
1.441
1.442
1.441
1.441
1.441
1.441
1.441
1.441
1.441
1.441
2.929
1.497
1.442
1.441
1.465
1.441
1.488
2.404
1.441
1.525
1.441
1.679
1.441
1.441
1.441
1.554
1.451
1.441
4.224
1.452
10.077
1.441
11.542
1.442
1.636
1.474
1.441
1.441
3.708
1.441
1.457
1.441
1.441
23.484
1.441
22.050
1.441
1.441
23.297
1.440
1.440
24.925
1.505
1.440
1.440
1.440
1.440
1.440
1.440
1.440
1.440
1.440
1.440
2.278
1.440
23.254
1.440
1.440
1.446
1.440
1.461
1.448
1.491
1.440
1.562
1.442
1.440
1.579
1.460
2.165
4.192
1.440
1.440
1.547
1.440
1.440
1.440
1.440
24.981
1.440
1.440
1.440
1.440
1.440
1.440
1.440
5.675
1.475
1.440
1.440
1.522
1.584
1.440
1.508
20.753
1.593
1.440
1.639
1.446
1.597
1.449
21.193
1.445
1.440
4.913
6.513
1.440
1.440
15.980
1.585
1.452
1.440
1.441
1.440
1.440
1.440
1.589
1.440
1.440
1.541
1.440
1.457
1.440
1.455
1.559
1.688
10.112
1.440
11.512
1.440
1.546
1.440
1.440
22.189
23.781
1.440
1.440
1.440
1.440
9.800
1.440
1.440
1.462
1.440
1.446
1.440
1.459
1.440
1.440
1.440
1.467
1.440
1.718
1.440
1.440
20.810
1.440
1.440
1.440
1.440
1.440
1.440
1.440
1.440
1.440
18.746
1.440
1.440
1.441
1.440
1.440
1.453
1.440
16.967
1.440
1.440
1.440
1.462
3.926
1.637

Results for SA
Target: Iris-versicolor: 
Correctly classified 147.0 instances.
Incorrectly classified 3.0 instances.
Percent correctly classified: 98.000%
Training time: 33.067 seconds
Testing time: 0.004 seconds

