-i 10000 -algo sa -alpha .85 
Iterations: 10000
Cooling alpha: 0.85

Error results for SA
Target: Iris-versicolor
---------------------------
16.596
16.596
16.967
16.996
16.996
16.996
17.896
17.904
17.904
17.908
17.871
18.191
18.182
21.100
21.103
21.120
24.482
24.482
24.602
24.253
21.611
21.607
21.611
22.947
21.808
21.808
21.799
21.762
21.764
21.764
21.764
21.583
21.039
21.037
21.077
21.177
18.099
17.958
17.957
17.972
17.973
17.972
17.973
19.655
19.701
19.811
19.781
19.780
19.780
21.975
18.491
18.491
18.474
16.778
16.778
16.790
16.789
16.789
16.789
16.790
16.789
20.649
20.649
20.515
20.493
20.511
20.511
20.502
16.655
15.216
15.221
15.228
15.197
15.189
15.189
15.187
15.187
16.505
16.506
16.506
16.506
17.354
16.857
16.857
16.859
17.488
17.488
17.488
17.488
17.491
17.495
17.627
18.495
18.504
18.480
18.169
18.213
18.218
18.218
18.220
19.576
18.664
18.131
18.134
18.134
18.982
18.982
18.982
18.269
19.883
19.883
19.862
19.862
19.877
20.868
21.070
21.049
22.143
22.143
22.143
22.583
22.610
22.610
22.621
22.875
22.852
22.854
22.678
23.175
23.156
23.156
23.152
23.188
23.188
23.188
23.188
23.188
23.188
23.187
23.187
23.187
23.187
23.198
23.093
23.129
23.129
23.129
23.128
23.094
23.094
23.071
23.071
23.071
23.071
23.071
23.399
23.399
23.400
23.400
23.400
23.711
23.711
23.723
23.723
23.723
23.723
23.826
23.826
24.104
24.108
24.391
24.393
24.307
24.307
24.307
24.288
24.308
24.308
24.253
24.253
24.140
23.913
23.927
23.927
23.363
23.363
23.362
23.362
23.362
23.781
23.781
23.781
23.775
23.903
23.903
23.987
24.008
24.103
24.107
24.107
24.372
24.372
24.374
24.384
24.394
24.393
24.393
24.393
24.393
24.393
24.393
24.393
24.610
24.325
24.388
24.397
24.400
24.397
24.397
24.538
24.397
24.397
24.397
24.397
24.397
24.397
24.395
24.395
24.325
24.325
24.478
24.331
23.947
23.707
23.707
23.707
23.699
23.841
23.699
23.683
23.683
23.683
23.683
23.662
23.662
23.661
23.795
23.657
23.657
23.657
23.657
23.657
23.657
23.660
23.657
23.642
23.642
23.642
23.656
23.642
23.638
23.638
23.653
23.638
23.637
23.637
23.638
23.631
23.235
23.235
23.235
23.235
23.798
23.210
23.210
23.077
23.352
23.077
22.202
22.202
22.202
22.201
22.159
22.197
22.226
22.872
22.173
22.157
22.299
21.483
21.516
21.483
21.468
22.563
21.469
21.478
21.438
21.438
21.252
21.252
21.253
21.216
21.216
21.219
22.004
20.229
20.229
20.229
20.229
20.229
20.229
20.229
20.229
20.308
20.229
20.229
19.166
19.166
19.191
18.955
18.989
18.943
18.943
18.943
18.950
18.943
18.966
18.943
18.489
18.965
18.489
18.489
18.353
18.353
18.353
17.637
17.637
18.718
17.684
17.636
17.202
17.202
17.202
18.015
17.202
17.394
16.616
16.621
16.540
16.540
16.540
16.540
16.610
16.540
16.525
16.658
16.544
16.525
16.504
16.513
16.504
16.504
16.504
16.504
16.567
16.504
16.504
16.504
16.504
16.504
16.504
16.527
16.505
16.871
16.511
16.545
16.504
15.967
15.967
15.967
18.810
15.839
15.839
16.108
15.839
15.703
15.664
15.664
15.664
15.664
15.755
15.664
15.663
15.664
15.649
15.651
15.653
15.620
15.938
15.615
15.621
15.615
17.676
15.615
15.615
15.615
15.680
15.543
15.543
15.947
15.543
15.543
17.082
15.543
15.470
15.452
15.461
15.452
15.462
15.829
15.465
15.520
16.086
15.323
15.328
15.548
15.315
15.315
15.268
15.308
15.269
15.889
15.270
15.245
15.245
15.245
15.237
15.227
15.227
15.642
15.233
15.228
15.227
15.227
15.225
15.236
17.073
15.225
15.225
15.355
15.234
15.225
14.934
15.105
14.913
14.913
14.913
14.913
15.950
16.215
15.068
15.655
14.913
14.947
14.913
14.913
14.913
14.913
14.913
14.911
14.911
14.912
14.911
14.911
14.911
14.939
14.911
14.911
15.224
14.911
14.911
14.911
14.719
14.719
15.683
14.719
14.732
14.719
14.719
14.718
14.737
14.718
14.718
14.690
14.690
14.690
15.177
14.690
14.690
14.599
14.599
14.602
14.576
14.480
14.480
14.480
14.480
14.480
14.480
14.480
14.480
14.480
14.503
14.480
14.469
14.467
14.467
14.561
14.467
14.467
14.469
14.564
14.467
14.581
14.502
14.824
15.364
14.467
14.717
14.640
14.377
14.490
14.356
15.761
14.896
14.508
14.356
14.361
14.400
14.356
14.356
14.446
14.356
14.357
15.119
14.689
14.620
14.409
14.292
14.281
14.387
14.281
14.281
14.544
14.281
13.849
13.849
13.849
13.971
13.908
13.849
13.950
14.622
13.616
13.234
13.266
13.550
13.234
13.417
13.182
13.182
13.182
12.871
12.871
12.871
12.871
12.871
12.871
12.871
12.871
13.269
13.081
13.069
12.871
12.871
13.211
12.974
14.016
13.223
12.986
12.871
12.871
14.610
19.670
12.921
12.856
12.915
12.856
12.856
12.856
12.823
12.921
13.105
12.823
12.921
14.040
12.826
12.823
12.823
13.097
12.781
12.781
14.458
12.781
12.781
12.781
13.207
13.411
12.781
12.781
12.804
13.038
12.781
12.939
12.781
12.977
13.182
12.991
12.781
12.674
13.530
12.674
13.245
12.906
12.518
12.518
12.509
12.509
12.490
12.490
12.658
12.513
12.937
12.180
12.180
12.180
12.180
12.180
12.755
16.151
12.215
12.260
12.332
12.180
12.261
12.180
12.723
12.496
12.180
12.194
12.180
12.180
12.123
12.118
12.118
14.597
12.118
12.158
12.130
12.118
13.104
12.118
12.118
12.145
12.111
12.111
12.197
12.111
12.272
12.337
12.111
12.479
12.475
12.205
15.285
12.111
12.111
12.111
14.988
12.111
12.111
14.980
12.111
12.111
12.102
12.964
12.102
12.455
12.102
12.101
12.101
12.208
12.101
12.113
12.116
13.831
12.101
12.125
12.028
12.028
12.029
12.809
12.059
12.211
12.028
12.028
12.028
12.028
12.278
12.416
17.624
12.147
13.188
12.081
12.498
12.028
12.128
12.028
12.028
12.054
12.028
12.029
12.028
11.913
12.001
11.666
11.976
11.666
13.395
11.475
11.968
11.502
11.475
11.556
13.499
11.475
11.428
11.428
11.412
11.409
11.355
11.374
11.740
11.355
11.349
11.347
11.493
11.377
11.383
12.179
11.347
11.347
11.347
11.354
11.389
11.347
11.347
11.347
11.349
11.347
11.168
12.219
11.943
11.947
11.168
11.162
11.410
12.162
11.162
11.421
11.161
11.660
11.247
14.407
11.161
11.161
17.505
11.162
11.161
11.163
12.601
14.868
11.569
11.161
10.976
10.976
12.561
10.976
11.156
10.976
16.157
11.036
10.976
10.997
10.976
10.976
10.992
10.995
11.014
10.976
12.309
10.983
11.161
11.630
11.172
10.982
11.899
10.976
10.877
10.877
10.877
10.727
10.727
10.727
10.727
10.204
10.203
10.203
10.233
10.203
10.108
10.108
10.110
10.108
10.038
10.526
10.065
10.381
12.342
10.032
10.026
11.672
10.026
10.026
10.021
10.068
10.283
10.021
9.942
9.942
9.949
9.942
9.937
15.723
9.937
9.937
9.937
10.006
9.937
9.980
9.948
9.937
10.492
9.937
9.936
10.419
10.821
9.936
13.969
9.936
9.936
10.548
9.936
9.950
9.936
9.936
9.936
13.372
9.978
14.966
9.936
9.936
9.957
9.936
10.601
9.954
9.936
10.123
9.936
9.844
9.844
9.844
9.910
9.829
10.695
9.860
19.714
10.295
9.829
10.417
9.829
9.799
9.916
10.516
9.972
9.836
9.768
9.768
10.162
9.879
9.768
9.768
9.768
9.768
9.768
9.768
9.771
12.145
9.768
9.768
9.768
10.168
10.800
11.244
9.768
9.764
9.764
9.764
9.838
9.817
9.760
11.622
9.780
16.870
9.753
16.583
10.107
9.793
9.753
9.753
9.753
9.844
9.753
12.592
9.761
9.753
9.991
9.866
12.841
9.753
9.753
10.407
9.892
10.142
9.673
9.673
9.776
9.687
11.334
9.788
13.594
9.673
14.136
9.673
21.349
9.652
10.099
9.652
11.030
9.652
9.652
9.627
9.901
9.700
9.633
9.783
10.395
9.510
9.560
9.217
9.169
9.169
9.169
9.169
9.169
19.705
9.229
15.009
9.377
10.306
9.169
9.626
9.459
9.169
11.423
11.640
9.072
9.072
9.072
9.072
8.490
8.540
8.402
8.435
8.402
9.303
8.264
8.264
8.311
8.264
8.247
8.306
8.265
8.329
8.384
8.245
8.245
8.258
8.921
8.235
8.621
8.358
8.235
8.182
8.182
8.386
8.182
8.408
8.283
8.165
8.395
10.288
8.351
8.165
10.452
8.868
8.165
8.180
8.160
8.067
8.067
8.298
8.067
8.219
8.327
8.067
8.067
8.185
7.705
7.713
7.705
7.604
7.604
7.604
7.444
8.100
7.444
7.544
7.198
7.198
7.188
7.188
7.270
7.188
7.188
7.306
7.188
7.188
8.569
10.320
7.188
7.875
7.343
9.147
7.188
7.421
7.188
7.212
7.500
7.188
8.563
7.374
7.178
7.246
7.178
7.178
7.178
14.202
7.211
7.254
7.237
7.282
8.137
6.998
6.998
7.186
6.999
6.998
7.018
10.010
7.191
6.851
9.595
6.851
6.851
13.725
6.851
6.769
7.196
6.769
6.672
6.672
6.672
6.738
7.247
6.928
6.672
8.385
6.672
6.672
6.939
8.223
8.848
8.931
6.672
6.672
6.687
6.721
6.672
6.578
6.786
6.606
7.346
6.578
6.578
7.002
6.961
10.148
6.566
6.635
6.566
6.566
7.277
7.274
6.668
6.561
6.592
7.709
6.712
6.561
6.561
6.561
6.561
9.354
6.660
6.561
6.561
6.561
14.532
6.561
15.687
6.526
6.526
6.526
6.549
6.467
6.467
6.469
6.593
6.467
6.526
6.467
6.467
6.468
6.603
6.470
6.467
10.386
6.473
9.266
6.467
6.684
6.467
8.496
6.736
6.695
6.467
6.467
6.868
6.467
8.067
6.467
6.790
6.467
6.467
8.780
7.071
11.986
6.474
6.541
9.543
6.725
6.467
8.069
6.989
6.467
6.454
8.775
10.944
6.468
7.010
7.269
7.642
6.454
6.618
6.599
6.565
6.471
6.540
6.454
6.454
6.302
6.413
6.427
7.279
6.166
9.017
7.308
8.295
6.166
11.799
6.155
5.862
5.862
7.174
14.883
5.862
10.986
5.868
6.342
5.848
5.861
16.129
5.848
6.849
6.659
6.062
7.315
21.475
7.009
6.637
5.848
5.858
5.798
5.645
5.670
5.645
5.645
5.652
5.925
5.734
5.822
5.681
5.645
5.645
5.645
5.614
5.614
5.617
6.351
6.607
5.472
5.800
5.551
5.446
5.447
5.937
5.446
5.448
5.454
5.396
5.951
5.396
5.396
5.396
5.792
5.394
5.399
5.394
5.394
5.394
9.462
5.394
6.266
5.394
5.434
5.397
5.394
5.394
5.566
5.394
5.394
5.779
5.394
5.387
5.733
5.407
5.387
8.034
5.278
5.278
5.278
5.280
5.631
5.278
5.794
5.860
9.137
5.349
5.280
5.437
5.267
5.600
5.458
5.020
5.004
5.004
5.336
5.656
5.364
5.143
17.314
6.016
5.229
5.697
5.302
16.579
5.291
4.978
4.968
5.115
16.794
4.968
5.378
4.973
6.856
7.660
4.968
4.939
4.939
5.035
4.939
4.939
6.237
14.511
17.080
4.939
4.939
4.935
5.034
4.935
5.007
4.938
4.939
4.939
4.935
5.620
4.935
5.602
4.935
4.906
5.424
5.310
8.414
4.906
4.904
4.912
4.886
4.809
4.995
4.982
4.842
8.767
4.809
4.752
4.752
4.764
4.752
4.734
4.821
4.831
4.734
9.094
4.734
5.090
4.734
4.852
4.661
5.142
4.978
4.661
5.425
4.639
4.638
4.681
5.310
6.366
4.919
4.998
4.637
4.637
4.637
4.637
4.620
4.620
5.019
4.620
4.620
4.938
4.620
4.628
4.619
4.619
4.619
4.668
4.619
4.880
4.619
5.149
4.621
4.563
4.621
7.239
4.563
12.549
4.480
4.453
5.163
4.457
4.577
21.738
9.060
4.824
19.126
4.453
4.444
4.435
16.963
4.434
4.465
4.434
8.417
5.625
4.453
5.259
5.295
4.434
4.434
4.434
4.448
4.466
4.434
4.437
4.448
4.446
5.338
4.467
4.492
4.497
4.434
4.434
4.456
4.429
4.429
4.429
5.130
4.429
6.271
4.564
5.013
4.429
4.775
4.442
4.458
4.333
4.333
4.666
16.978
4.778
6.959
5.142
4.333
4.333
4.333
4.480
4.333
4.338
9.723
5.593
8.044
4.464
4.333
4.333
4.459
4.332
4.605
4.332
13.092
4.332
4.332
4.759
4.391
4.355
4.339
4.332
4.330
4.330
4.330
4.394
4.330
4.723
4.333
4.330
11.749
4.330
4.330
4.269
4.510
4.240
4.247
4.241
4.241
4.303
4.349
4.284
4.245
4.642
4.265
5.873
4.691
4.240
4.240
4.240
4.240
4.240
4.188
4.188
4.660
4.266
4.289
4.188
4.188
6.936
6.390
4.188
4.186
13.564
4.304
5.567
5.308
4.202
5.347
4.192
4.233
4.186
4.186
4.181
4.181
4.181
4.930
6.804
6.039
4.181
4.427
4.180
4.222
4.180
4.180
4.563
4.230
4.193
4.181
4.150
4.171
4.150
4.110
4.110
6.680
4.115
4.110
4.370
4.572
5.213
4.110
5.122
4.110
4.371
4.420
4.568
4.481
4.110
8.383
4.219
4.318
12.638
4.103
4.103
18.519
4.110
4.808
4.226
13.645
5.438
4.697
4.148
4.103
5.665
5.173
6.402
10.814
4.102
17.346
6.180
4.465
4.102
4.097
5.603
4.111
5.730
4.097
4.097
4.177
5.049
4.097
7.977
4.108
4.159
7.366
4.097
24.075
4.096
4.324
4.094
14.142
4.105
4.094
8.887
4.593
7.309
4.094
4.094
4.094
4.072
4.072
4.072
4.137
17.932
6.105
4.049
4.049
4.741
4.234
4.049
5.123
5.338
4.049
4.036
6.876
4.103
4.036
6.311
4.036
4.156
4.270
4.036
4.013
4.013
4.387
3.976
4.240
3.867
4.345
3.867
6.165
4.131
3.894
3.867
3.867
20.456
3.900
3.925
3.867
3.866
3.866
5.580
4.932
3.866
3.866
3.866
3.866
3.885
4.495
4.030
3.906
3.911
3.870
3.880
3.978
4.048
3.881
3.858
3.869
3.908
3.854
3.854
3.854
4.269
4.499
3.857
23.230
3.854
3.835
3.835
3.835
4.582
3.835
3.835
4.385
3.835
3.857
3.835
3.835
3.835
3.873
3.836
3.881
3.808
3.803
4.289
3.930
3.804
3.805
3.803
3.804
3.824
3.803
21.665
3.803
4.047
4.009
4.168
3.803
3.803
4.426
6.336
3.837
3.800
4.168
3.800
3.800
10.541
4.906
3.800
4.712
3.800
3.804
6.390
5.357
4.257
3.799
16.389
3.846
3.914
18.070
3.805
3.799
3.797
3.797
15.188
3.797
3.797
6.288
3.935
4.372
3.797
19.296
3.810
3.821
3.844
4.234
3.797
3.797
8.724
3.807
3.784
3.844
3.784
3.842
3.704
3.709
3.704
3.736
3.704
4.699
3.704
3.727
12.313
3.830
3.876
3.704
3.886
3.801
3.704
3.704
5.058
3.665
4.370
3.677
3.667
3.665
3.623
5.680
3.799
20.901
3.667
3.623
3.965
17.684
3.624
16.171
3.623
3.624
3.623
3.612
3.782
6.966
5.488
3.612
3.600
3.613
3.601
3.617
3.600
3.600
4.378
3.600
3.798
3.602
3.600
3.787
4.667
13.639
3.682
3.601
3.600
4.669
3.626
3.600
3.599
4.722
3.907
4.331
3.599
3.616
3.571
4.921
3.571
4.759
4.042
13.911
6.302
3.644
3.571
3.736
3.571
3.571
4.911
3.571
3.675
4.402
3.571
3.571
3.641
3.567
3.567
3.766
3.556
6.624
3.556
3.556
3.557
18.503
3.556
3.667
3.577
21.987
3.553
3.553
6.653
17.722
3.553
6.059
3.553
3.732
5.296
7.795
3.553
4.094
3.548
3.599
3.431
17.539
3.431
3.432
4.114
4.677
4.148
3.431
3.431
3.386
3.758
3.386
3.385
4.144
4.466
3.678
3.378
3.378
3.378
3.525
3.547
3.495
3.378
3.432
3.378
3.378
3.378
3.378
3.651
3.440
3.389
3.436
3.376
3.380
3.407
3.376
3.375
3.365
3.835
3.417
3.370
3.365
3.365
3.365
3.527
3.365
3.366
3.365
16.890
3.297
3.297
3.328
4.113
3.320
3.289
3.289
3.289
3.943
3.289
3.401
5.765
3.453
3.288
3.268
3.382
3.266
3.265
3.930
3.514
3.313
5.296
3.268
3.272
3.252
17.589
3.243
3.605
3.285
6.102
3.335
3.294
6.148
23.802
3.239
7.468
3.239
3.239
3.241
3.239
3.321
3.260
3.238
3.312
17.195
3.238
3.401
3.202
3.202
5.041
3.201
3.201
3.201
3.201
3.201
3.201
3.207
3.201
3.201
3.205
23.959
7.488
3.163
3.154
3.154
3.148
3.148
3.149
3.148
3.583
3.116
3.118
3.372
3.115
3.134
5.334
5.556
3.115
3.115
3.115
3.115
3.230
3.115
3.281
3.115
3.454
3.115
3.396
3.207
3.115
3.115
3.437
4.497
3.149
3.115
3.118
3.115
3.424
3.211
3.114
3.114
3.114
13.678
3.677
7.802
14.363
3.113
3.113
3.161
3.115
3.167
4.969
4.536
3.221
3.113
3.113
20.509
3.113
3.150
4.831
4.837
13.958
3.113
3.114
5.051
3.149
3.114
3.165
3.184
3.134
11.333
3.113
3.115
3.193
3.113
19.145
3.171
3.111
3.111
3.101
2.980
20.940
2.986
2.984
2.988
2.980
3.339
2.984
3.173
7.450
4.472
2.980
16.875
2.980
2.980
2.985
2.981
3.920
2.978
2.978
2.979
3.004
2.978
2.978
2.978
2.987
2.988
2.978
3.506
4.548
2.978
3.535
4.380
3.016
2.978
2.978
2.995
2.980
2.978
2.974
2.974
2.946
2.946
2.941
2.941
2.941
2.941
3.454
2.941
2.941
5.709
2.941
2.936
2.936
2.947
2.938
14.515
2.936
3.306
3.146
2.941
2.936
2.936
2.992
3.223
3.013
2.916
2.933
3.254
2.912
2.912
24.538
2.912
2.909
2.913
2.909
7.624
3.107
22.558
2.909
2.911
2.908
4.109
2.908
5.814
3.942
2.908
2.909
2.878
2.885
2.941
2.878
2.879
3.006
2.878
2.878
3.134
2.878
2.878
2.874
2.874
2.874
2.946
15.321
2.874
2.874
3.150
2.864
3.166
2.861
2.861
2.861
2.861
3.263
2.861
13.284
2.861
2.865
2.861
8.846
2.861
2.884
2.861
5.983
2.861
2.861
2.861
2.861
2.959
2.912
2.862
2.861
2.861
2.861
2.997
2.868
2.861
2.884
5.573
2.961
3.380
2.861
8.990
2.902
2.835
24.219
2.832
3.100
3.049
2.843
2.832
5.501
2.855
2.832
2.831
4.736
2.849
3.170
2.888
2.831
2.832
2.832
6.733
2.830
2.959
2.832
2.830
2.984
2.830
2.853
5.377
2.831
2.830
2.830
24.280
2.833
2.830
3.033
2.955
2.841
2.832
2.830
2.902
2.975
19.429
3.001
2.844
2.830
2.830
2.830
2.830
2.834
2.830
2.869
8.790
2.843
2.887
4.581
3.046
2.837
2.958
2.830
2.830
2.830
5.139
2.831
2.841
5.418
3.133
2.842
2.834
2.845
2.830
2.830
2.844
2.830
3.695
2.862
2.830
2.825
2.804
2.804
2.806
2.804
2.905
2.804
2.804
21.609
2.804
2.819
2.804
2.804
2.806
3.192
2.804
2.830
3.351
2.804
2.814
2.804
2.921
2.853
2.804
2.804
3.001
2.976
2.831
2.859
2.950
2.950
2.924
2.804
2.803
2.786
2.824
3.621
2.786
2.786
2.786
2.786
21.352
3.788
2.786
2.775
2.794
2.780
2.909
2.772
2.772
2.826
3.111
8.076
6.326
2.773
2.772
2.775
2.757
3.102
2.861
2.830
2.755
3.346
2.770
2.754
2.943
4.084
2.769
2.754
6.908
2.972
2.797
2.809
2.830
2.802
2.754
2.754
5.342
2.767
2.754
2.753
2.730
2.730
2.835
3.039
2.730
21.838
2.728
2.728
2.728
3.101
2.729
2.728
2.827
2.728
4.327
2.759
2.897
2.788
2.728
2.728
2.728
7.515
2.728
2.728
24.416
2.850
15.476
3.054
2.731
6.858
2.728
2.952
2.690
2.711
3.482
2.696
2.752
2.690
2.690
2.690
2.690
2.797
2.789
2.685
2.726
2.696
2.976
2.685
2.685
2.700
2.789
2.836
2.685
2.695
3.287
2.685
2.687
2.859
3.004
18.937
2.685
2.685
2.697
2.901
2.742
2.712
4.181
2.685
2.702
2.685
2.685
2.685
3.364
3.092
2.685
2.685
2.754
2.703
2.700
2.725
2.685
2.706
2.685
2.685
2.685
3.009
2.702
2.736
2.763
2.685
2.958
4.952
2.685
16.235
2.669
2.836
2.695
3.333
4.671
4.672
2.826
2.689
2.715
2.671
3.275
2.680
2.844
2.669
2.695
2.668
2.668
2.667
2.968
2.667
2.680
2.667
2.670
2.652
3.621
21.928
2.652
2.652
2.627
2.627
4.071
2.706
2.669
2.849
2.637
3.070
5.268
19.976
2.627
2.637
2.914
2.627
2.645
2.627
2.627
2.627
6.079
2.635
2.627
2.637
2.711
2.626
2.749
2.631
2.671
2.627
2.626
2.626
2.626
2.626
2.626
2.649
2.775
2.912
2.624
2.673
2.624
2.624
2.636
2.622
2.818
2.622
2.631
3.302
3.010
2.622
2.622
2.626
2.622
2.622
19.522
2.622
8.331
2.622
2.622
2.623
2.622
2.732
2.617
2.695
2.617
2.617
24.476
2.617
2.620
2.617
2.616
2.652
3.680
2.621
2.675
2.617
2.627
2.616
2.616
2.616
2.628
2.677
2.616
5.944
2.622
2.616
2.616
2.616
2.616
2.616
2.799
2.623
2.808
2.684
2.616
2.616
3.903
2.618
2.616
2.693
2.616
5.725
2.616
6.509
2.616
2.616
3.774
2.616
2.608
2.608
2.624
2.632
2.608
2.578
2.899
2.551
2.551
15.334
2.699
2.551
2.551
2.865
2.551
2.551
2.792
2.551
24.277
2.564
2.551
2.535
2.965
2.680
2.535
2.736
2.535
3.178
2.528
2.528
2.888
23.195
2.542
2.528
2.528
2.595
2.588
2.526
3.010
2.527
2.526
2.519
2.817
2.564
2.683
2.519
2.523
2.520
2.518
2.518
2.518
2.516
2.871
2.513
5.817
2.513
2.513
20.722
2.513
2.673
2.515
2.514
5.293
2.513
2.513
2.513
2.513
2.513
2.510
2.515
2.653
2.507
2.509
2.577
2.507
2.507
2.507
2.514
2.748
2.507
4.578
4.163
2.506
2.577
8.951
2.636
2.575
2.506
2.506
2.803
5.280
2.506
2.500
3.349
2.677
2.500
2.510
2.497
2.501
2.497
2.538
2.588
2.497
2.499
2.503
2.489
2.489
2.489
18.064
2.489
2.502
2.489
2.494
8.150
2.583
2.807
2.598
2.537
4.342
18.404
2.489
2.489
2.515
2.489
2.489
2.489
2.656
2.502
20.236
2.489
5.008
2.601
2.460
2.459
2.463
2.459
2.531
2.460
2.459
2.537
3.299
2.681
3.203
2.520
2.459
2.459
2.459
2.459
2.523
2.459
2.459
2.459
2.459
2.459
2.554
2.558
2.458
2.458
2.458
2.459
2.456
2.456
2.449
2.449
2.463
2.454
2.580
13.669
2.449
6.040
2.449
2.449
2.580
2.456
2.477
2.449
2.532
2.526
2.449
2.449
2.449
2.449
13.805
2.449
2.507
2.454
4.816
2.460
2.449
2.449
2.449
2.449
22.122
2.449
2.449
5.199
2.496
4.724
2.449
2.449
2.479
2.577
2.449
16.338
2.449
22.763
2.632
2.537
4.819
4.096
2.448
2.665
2.588
2.448
3.883
22.903
2.448
2.448
5.837
3.973
2.758
2.478
2.448
2.459
2.448
2.550
2.450
3.741
2.619
2.448
2.448
2.797
2.448
3.620
2.448
2.737
23.308
5.216
2.448
2.448
4.071
2.449
2.511
2.448
3.430
3.122
2.495
2.507
2.448
2.445
2.431
6.625
2.594
2.433
14.478
5.946
24.423
2.431
2.431
2.492
2.444
2.431
2.431
2.431
5.159
2.431
2.437
2.674
5.991
2.432
22.036
2.584
2.545
2.515
3.739
2.431
2.431
4.725
2.434
2.440
2.431
2.441
2.436
2.733
4.714
2.460
2.431
2.448
2.435
2.519
2.432
2.431
2.431
2.438
2.431
2.948
2.431
2.551
2.431
2.431
2.431
2.463
2.494
2.431
2.441
2.431
2.428
2.428
5.324
2.429
2.428
2.429
18.442
2.436
2.428
2.969
2.429
2.428
2.436
2.444
2.428
2.438
2.551
2.428
2.436
2.431
2.429
3.184
2.468
9.321
2.436
3.714
2.428
2.723
2.475
4.601
2.433
2.426
3.815
3.780
2.384
2.384
2.384
2.439
2.414
2.384
2.384
2.384
2.437
3.741
2.481
7.698
2.381
2.380
2.754
2.390
2.390
2.380
2.472
2.416
2.380
2.420
2.402
2.660
2.380
2.403
21.616
4.267
2.380
2.376
3.667
2.492
2.379
5.457
2.376
2.376
5.078
4.373
2.460
2.376
2.394
2.618
4.448
2.387
2.387
2.653
2.376
2.388
2.376
2.383
2.376
2.376
2.376
2.376
2.403
2.376
2.509
2.376
2.376
2.376
2.376
2.684
2.580
2.415
3.005
2.452
2.376
6.983
2.376
2.376
2.376
2.373
2.390
2.373
4.883
2.373
2.380
2.415
2.373
4.479
2.536
22.132
2.396
2.454
2.373
2.373
22.235
2.369
2.376
2.437
2.395
2.617
2.369
2.369
2.369
2.369
2.407
2.398
4.773
2.369
2.369
20.662
2.369
2.417
2.369
2.369
2.369
2.369
2.381
2.369
2.369
2.872
2.461
2.418
2.383
2.368
2.368
2.436
2.368
2.557
2.368
2.479
3.197
2.368
2.368
2.438
2.368
2.381
2.508
2.411
2.368
2.383
2.368
23.938
2.368
2.454
2.368
2.368
2.368
2.425
3.530
2.368
2.377
4.993
2.368
2.368
2.368
2.368
2.452
2.368
3.305
2.436
2.368
2.368
2.368
2.391
2.371
2.371
2.368
2.368
2.368
2.368
2.368
11.587
2.368
2.431
2.368
2.368
19.797
2.368
2.456
2.645
2.368
2.631
2.668
2.494
2.382
2.394
2.380
2.368
2.368
2.368
2.370
2.635
2.368
2.536
2.368
2.439
2.368
2.367
2.367
2.367
2.367
2.372
2.367
2.367
22.205
3.128
2.367
2.364
2.364
2.373
2.452
2.362
2.778
2.363
2.384
2.429
4.169
9.761
2.460
2.469
2.362
2.519
2.362
2.362
2.362
2.362
2.362
2.362
2.499
2.362
2.363
2.362
2.392
2.460
2.441
7.376
2.378
2.472
2.362
2.390
2.471
2.362
2.362
2.464
2.362
12.663
2.418
2.390
2.362
2.493
2.679
2.362
2.362
2.362
2.362
2.402
2.373
2.362
2.409
3.362
2.362
10.427
2.362
2.479
3.102
2.364
2.362
2.362
2.362
2.364
2.571
2.427
20.529
18.481
2.360
4.045
2.360
2.360
2.360
2.515
4.242
2.360
2.442
2.383
2.746
2.355
4.375
2.395
2.355
2.355
9.236
2.572
22.039
3.891
2.355
2.369
2.357
2.393
2.355
2.355
2.355
2.355
2.369
6.306
2.354
2.366
2.354
2.420
2.354
2.355
2.354
2.354
2.576
2.374
2.354
2.354
2.354
2.457
2.364
4.045
2.357
2.354
2.463
2.355
2.363
2.415
2.354
19.883
2.503
2.450
2.354
3.450
4.457
2.640
2.394
2.354
2.356
3.930
2.352
11.367
2.352
2.546
2.352
2.438
2.352
2.425
2.351
2.376
2.368
2.353
2.507
2.386
2.615
2.351
2.441
2.351
2.992
5.861
2.351
2.352
3.380
2.351
2.351
5.521
2.353
2.351
2.351
2.351
2.361
2.361
2.385
2.351
2.351
2.438
2.351
2.351
2.410
2.357
3.559
2.349
2.722
2.349
2.374
2.606
2.349
2.351
2.382
4.235
2.349
2.477
2.349
9.213
2.556
21.407
2.368
2.408
2.592
2.571
2.350
2.353
3.586
5.555
2.367
2.350
2.349
2.839
2.541
2.349
2.349
2.390
2.356
19.707
2.349
2.349
2.349
11.515
2.357
2.746
2.349
2.347
2.356
5.375
4.207
2.828
2.347
2.347
2.347
2.347
2.423
2.347
6.827
2.413
2.347
2.346
2.346
2.347
2.352
2.347
2.447
2.346
2.348
2.346
4.101
2.346
4.267
21.866
2.353
2.348
2.342
2.342
2.389
4.313
2.342
3.104
2.468
2.342
2.346
2.343
2.463
2.342
2.342
2.342
2.381
4.217
2.349
2.345
2.337
3.806
2.336
2.336
2.338
2.335
2.460
2.335
6.526
5.264
2.335
2.335
2.357
3.162
2.336
5.797
4.582
2.335
2.487
2.335
4.046
2.339
3.548
2.485
2.457
2.335
2.348
2.683
2.336
2.626
2.756
2.335
2.335
2.335
2.462
2.334
2.352
2.396
16.992
2.338
2.339
2.457
3.341
5.242
2.334
2.334
22.235
2.298
2.712
2.784
3.470
2.298
3.015
2.296
2.296
2.298
22.958
2.377
2.296
2.442
2.352
2.296
2.296
2.638
2.317
3.963
2.308
2.741
2.296
2.297
2.296
8.295
2.296
2.370
21.917
2.299
2.296
2.297
2.296
2.471
2.296
2.318
2.625
2.305
2.296
2.305
2.296
2.296
2.299
2.299
2.304
2.296
2.296
2.296
2.296
2.296
2.296
2.296
2.295
2.395
2.295
2.295
2.297
2.343
2.294
2.294
2.342
2.558
2.301
2.307
4.176
2.294
2.294
2.351
2.300
2.360
2.557
2.294
2.294
2.549
2.462
2.303
2.294
2.294
2.294
2.323
2.294
2.408
2.343
2.294
2.569
2.294
2.294
2.295
2.294
2.290
2.290
2.290
2.263
23.087
2.261
2.261
2.307
2.260
2.355
2.260
2.260
2.260
2.262
2.260
2.376
3.203
2.260
2.262
4.901
2.469
2.381
2.260
2.438
2.959
2.260
2.260
6.333
2.305
8.343
2.260
2.452
2.269
2.260
2.260
2.378
2.509
5.546
2.256
2.540
2.256
3.729
2.256
2.256
2.256
2.297
2.263
2.256
2.256
2.256
2.258
2.256
2.257
2.725
2.244
2.297
2.244
2.246
18.118
2.482
2.244
2.426
2.245
2.244
2.242
2.242
2.243
2.555
2.241
6.072
2.271
2.241
2.238
2.239
14.972
2.455
2.237
4.510
2.238
2.237
2.237
2.282
2.372
2.237
2.676
5.754
2.237
2.237
2.325
2.241
2.258
2.238
2.616
2.237
2.238
2.268
2.238
6.214
2.237
2.334
2.238
2.237
2.237
22.071
2.250
2.238
2.237
2.237
2.299
2.237
2.237
2.460
2.237
2.519
2.239
2.460
2.455
2.252
2.622
2.241
2.279
2.237
3.498
2.235
2.235
5.046
2.281
2.235
2.235
2.235
2.471
2.429
2.235
2.241
2.237
2.235
2.730
2.232
2.232
2.310
2.440
2.266
2.232
2.232
2.332
2.254
2.301
2.239
2.234
2.232
2.240
2.233
2.232
2.298
2.232
2.232
2.232
2.288
21.444
2.232
2.350
2.232
2.232
2.232
2.232
2.232
2.242
2.232
2.246
2.232
3.064
2.232
2.232
3.216
2.236
2.329
5.865
2.232
2.232
2.316
4.522
2.232
2.358
2.451
2.232
2.232
2.232
2.307
2.232
2.234
2.232
2.232
24.408
2.295
2.233
2.241
2.333
2.351
2.245
2.233
2.241
2.232
2.232
2.232
2.232
2.232
2.234
2.240
2.262
2.236
2.232
2.246
24.109
2.232
4.598
2.271
2.232
2.232
7.197
11.478
22.993
2.285
2.238
2.245
2.236
2.237
2.232
2.232
2.370
2.232
2.233
2.233
2.232
2.256
2.232
2.232
2.235
2.232
2.238
2.734
2.232
2.232
2.309
3.003
2.232
2.232
2.232
2.232
2.220
2.220
2.461
2.220
4.392
2.220
2.221
2.220
2.220
2.220
2.367
2.220
2.220
2.220
2.440
2.318
2.220
2.220
2.257
2.428
2.220
2.256
2.270
2.219
23.107
2.219
2.254
2.221
2.219
2.219
2.345
2.219
2.766
2.219
2.219
2.343
2.219
2.219
2.226
20.252
24.429
2.219
3.153
3.636
2.316
2.219
2.349
2.459
2.219
2.219
2.219
2.223
2.435
2.224
2.364
2.617
2.226
2.281
2.219
2.379
2.339
2.218
2.220
2.279
2.218
2.217
2.217
2.220
2.339
2.217
2.217
2.217
2.294
2.220
3.455
2.273
2.216
2.217
2.351
2.327
3.712
2.804
2.216
2.215
2.215
2.215
2.217
17.164
2.215
2.228
2.254
2.248
2.339
2.215
2.215
2.280
2.313
2.228
2.381
2.214
2.214
2.764
2.230
2.367
2.268
2.650
2.520
2.349
2.221
2.295
2.214
2.323
2.214
2.215
3.130
2.214
2.214
2.216
2.214
2.246
19.024
2.272
4.788
2.244
2.316
2.215
7.152
2.221
2.214
2.226
2.214
2.238
2.217
3.761
5.353
2.220
2.214
2.214
2.217
2.349
2.632
2.319
4.734
2.872
2.215
2.314
2.215
2.246
2.214
2.214
4.560
2.244
5.221
2.240
2.222
2.249
2.214
2.214
2.216
2.214
2.214
2.214
2.214
2.214
2.215
21.027
2.214
4.474
2.215
2.214
2.216
3.742
2.214
2.224
4.021
2.214
2.213
2.213
2.238
2.213
3.297
2.241
2.213
2.644
2.306
2.213
2.300
2.213
2.668
2.257
2.213
2.218
2.300
2.214
2.339
2.213
2.770
2.213
2.213
2.214
2.213
2.219
2.213
2.213
2.223
22.862
2.213
2.411
2.213
2.198
2.408
2.198
2.198
2.529
7.516
2.199
2.879
2.198
2.354
2.263
2.199
2.198
2.311
2.198
2.198
22.942
18.964
2.198
2.198
2.175
2.182
2.837
2.175
8.986
2.181
2.175
2.174
2.174
2.153
2.153
2.289
2.153
2.170
2.153
2.748
2.165
8.475
2.151
2.151
2.159
2.151
2.993
2.270
2.151
20.459
2.151
2.226
2.156
2.151
2.151
5.873
2.329
2.150
23.639
2.150
2.150
2.150
2.150
2.342
2.147
2.147
7.735
2.147
2.147
11.173
2.148
2.147
2.358
2.836
3.464
2.147
2.151
2.147
2.246
2.147
2.147
2.147
2.155
2.147
2.147
2.147
2.148
2.147
2.150
2.168
2.145
2.145
3.374
2.145
23.599
2.152
2.146
2.148
2.145
2.125
2.146
2.143
2.164
2.108
2.109
2.108
2.108
2.106
2.198
2.201
3.599
2.106
2.106
2.514
2.193
2.106
2.106
2.116
2.103
2.103
2.105
2.124
2.103
2.108
2.103
4.842
2.103
2.104
2.253
2.102
2.111
2.102
2.107
2.102
2.877
2.102
2.142
2.099
2.374
2.102
3.223
2.095
2.095
2.116
2.095
2.274
2.095
2.115
2.090
2.109
2.105
2.088
2.088
2.088
2.880
2.088
2.088
2.162
2.227
2.098
2.088
2.139
2.088
2.103
2.215
4.066
3.990
2.088
3.713
2.521
3.032
3.089
2.106
2.088
2.093
2.088
2.091
14.532
2.088
2.095
2.088
2.095
2.316
2.139
2.088
2.088
24.025
2.091
2.083
2.083
2.083
3.106
2.083
5.691
2.083
2.110
2.069
2.070
2.069
2.212
2.069
2.069
2.061
2.061
2.061
2.061
2.061
4.928
2.062
2.061
2.170
24.320
2.061
2.057
24.509
2.060
17.233
2.093
17.158
2.073
2.230
2.476
2.057
2.165
2.057
2.121
2.057
24.189
2.057
2.050
2.051
2.055
2.187
2.053
2.121
2.050
2.050
2.050
2.051
2.050
2.453
2.079
2.050
2.233
2.050
2.055
2.050
2.051
2.050
2.050
2.056
2.050
2.050
2.063
2.052
2.050
23.080
2.050
2.062
2.053
2.050
2.504
2.050
2.050
2.050
2.050
2.073
2.050
2.754
2.049
2.627
2.240
2.063
2.049
22.320
2.049
2.397
2.460
2.049
2.049
2.053
2.049
2.083
2.049
2.057
2.050
2.049
2.049
2.067
2.087
2.052
2.049
2.091
2.049
2.051
6.170
2.051
5.246
2.051
4.743
2.492
2.049
2.033
2.051
2.033
2.033
21.180
2.033
13.787
2.033
2.036
2.033
2.045
2.033
2.039
2.096
2.033
2.033
2.922
2.041
2.034
4.491
2.033
2.033
2.033
20.743
2.033
5.956
2.127
2.049
2.226
2.097
2.191
6.523
2.479
2.021
2.019
2.027
2.020
2.024
2.023
2.020
2.022
2.070
2.026
2.019
18.027
2.019
2.024
2.019
2.019
2.019
2.019
2.019
2.019
2.025
3.937
2.019
24.266
2.049
2.019
2.049
2.056
2.019
2.013
2.013
2.013
2.013
2.012
2.012
2.017
2.012
2.027
2.012
2.013
4.669
2.012
2.043
2.012
2.072
2.135
2.206
2.191
2.052
2.104
2.014
2.012
2.012
2.012
4.537
2.012
2.019
2.012
2.563
2.209
2.080
2.010
2.010
2.010
2.015
2.012
2.034
2.143
2.010
2.306
2.094
2.010
2.010
2.010
2.036
2.011
2.010
2.011
2.023
2.010
2.010
2.010
2.017
2.012
2.010
2.010
2.010
2.036
2.010
2.010
2.017
2.034
2.010
2.010
2.027
3.404
2.010
7.431
2.010
2.010
2.010
2.010
4.729
2.016
2.010
2.382
3.939
2.060
2.108
23.577
2.017
2.393
2.013
2.010
2.009
2.045
2.162
2.009
2.095
2.705
2.170
23.491
2.009
17.816
2.009
2.009
2.009
2.009
2.009
2.009
2.009
2.009
2.012
2.019
2.007
2.007
2.007
2.007
2.000
2.073
2.000
2.000
2.002
2.042
2.009
2.000
2.000
4.516
2.000
2.000
3.060
2.000
2.005
2.000
2.000
2.000
22.598
2.002
2.008
2.000
2.179
2.000
2.079
2.003
3.479
2.000
2.000
2.000
2.174
2.000
2.000
2.000
2.086
24.437
2.029
22.991
2.000
1.980
1.980
1.981
1.998
1.980
1.980
1.980
1.981
1.980
1.980
5.304
24.063
1.985
1.980
1.980
1.984
1.980
2.130
1.993
2.103
1.980
2.056
1.980
1.984
1.980
1.980
1.980
4.345
2.244
11.282
1.980
1.980
2.524
1.980
1.981
5.133
2.057
1.980
8.668
4.392
1.980
1.980
1.980
1.982
1.980
21.671
1.980
1.977
4.595
3.796
1.977
1.977
1.978
1.977
2.040
4.138
2.030
1.990
5.365
2.022
13.212
2.059
1.979
1.977
1.986
3.128
2.133
2.074
1.977
1.977
2.246
1.977
1.980
1.986
2.034
23.800
2.719
2.000
1.985
3.839
2.011
1.977
4.140
1.977
1.977
1.986
1.977
1.977
1.977
1.981
1.971
1.971
1.971
1.971
16.203
1.971
1.995
1.971
1.971
1.971
1.975
2.710
1.971
1.971
1.972
1.974
1.971
1.971
2.786
1.973
1.971
1.971
2.511
1.971
1.971
1.968
3.618
1.981
1.968
6.156
1.988
1.968
1.968
1.969
1.981
1.968
1.971
2.664
1.992
2.039
17.345
1.968
1.950
1.950
2.136
1.950
1.951
1.950
2.111
1.950
3.442
1.950
6.407
1.950
2.136
1.982
1.950
3.810
1.949
1.965
1.949
1.994
1.949
2.105
1.962
2.069
1.949
2.031
1.949
1.971
1.949
1.949
1.949
2.010
1.949
1.949
1.949
1.949
7.021
2.066
1.995
1.953
2.085
2.680
2.003
2.124
23.096
1.949
3.845
1.960
1.949
1.949
2.085
2.640
2.029
1.975
2.087
1.949
2.058
1.949
1.949
2.021
1.949
1.949
1.948
2.387
1.959
1.948
1.944
24.010
1.943
1.943
1.974
1.942
2.005
1.943
2.075
2.030
1.943
2.046
1.942
1.982
1.931
1.989
1.931
1.931
2.134
1.931
1.931
2.010
1.931
21.641
1.931
1.931
1.937
2.003
1.932
1.931
1.926
1.926
4.087
1.984
2.018
1.928
1.927
1.919
2.022
1.919
1.936
3.095
1.919
1.920
1.925
1.919
1.919
4.814
2.045
1.919
1.919
1.926
1.919
2.098
1.947
1.919
1.988
1.919
1.919
2.485
5.085
1.953
2.253
2.033
2.298
1.919
1.927
2.019
1.947
21.553
1.919
1.959
1.920
2.039
1.919
8.884
1.928
1.928
1.925
3.623
2.091
1.997
1.919
2.175
6.092
1.919
1.929
1.919
1.919
1.926
1.929
1.919
1.919
1.919
4.891
1.919
2.066
1.967
1.998
1.919
3.950
1.920
3.829
1.919
1.919
1.981
6.504
2.257
4.298
1.919
1.924
1.988
1.919
3.125
8.374
2.069
2.055
1.919
1.981
1.919
1.927
1.919
1.919
1.919
1.920
1.921
1.917
1.922
1.960
1.917
1.917
1.917
1.917
1.917
1.996
2.133
2.666
2.537
2.119
1.917
2.464
1.917
1.917
1.917
5.297
4.476
2.006
1.917
1.917
2.081
1.986
2.481
1.917
2.020
2.325
2.069
1.918
2.067
1.917
1.917
1.961
1.973
1.917
1.917
1.930
1.918
2.068
1.952
1.917
2.384
1.961
1.956
2.106
24.069
2.217
1.961
6.365
1.949
1.925
19.987
2.004
1.920
1.917
1.917
5.598
1.917
1.918
2.070
1.987
1.917
2.216
2.460
1.917
1.917
1.917
2.258
1.917
2.066
2.493
1.954
1.934
1.917
1.917
1.959
1.917
1.917
1.917
1.917
1.909
1.909
4.582
2.002
7.001
1.909
1.909
1.909
4.298
1.947
3.406
1.914
4.315
1.909
5.267
1.909
1.957
3.340
1.909
1.909
3.505
1.909
2.119
1.933
1.909
1.909
1.909
1.909
1.909
10.644
1.972
1.909
1.910
1.909
1.909
1.909
2.113
1.910
2.341
1.909
1.909
1.909
1.909
1.911
1.909
1.909
1.911
2.079
1.909
1.909
5.175
1.909
5.996
1.909
2.140
6.773
5.025
1.909
2.168
2.003
1.964
1.909
1.968
1.909
1.908
4.603
4.535
1.908
2.108
1.911
2.062
1.980
1.908
2.104
1.925
1.908
2.086
1.908
1.955
1.908
1.908
1.908
1.899
1.899
2.026
1.898
1.898
1.898
1.966
1.902
1.947
1.923
1.898
1.898
1.898
3.304
1.904
1.896
24.458
3.650
1.896
1.896
1.896
1.896
24.104
1.896
24.014
1.896
1.896
1.896
2.435
1.896
1.918
2.118
1.887
1.887
1.887
1.887
1.887
1.887
1.887
1.887
1.945
7.210
1.906
1.957
2.248
1.909
1.887
1.894
1.936
13.123
1.887
1.887
1.887
1.887
1.887
1.887
1.887
1.887
1.942
1.887
5.015
1.904
1.924
1.961
1.914
1.887
1.957
11.044
1.887
1.887
2.623
1.887
2.177
2.221
1.887
1.999
1.934
2.129
1.887
1.887
1.887
2.993
1.892
1.887
1.899
1.887
1.887
4.525
1.892
1.887
1.887
1.887
1.887
2.382
24.442
1.917
1.891
1.889
1.883
1.883
2.017
1.883
1.883
1.921
1.885
2.570
1.908
1.883
1.883
1.899
1.909
1.883
1.893
1.923
1.874
1.874
1.874
1.874
1.965
1.874
1.937
1.874
1.874
1.888
1.872
20.492
1.872
1.872
1.872
1.971
1.872
1.874
1.893
1.872
2.024
24.895
1.872
2.319
1.953
1.872
2.332
3.164
1.872
2.497
1.922
1.888
1.872
1.874
1.880
1.882
6.425
1.872
2.101
1.873
1.872
1.872
1.872
1.872
14.124
1.872
1.902
2.243
1.872
1.872
1.872
1.872
9.129
1.872
2.005
1.968
1.872
1.872
1.897
1.872
1.912
1.872
4.570
1.872
1.872
1.922
1.872
1.872
1.859
1.859
1.859
1.867
1.859
1.859
1.859
2.290
2.046
1.859
1.859
1.859
1.947
1.859
1.859
1.859
1.888
3.439
1.859
1.859
1.993
1.859
1.861
1.859
1.859
1.912
17.600
1.859
1.859
1.958
1.860
23.358
1.946
1.859
1.859
1.912
1.859
1.859
1.899
2.036
15.964
1.859
1.987
2.075
1.859
1.945
1.900
1.872
1.968
1.859
1.874
1.891
1.869
1.862
1.859
1.859
1.864
1.859
1.859
2.150
1.859
2.429
1.859
2.028
1.859
2.574
1.859
1.859
1.859
2.022
1.890
7.578
1.991
1.859
1.859
1.859
1.859
1.872
1.859
1.859
2.049
1.885
1.859
1.859
1.859
1.859
2.052
1.853
1.853
1.853
2.078
1.873
2.076
1.853
1.853
6.815
1.912
2.996
1.853
1.869
1.856
1.853
1.853
2.327
1.854
1.850
1.850
1.850
1.850
2.540
1.850
1.849
1.846
1.846
1.906
1.846
5.413
1.846
1.846
1.846
1.846
1.846
1.846
1.846
6.287
1.971
1.888
1.846
1.846
1.846
1.838
1.838
23.338
1.838
2.034
1.838
1.838
24.666
1.941
21.666
1.838
7.204
1.838
1.841
1.838
1.935
1.839
1.844
2.055
1.838
1.838
1.838
1.918
1.838
1.838
1.834
1.921
1.834
1.839
1.841
1.834
1.834
1.834
1.834
24.948
1.834
4.165
1.889
1.833
1.837
1.886
1.905
2.796
1.833
1.833
1.833
1.833
1.833
1.833
1.833
24.541
1.984
1.835
1.833
2.331
1.908
1.833
2.357
3.280
1.837
3.321
1.877
1.833
1.825
1.825
5.152
1.825
1.818
1.818
1.818
1.870
1.818
21.763
1.818
22.246
8.607
1.818
2.074
1.818
1.845
1.860
1.818
1.898
3.601
1.920
1.819
1.884
1.819
1.818
3.599
1.818
1.818
2.721
1.819
1.818
1.818
1.834
1.904
2.126
1.871
1.974
1.860
4.353
1.818
1.818
2.209
22.021
1.818
1.953
1.818
1.818
1.818
1.818
1.818
1.818
1.818
1.869
1.818
6.433
1.818
1.818
3.507
2.725
1.888
1.959
1.825
1.817
1.817
2.753
1.817
1.817
2.020
1.818
1.922
1.874
1.802
1.802
1.854
3.735
1.845
2.837
3.608
1.802
1.840
1.802
1.802
7.058
1.802
1.802
1.802
1.802
1.802
1.802
1.810
1.802
1.805
2.226
1.892
1.802
1.824
2.040
1.815
1.802
1.818
1.802
1.802
1.802
1.849
2.086
1.801
2.248
2.048
5.904
1.802
1.867
4.717
1.801
1.801
3.469
1.838
1.801
1.801
1.801
1.848
1.931
1.805
2.156
1.801
2.685
1.802
1.801
1.869
2.005
1.801
1.799
1.985
1.799
3.319
1.799
2.940
1.879
1.799
2.294
9.556
1.799
1.799
1.799
1.799
1.801
1.796
1.796
1.952
24.250
1.968
4.430
1.795
1.799
2.100
2.847
1.855
1.922
1.795
1.905
1.832
1.795
3.292
3.803
1.795
2.107
1.795
1.795
1.795
1.795
1.796
1.795
1.807
1.897
1.795
1.796
1.795
1.971
1.795
1.793
2.011
1.793
1.793
2.616
1.793
1.793
1.791
1.791
3.044
1.791
1.791
1.792
1.791
1.864
2.001
1.791
1.791
2.439
1.791
2.271
1.870
1.791
15.697
1.898
1.791
1.791
3.107
10.046
1.791
1.791
1.791
1.791
1.791
1.791
1.791
1.791
1.791
1.791
1.791
2.360
1.791
1.808
1.806
1.794
1.826
1.786
1.804
1.786
1.895
1.786
1.786
5.567
1.823
1.786
1.833
1.786
2.405
1.806
1.783
3.270
1.841
1.783
3.442
1.779
1.779
17.163
1.779
15.939
1.779
1.779
1.779
5.730
1.779
20.359
1.779
1.778
1.778
1.779
1.778
1.771
1.771
1.777
1.771
1.771
1.771
1.771
1.771
1.802
1.779
1.771
1.771
1.887
1.771
1.771
1.771
1.771
2.025
1.874
1.771
1.771
1.867
1.769
2.619
1.770
23.994
1.769
1.749
1.859
1.749
1.748
1.797
1.748
1.905
1.983
1.766
1.748
1.779
1.759
1.748
1.748
2.591
1.748
1.748
1.907
1.748
1.748
24.853
1.748
1.748
24.658
1.812
1.748
1.748
1.815
1.746
6.322
1.749
3.247
1.764
2.218
1.746
1.746
1.746
1.746
1.979
1.746
1.746
1.746
1.746
1.746
1.749
1.746
23.613
17.296
1.818
2.462
1.770
1.746
1.746
23.075
1.746
1.754
1.746
1.747
1.928
1.751
1.746
3.434
1.752
1.770
1.746
5.137
1.746
1.746
1.746
1.813
1.746
1.796
5.569
1.746
1.746
1.746
1.746
1.746
1.746
1.819
1.788
1.755
2.228
1.748
1.746
1.746
1.748
1.746
1.746
1.746
4.384
1.866
1.812
1.747
6.496
1.748
1.746
1.746
1.827
1.746
1.788
4.803
1.746
2.549
1.741
1.741
1.743
1.743
1.741
1.741
1.741
1.741
4.510
3.163
2.002
1.741
1.741
1.747
7.777
1.741
4.290
1.745
1.741
1.741
1.741
1.747
1.766
1.816
1.741
1.740
3.839
1.740
1.740
1.762
1.740
3.343
1.899
23.385
1.740
1.740
1.788
12.815
1.740
1.740
1.740
2.261
1.740
1.787
1.740
1.740
1.740
1.802
1.740
1.740
1.740
1.740
1.747
1.740
1.740
1.759
1.992
1.749
1.740
1.740
1.740
1.740
1.740
1.805
1.865
1.743
1.740
1.952
1.740
1.740
1.740
1.749
1.740
1.740
1.957
1.966
1.933
1.806
1.740
5.331
20.939
1.740
1.778
1.740
1.902
1.740
1.783
1.740
1.740
2.037
3.053
1.740
2.084
23.051
1.740
1.740
1.740
1.866
3.116
1.741
1.743
1.740
1.740
1.913
1.739
1.792
3.232
1.739
1.739
1.739
1.739
1.739
1.739
1.743
1.886
1.739
1.739
1.739
1.739
2.955
2.241
1.814
1.703
1.703
1.703
1.744
2.011
1.703
20.783
1.703
1.763
1.704
1.703
1.703
4.920
1.703
1.863
1.705
1.703
1.703
2.001
2.088
1.703
1.703
1.703
1.703
1.703
1.703
1.703
1.703
1.705
1.870
6.990
1.703
1.700
1.709
24.189
2.915
2.040
1.723
1.740
1.700
3.209
1.839
1.700
1.700
24.219
1.700
1.700
1.700
1.700
1.700
8.252
1.700
1.713
1.700
2.652
23.908
1.700
2.154
1.702
1.905
1.700
2.593
1.700
1.701
1.795
1.835
23.945
1.700
1.700
1.700
1.700
1.700
2.971
1.700
1.700
3.324
1.790
1.700
1.700
1.700
1.839
1.700
24.187
1.700
1.700
1.700
1.700
1.700
1.700
1.700
6.080
1.722
1.700
1.779
1.700
1.763
2.064
1.700
1.888
1.700
5.826
1.700
1.700
1.700
1.700
3.728
1.700
1.899
1.700
1.700
1.700
1.712
2.059
1.747
1.698
1.698
1.989
1.698
1.722
1.736
1.698
3.029
1.887
2.341
1.698
1.698
1.698
1.793
1.700
1.704
1.695
1.695
1.695
1.695
1.718
1.815
2.074
2.121
1.695
1.694
1.694
1.690
1.690
1.834
1.690
1.690
1.729
3.508
1.690
1.710
1.690
1.690
1.690
1.690
1.690
1.690
10.815
2.288
1.690
1.690
1.690
1.690
1.705
1.690
1.690
1.690
1.784
1.690
1.723
1.690
1.690
1.807
18.356
1.690
6.252
2.026
1.690
1.811
1.690
1.697
1.720
1.690
1.690
1.690
1.690
1.810
3.217
1.690
1.732
1.690
1.690
1.731
1.690
1.690
1.690
1.690
6.808
1.690
1.690
1.690
1.690
24.084
1.755
1.690
1.691
1.690
1.849
1.705
1.690
1.690
1.690
1.690
1.690
1.688
1.688
24.011
1.688
1.688
1.688
1.688
1.776
1.692
1.890
1.688
2.567
1.688
1.930
1.688
1.688
1.736
2.031
1.688
1.688
1.689
1.688
1.688
1.688
1.688
1.688
1.688
1.688
1.688
1.688
1.688
1.688
1.688
1.970
1.688
1.688
1.963
2.027
1.731
1.688
2.255
1.688
1.741
3.722
1.688
1.688
1.688
1.688
24.819
1.813
1.894
1.688
1.691
1.688
1.928
1.688
1.688
1.712
3.711
1.692
1.688
1.717
1.700
1.688
1.688
1.702
1.688
1.729
1.688
1.688
1.765
1.688
1.745
1.694
1.688
2.959
13.545
21.152
1.688
2.126
24.238
1.688
1.688
1.688
1.688
1.693
1.688
1.688
3.409
10.736
20.585
1.688
1.688
1.688
1.688
1.688
1.688
1.688
1.688
1.688
4.025
1.688
1.688
1.688
1.960
1.683
1.683
1.683
1.683
1.683
1.683
23.518
1.683
5.059
1.683
1.683
1.759
1.683
1.737
1.683
1.683
1.683
1.682
1.682
3.283
1.682
1.695
1.682
1.775
12.712
5.154
2.367
1.682
2.102
1.678
1.802
1.678
1.700
3.421
1.678
1.763
1.714
1.678
1.678
1.678
1.678
1.678
1.950
1.678
1.678
1.678
1.678
1.678
1.678
1.678
1.678
3.758
21.081
24.936
1.679
1.678
3.720
1.678
2.950
1.678
1.678
1.831
1.698
1.678
1.678
1.702
8.006
1.678
1.678
1.678
1.678
1.752
1.678
1.678
4.832
1.679
1.678
1.678
1.678
1.866
1.732
1.678
1.678
1.678
24.881
1.678
1.784
22.449
1.678
6.359
11.639
1.678
1.678
1.691
1.702
1.678
1.678
1.701
3.287
1.678
1.696
1.678
1.761
1.681
1.678
1.689
1.678
5.800
1.678
1.678
1.678
1.678
1.678
2.340
1.678
1.678
1.678
1.678
1.678
1.678
1.820
1.943
1.678
1.678
1.678
1.678
1.739
1.678
1.678
1.678
1.678
17.990
24.083
1.678
1.680
1.678
1.678
1.775
1.678
3.013
1.678
13.679
1.729
24.135
1.678
2.218
1.678
1.701
1.702
1.678
1.678
1.679
1.678
1.678
2.060
1.678
1.679
3.458
1.909
1.678
1.678
9.502
1.678
1.678
1.678
1.681
1.678
1.678
1.678
1.678
1.726
4.978
1.678
1.796
1.836
2.298
1.678
4.202
1.767
1.678
2.796
1.678
1.983
4.501
1.678
1.678
1.827
1.678
1.679
1.847
1.703
1.792
1.678
1.678
1.678
1.741
1.678
1.678
1.678
1.849
2.266
20.641
1.678
13.845
1.678
1.678
1.678
22.638
1.676
1.676
1.723
3.546
1.676
1.676
1.676
13.440
1.676
1.676
1.680
1.712
1.676
3.007
1.676
4.405
1.786
1.834
1.677
1.680
1.676
1.676
1.930
1.676
1.673
2.222
5.708
1.673
1.669
1.665
1.665
1.665
1.665
1.674
6.332
2.050
1.665
1.665
1.665
24.433
1.665
3.725
1.665
1.682
1.665
1.676
1.665
1.762
1.665
1.665
5.393
1.665
1.665
2.827
1.766
1.665
1.665
1.665
3.028
1.667
1.665
4.538
1.665
1.686
1.665
1.665
1.665
3.552
1.665
1.777
1.665
1.676
1.665
3.821
2.236
1.665
1.665
1.677
1.665
1.665
1.665
1.665
1.665
1.668
1.665
2.371
1.701
2.010
1.665
1.670
1.665
1.665
1.724
16.989
1.665
1.665
3.183
1.664
1.664
2.111
1.743
3.792
1.664
1.806
2.020
1.671
1.664
23.879
1.664
1.946
1.664
2.086
1.667
1.656
1.693
1.666
3.056
2.225
1.656
1.684
1.660
1.656
1.656
1.657
1.656
1.656
1.656
1.656
1.656
1.656
1.656
1.656
1.656
1.656
1.656
1.671
1.690
1.669
1.656
1.656
1.661
1.725
1.656
12.803
1.656
1.677
2.075
1.656
1.656
1.656
1.680
1.661
1.656
1.656
1.656
1.797
1.667
1.656
1.656
3.872
1.870
4.355
1.657
1.656
6.514
1.656
6.571
1.759
1.809
1.656
1.656
1.656
1.859
2.150
1.656
1.656
9.690
1.656
1.656
1.877
1.656
1.672
1.648
1.648
7.781
2.626
1.648
1.648
1.649
1.648
4.166
1.648
1.706
1.708
1.648
1.648
2.442
1.648
1.704
6.005
5.542
2.971
1.648
1.730
1.648
1.648
4.260
1.662
1.648
24.223
1.648
1.648
1.634
1.634
1.783
1.634
1.634
1.634
13.011
1.641
1.632
1.632
1.632
1.632
1.632
1.632
1.632
1.632
6.012
1.632
1.632
12.051
1.632
1.632
1.716
1.877
4.495
1.632
1.632
1.632
1.803
1.632
2.328
1.659
1.638
1.632
1.632
1.632
1.632
21.546
1.632
1.632
3.033
1.676
4.460
1.632
1.632
1.632
3.732
13.992
2.187
1.632
1.686
1.632
1.941
1.646
1.632
1.632
1.746
1.632
1.632
1.632
1.711
1.632
1.632
1.746
1.632
1.757
1.632
1.672
3.483
1.632
1.731
1.633
1.632
1.632
2.667
3.437
1.632
1.632
1.632
1.632
1.722
2.189
1.629
1.908
1.629
1.629
2.593
1.812
1.629
1.629
1.660
1.629
1.696
1.627
1.627
1.627
1.627
1.631
1.627
1.627
1.711
1.627
1.627
1.631
1.627
1.791
1.629
1.627
1.627
1.627
1.627
1.627
1.627
1.658
1.627
3.040
1.627
5.826
2.325
1.627
1.627
1.627
1.627
1.627
1.630
1.627
1.627
1.755
1.627
1.668
1.627
1.636
6.681
1.627
1.819
1.751
1.770
1.627
1.634
1.627
1.627
1.627
1.641
1.627
1.627
4.095
1.708
1.627
1.631
1.627
1.627
1.627
1.627
24.912
3.936
1.627
1.627
1.668
1.627
2.142
1.700
1.627
11.843
1.627
1.634
1.627
1.654
1.627
24.967
1.627
1.627
2.980
2.010
1.619
1.711
1.619
1.774
1.959
1.619
3.633
1.619
1.619
1.619
1.619
8.932
1.619
1.621
1.619
1.633
1.619
1.619
1.640
1.619
1.619
2.295
1.619
24.941
4.636
1.619
2.028
1.619
1.619
1.747
1.619
1.654
1.884
1.618
1.934
2.245
1.618
1.618
1.654
1.618
1.618
1.618
1.618
1.618
3.027
1.618
1.909
1.808
1.618
1.618
1.705
1.800
5.939
1.618
1.618
5.872
1.619
1.618
1.647
1.618
1.618
1.666
1.627
1.618
1.618
1.619
1.618
1.843
24.922
1.618
1.618
1.624
1.704
1.618
1.618
1.667
1.618
1.617
1.698
1.617
3.235
16.933
1.615
1.732
1.686
1.615
1.615
1.615
1.615
1.754
1.615
1.694
1.615
1.615
1.615
1.615
1.615
1.830
1.683
1.615
1.615
1.615
1.828
1.615
1.615
1.615
1.655
2.405
1.615
1.615
1.615
1.628
1.615
1.613
1.626
1.613
1.613
22.942
1.613
1.613
1.619
2.254
1.613
1.613
1.613
1.613
1.814
1.614
1.944
2.861
1.613
1.687
1.613
1.613
1.613
18.131
1.613
9.086
1.613
1.613
1.613
1.613
1.614
1.621
2.981
1.614
1.613
1.613
1.705
1.613
1.613
8.509
5.622
1.613
1.613
1.613
1.613
1.637
5.779
1.613
1.613
1.683
1.613
1.613
1.613
23.979
1.638
1.688
1.613
24.094
1.912
1.611
1.604
1.604
1.604
1.604
1.604
1.661
9.996
1.604
1.707
1.604
1.604
2.066
1.604
1.719
19.253
1.604
2.192
1.656
1.652
1.629
1.692
1.604
1.604
1.790
1.604
1.623
1.624
1.604
1.604
5.044
24.491
1.604
6.687
1.604
1.604
2.764
1.788
1.628
1.619
1.604
1.605
2.154
2.496
1.604
1.614
7.146
1.606
1.604
6.164
20.169
1.604
1.604
1.604
1.604
4.387
1.604
2.077
1.617
1.604
1.604
12.252
1.604
22.935
1.604
1.615
1.604
1.604
1.604
1.604
1.604
1.604
1.618
5.491
1.594
2.271
1.592
1.603
1.592
1.592
1.592
1.592
1.592
1.592
1.867
1.591
1.591
1.591
2.656
1.591
1.700
1.591
1.591
1.591
1.591
1.591
1.595
15.060
1.607
1.591
1.591
1.591
1.591
1.592
22.845
1.591
1.591
1.624
24.915
1.678
2.641
1.629
2.074
1.594
7.813
2.318
1.591
5.494
7.592
2.007
1.592
1.599
1.773
1.591
1.591
1.743
1.591
11.368
3.324
1.600
1.591
1.795
1.591
1.591
11.362
1.591
1.591
24.707
2.038
1.591
1.591
2.526
1.591
23.146
1.592
6.218
1.592
1.591
24.548
24.092
1.591
16.244
1.629
2.211
1.616
3.770
1.591
1.591
1.592
1.925
2.657
5.385
1.591
1.591
1.592
6.913
1.591
1.591
1.591
1.651
1.591
1.591
1.591
1.629
1.591
1.591
23.337
1.591
1.591
1.591
1.591
1.812
1.591
1.594
1.586
1.913
1.586
1.586
15.427
1.586
1.586
1.586
1.691
1.586
1.586
1.586
7.547
1.810
1.586
1.911
15.847
1.586
1.586
5.375
1.586
18.236
14.357
1.586
1.586
1.838
1.586
1.586
1.586
1.586
1.586
1.586
1.586
1.586
7.430
1.590
10.742
1.586
1.586
1.947
1.791
1.586
1.889
1.586
1.586
1.586
1.586
2.257
2.231
1.586
1.586
1.586
1.586
1.587
1.645
11.302
1.586
1.742
1.586
1.586
1.586
22.638
4.429
1.586
1.679
1.586
1.586
1.585
1.665
1.615
1.585
1.585
1.617
1.585
1.585
2.232
1.633
2.117
1.639
1.727
1.585
1.585
1.625
1.583
1.583
1.631
8.732
1.687
1.583
1.583
1.583
1.583
2.048
24.344
1.583
1.608
1.583
1.584
1.605
1.583
1.586
1.597
1.583
1.671
2.647
1.663
1.583
1.583
1.586
1.583
1.583
1.584
1.908
1.583
1.583
17.115
8.441
1.583
1.586
1.721
1.583
1.673
2.517
1.583
1.659
1.583
2.316
1.583
3.503
1.583
1.918
1.583
1.948
1.583
19.559
1.583
1.583
1.583
1.782
1.624
1.583
1.583
1.583
1.583
1.583
1.583
1.583
1.627
2.996
1.600
1.583
1.583
1.597
21.647
1.583
1.583
1.583
1.583
2.876
1.583
2.042
1.592
1.583
1.583
1.651
1.626
1.750
1.583
1.619
1.583
1.583
1.583
1.583
1.841
1.583
1.583
3.522
1.583
1.583
1.583
1.582
2.232
1.582
1.614
1.865
1.582
1.582
1.588
1.582
1.582
1.582
1.775
1.582
1.582
1.582
11.117
4.090
1.582
1.582
1.582
1.582
22.584
1.641
1.576
1.579
1.576
1.576
4.323
1.576
14.690
3.105
1.576
1.576
2.430
1.633
1.576
1.576
10.005
1.633
1.576
1.576
1.584
1.576
1.572
1.572
1.572
1.572
1.572
1.572
1.572
1.572
1.968
1.572
1.572
1.572
1.572
1.577
1.573
6.760
1.572
1.580
1.572
7.958
1.963
1.572
1.572
1.572
1.572
1.572
1.604
1.591
1.614
1.572
4.300
1.571
1.571
1.571
1.571
1.571
23.629
1.571
1.571
1.571
3.465
1.624
1.571
1.571
1.571
1.571
1.571
1.571
1.585
1.568
1.568
1.633
1.568
2.385
1.568
1.568
1.571
1.568
1.631
1.566
1.566
1.566
1.566
1.778
1.578
2.398
1.562
23.873
2.180
1.562
1.565
1.634
1.562
1.562
2.033
3.019
5.841
1.562
1.562
1.562
2.321
2.657
1.562
1.562
1.562
1.561
1.561
1.561
1.561
1.613
1.611
1.561
2.388
1.582
1.561
1.561
1.561
1.590
2.293
3.620
2.368
1.639
1.561
1.561
4.530
6.953
1.567
2.013
1.561
1.561
1.569
1.561
1.561
1.561
1.561
1.562
1.561
4.305
1.994
1.561
1.613
1.561
1.564
1.561
1.561
1.561
1.581
1.561
1.561
1.591
1.861
1.561
2.002
2.212
14.366
5.781
24.699
2.001
1.561
1.561
1.561
1.564
1.561
1.561
1.561
1.561
1.561
24.296
1.561
2.281
2.227
2.707
3.499
1.565
1.561
3.274
1.561
1.561
1.561
21.047
1.561
1.561
1.561
1.561
1.562
1.801
24.695
1.561
1.737
1.553
1.554
1.553
1.553
1.553
8.758
1.700
1.553
3.672
1.553
1.553
1.553
1.553
11.976
1.593
1.553
1.553
1.553
1.553
1.681
1.553
1.893
1.553
1.553
1.553
1.553
1.650
1.553
1.621
1.559
1.696
1.553
1.553
1.553
1.549
1.549
24.633
1.549
1.549
1.607
1.577
1.549
6.441
1.549
1.549
1.549
1.563
1.625
2.101
1.549
7.113
1.549
1.920
1.549
1.549
2.445
1.549
9.276
1.549
1.549
1.549
1.549
1.549
2.073
1.549
6.478
1.549
1.549
1.622
1.690
1.549
2.537
1.651
9.326
2.235
1.549
1.549
1.575
1.893
1.549
1.549
2.714
1.549
1.843
1.576
1.549
1.658
1.582
1.550
1.572
1.612
1.593
1.549
1.549
1.549
1.738
1.549
3.043
1.549
1.549
1.549
1.550
7.946
1.593
1.600
1.549
1.555
4.581
2.372
1.972
1.549
1.549
1.878
1.549
1.549
1.549
1.549
1.981
1.560
2.415
1.972
1.549
1.549
4.527
1.549
1.689
1.549
1.549
1.551
4.238
1.686
1.563
1.571
1.549
1.549
1.549
1.549
1.549
1.816
1.549
1.549
1.549
2.283
4.446
1.549
1.549
1.549
1.549
1.549
1.549
2.180
1.549
1.552
1.546
1.662
1.564
1.546
1.546
1.686
3.710
1.546
1.546
1.555
1.546
1.546
1.546
1.960
1.562
1.546
1.546
1.546
1.546
1.546
1.546
1.546
1.546
1.655
1.546
1.546
1.746
1.637
1.546
1.557
1.556
1.566
1.818
1.546
1.546
1.546
1.546
24.912
1.546
1.546
6.848
1.546
1.546
5.578
1.561
1.546
1.570
24.248
1.546
1.546
1.546
1.546
1.546
1.643
1.546
1.546
1.668
1.546
1.687
1.546
1.557
1.546
1.653
1.546
1.999
1.546
1.546
6.679
1.728
1.546
1.546
1.546
1.546
1.546
1.848
1.546
1.546
2.589
2.011
1.546
1.546
2.294
1.546
3.069
1.548
1.546
1.546
1.546
1.569
1.546
1.817
1.752
1.546
1.546
1.636
1.710
1.546
23.817
1.545
1.539
1.544
9.212
1.539
1.539
1.539
6.077
1.539
1.539
1.539
8.078
1.539
1.539
1.578
1.542
10.159
1.677
1.539
1.539
1.539
1.539
1.556
1.625
1.918
1.539
1.607
1.697
1.539
1.539
1.939
1.539
1.539
1.776
1.539
1.539
1.539
3.018
1.546
1.539
2.465
1.582
4.241
1.539
1.613
1.539
1.539
14.620
2.146
1.539
2.831
1.621
1.539
24.760
1.539
1.539
24.971
1.539
1.539
1.541
7.142
1.545
1.539
1.660
1.539
1.606
4.897
6.582
1.609
1.539
2.742
1.539
1.539
24.415
5.240
3.701
24.963
1.563
1.539
1.735
1.539
1.589
1.539
1.651
1.539
1.539
1.542
1.681
1.539
1.632
1.539
1.539
1.539
1.609
1.539
1.539
1.539
1.539
1.539
1.539
1.671
1.557
1.535
1.628
1.535
10.121
1.535
1.535
1.560
1.535
1.535
1.535
1.535
2.544
1.535
7.172
4.656
1.535
1.584
1.535
22.053
1.535
1.535
1.535
1.535
1.535
1.541
1.535
1.528
1.528
1.528
1.531
1.528
1.528
1.528
1.528
1.528
1.528
1.528
1.570
1.853
1.533
1.528
1.528
2.047
2.932
1.958
1.528
1.965
1.528
1.528
1.528
1.546
1.528
1.700
1.528
1.528
1.528
3.471
1.529
1.530
1.528
1.546
1.528
1.528
1.528
1.557
1.528
1.528
1.528
1.528
1.536
2.253
1.543
1.603
1.530
1.528
1.527
1.527
1.532
1.561
1.527
1.527
1.527
1.527
1.536
1.570
2.290
1.527
1.528
1.527
1.740
1.527
1.527
1.527
4.422
1.527
1.916
1.550
1.527
1.527
1.617
1.527
1.527
1.527
1.527
1.610
1.527
16.421
1.527
1.527
1.527
1.527
1.533
1.594
1.527
1.527
1.942
1.531
1.527
1.548
1.527
2.370
1.527
1.527
1.527
1.527
1.527
5.035
1.527
1.527
1.527
1.534
1.527
1.551
1.527
1.527
1.527
1.527
1.527
1.612
1.609
1.527
1.527
1.527
1.532
1.769
1.527
5.500
1.527
24.140
1.527
1.527
1.869
1.527
1.527
1.637
1.543
1.579
1.527
1.527
3.492
1.527
1.544
1.527
24.759
1.527
1.527
1.527
1.722
1.527
1.527
1.527
1.527
2.011
1.527
1.527
1.527
1.607
1.527
1.527
3.003
1.527
1.542
1.943
1.538
1.527
1.527
1.597
1.527
1.527
1.527
1.559
1.716
1.541
1.527
1.547
1.553
2.106
1.520
1.520
1.520
1.520
1.520
1.520
1.535
1.520
1.535
1.520
1.520
1.520
1.688
15.732
1.826
1.624
1.520
1.526
1.520
1.520
1.520
1.520
1.520
1.520
1.520
1.567
1.520
1.520
6.323
8.489
1.520
1.520
1.520
1.520
1.568
8.526
4.013
1.520
1.899
1.520
1.520
4.431
1.546
1.520
1.520
1.520
1.663
1.520
1.520
1.520
23.402
1.520
1.754
1.634
1.520
1.520
1.543
6.925
1.524
1.520
1.520
1.520
1.520
1.520
1.520
1.520
1.520
1.534
1.520
1.520
1.520
1.580
1.520
1.520
6.770
1.520
1.520
1.604
1.539
1.520
1.520
1.520
1.520
1.520
2.574
1.541
24.635
1.521
1.583
9.581
1.520
1.674
1.520
2.749
1.520
1.520
1.520
1.520
1.520
3.959
1.520
1.523
1.639
1.520
1.520
1.520
1.520
1.520
1.520
1.520
2.613
1.520
1.520
1.520
1.520
1.520
1.625
24.871
1.520
4.001
1.538
1.525
1.529
2.477
2.050
1.520
1.520
2.062
1.520
1.787
1.520
1.608
19.425
1.522
1.520
23.254
1.550
1.520
1.520
6.392
1.578
1.553
1.520
1.550
1.520
21.628
1.643
24.369
1.531
3.448
1.520
22.622
1.524
1.919
3.568
1.863
1.520
1.520
1.595
1.529
1.520
2.517
1.520
1.535
1.520
1.520
1.520
1.520
1.520
1.617
1.520
1.520
1.520
1.540
1.525
1.520
1.925
1.817
1.520
1.520
1.520
2.550
1.526
8.391
13.170
1.520
4.075
1.543
1.520
2.298
1.520
1.520
1.520
1.520
1.852
24.647
1.559
1.522
1.525
1.520
9.051
1.931
1.520
1.520
1.520
1.555
1.520
1.520
1.520
1.621
1.520
2.921
1.843
2.365
1.520
3.054
1.520
1.520
1.520
1.520
1.520
1.520
1.520
1.523
1.520
1.520
1.680
1.520
1.520
1.520
1.748
1.597
1.521
1.562
8.870
1.520
1.520
1.520
1.520
1.520
1.520
23.626
1.585
1.520
1.520
1.520
1.520
1.536
1.574
1.520
1.520
1.520
24.974
1.520
1.520
1.520
2.232
1.520
1.520
2.360
1.520
1.520
1.520
1.520
1.520
2.052
1.520
1.519
1.519
5.802
1.557
1.517
1.517
1.517
1.959
1.517
10.786
20.330
3.128
1.517
1.522
1.538
1.524
1.517
1.517
1.517
2.280
1.522
1.517
23.542
1.517
1.517
1.517
1.651
1.517
1.697
1.559
1.970
1.525
1.517
1.922
1.517
1.517
1.517
1.517
1.517
1.517
1.517
3.466
1.919
1.517
1.517
1.517
1.512
1.512
1.512
1.517
1.548
1.512
1.512
1.784
1.539
1.680
1.512
1.512
1.512
1.550
1.512
1.512
1.512
1.512
1.647
1.512
1.517
24.300
1.512
3.334
1.671
1.512
13.068
1.512
1.523
2.252
2.076
1.512
8.363
1.512
1.613
1.512
1.512
1.512
4.016
1.558
1.512
2.897
1.525
1.512
1.560
1.512
11.839
1.512
3.690
1.515
1.512
1.513
1.512
24.867
1.512
1.579
1.578
1.512
1.512
1.531
1.552
1.512
24.976
1.596
1.512
1.873
1.512
1.512
1.512
1.517
8.838
1.512
1.512
1.512
1.645
1.512
1.512
1.630
3.986
1.686
1.874
1.512
1.512
1.823
1.934
1.512
2.849
2.300
4.566
2.369
1.512
1.512
1.512
1.534
1.530
1.512
1.772
1.516
1.512
1.533
2.688
1.512
2.933
6.633
1.527
1.514
1.574
1.557
1.512
1.620
6.857
1.519
1.515
1.512
2.132
1.646
1.512
1.589
1.587
1.512
1.512
1.512
1.512
1.513
1.548
1.512
1.512
1.512
1.512
1.737
1.512
1.512
1.514
1.512
1.512
24.729
1.512
1.512
1.664
1.512
3.352
8.151
1.512
1.512
1.512
1.579
1.512
1.512
1.552
1.512
1.512
1.512
1.550
1.512
1.512
1.512
1.512
1.940
1.512
1.512
1.512
1.538
2.164
1.512
1.544
1.532
1.512
1.512
1.512
1.512
1.512
1.512
1.512
1.512
1.512
1.512
1.512
1.592
23.504
1.506
1.506
1.506
1.505
1.540
1.514
1.505
7.226
22.408
1.505
1.505
7.604
17.600
1.505
1.505
1.543
1.505
1.534
1.509
1.505
1.509
24.957
2.619
1.505
1.925
1.505
1.505
1.503
1.503
1.565
1.503
1.506
1.886
1.503
1.503
1.503
1.503
1.559
1.503
6.360
1.503
1.503
1.503
1.503
2.621
1.503
1.505
1.503
1.503
1.503
1.503
1.503
1.503
24.233
2.947
1.503
5.824
1.503
24.943
4.373
1.503
1.503
1.528
4.951
21.168
1.701
1.503
1.503
1.503
1.503
1.503
1.503
8.982
1.503
1.503
1.503
1.498
1.677
1.498
1.498
1.498
1.546
1.496
24.732
1.517
1.513
1.496
1.496
2.555
1.496
1.496
1.578
1.586
1.496
1.690
1.501
1.639
1.496
1.496
1.496
1.503
1.485
1.485
1.485
1.485
24.979
2.666
1.485
1.485
1.685
1.485
2.442
1.670
1.485
1.485
1.486
1.485
1.485
1.570
1.485
1.485
1.485
1.485
1.485
1.485
1.648
1.485
1.485
2.316
2.471
1.485
1.485
1.485
1.485
1.485
1.485
1.486
1.485
1.485
1.485
5.363
2.878
1.485
1.517
1.905
1.485
1.485
1.493
1.485
1.528
1.493
2.347
1.485
1.485
1.485
1.485
5.940
1.485
5.344
1.485
1.646
1.504
5.928
1.485
1.983
1.490
2.091
1.485
1.485
1.554
1.485
2.045
1.487
1.741
1.674
1.498
1.496
1.487
1.515
1.485
1.485
1.634
1.895
1.485
1.579
4.483
1.485
1.485
1.485
1.485
1.485
1.485
3.628
2.927
1.485
2.097
1.483
1.483
1.494
2.755
1.483
1.482
24.530
1.482
1.482
2.380
6.116
1.482
1.481
1.481
1.484
1.510
3.833
20.354
1.493
1.504
2.866
4.567
1.583
1.481
1.579
1.481
2.942
1.561
5.668
1.543
1.567
1.481
1.481
1.819
1.481
1.771
2.334
1.481
1.481
13.819
1.479
1.479
1.492
1.479
1.512
1.479
13.125
1.479
1.479
9.492
1.483
1.633
1.479
1.479
1.479
1.593
2.848
2.508
1.478
1.478
1.478
1.478
1.478
1.478
1.478
1.477
1.477
1.496
1.525
6.298
24.602
1.485
1.967
1.477
3.935
6.426
1.490
1.487
3.024
15.411
1.596
1.480
5.933
1.477
1.477
1.647
1.498
1.489
6.012
1.477
1.477
1.477
2.618
2.307
1.510
1.477
1.477
1.477
1.477
1.477
1.480
1.477
1.477
1.477
1.472
1.472
1.472
14.368
1.472
1.493
1.562
1.474
1.472
1.482
1.472
1.472
2.268
1.485
1.472
1.472
1.472
1.472
1.472
2.113
1.558
1.472
1.472
1.505
1.493
1.507
2.762
2.431
1.472
1.601
1.472
1.496
24.183
1.820
2.168
1.472
1.472
1.472
1.472
1.472
1.472
1.927
1.472
1.480
1.510
1.472
1.595
1.810
1.472
1.472
1.669
1.507
2.256
1.484
1.472
1.472
1.472
2.645
22.889
1.472
1.503
1.472
1.472
1.511
1.472
22.792
11.779
1.472
1.472
1.472
1.472
1.472
1.472
1.472
4.586
1.816
6.694
24.892
1.472
1.472
1.539
1.472
1.472
24.385
1.476
1.472
1.483
1.466
1.582
1.466
1.466
1.466
1.466
1.466
1.466
1.466
1.474
1.466
24.413
1.725
1.497
2.855
4.839
1.466
1.466
1.469
1.466
1.466
22.723
9.862
1.472
1.466
1.505
1.466
1.466
1.466
7.686
2.694
1.568
19.561
1.466
1.561
1.466
2.668
1.466
1.466
1.466
1.466
1.466
1.561
1.466
1.468
24.971
1.466
1.466
1.466
1.466
1.466
1.462
1.462
1.462
1.479
2.806
1.462
20.297
1.462
1.462
24.283
1.506
1.473
1.482
1.462
1.633
1.462
1.464
2.165
1.462
1.572
3.529
1.462
2.325
1.462
1.462
2.323
1.462
6.450
1.462
23.179
2.364
2.041
1.521
1.462
1.462
1.462
1.897
2.217
1.462
1.771
1.462
1.525
1.560
1.462
1.462
1.462
2.079
1.531
1.462
1.540
1.581
1.899
1.462
1.462
1.462
1.473
1.462
1.462
2.296
1.462
1.463
4.377
1.493
1.624
1.540
5.010
1.462
1.462
1.462
1.573
1.462
1.462
9.723
1.468
2.863
1.454
1.454
1.454
1.454
5.838
1.454
1.704
1.454
1.479
1.454
1.454
1.454
1.465
1.454
1.454
1.454
1.456
1.784
3.356
1.471
1.507
1.454
1.454
1.454
1.454
1.455
1.459
1.454
1.483
1.455
1.454
1.454
1.454
1.455
1.454
1.454
1.496
2.132
1.488
1.454
1.555
1.466
1.454
5.992
1.512
1.454
1.454
1.453
1.453
1.453
1.454
24.971
1.453
1.453
3.691
1.453
1.454
1.453
5.261
5.539
1.457
1.453
1.453
1.453
1.453
1.467
1.497
1.690
1.763
1.453
1.454
1.453
1.453
2.044
1.453
1.453
1.453
6.025
1.476
24.173
1.497
1.453
2.759
1.453
1.453
1.456
1.925
1.474
1.847
1.578
1.453
1.453
1.499
1.453
1.453
1.453
1.472
1.453
1.453
1.453
1.545
1.481
1.453
1.453
1.509
24.667
1.466
1.453
1.453
24.363
1.453
3.682
18.832
1.453
1.453
1.717
1.453
1.496
1.453
1.453
1.453
1.488
1.453
1.453
1.999
1.453
1.454
1.505
1.453
1.453
21.250
1.689
1.453
1.453
1.453
1.453
23.989
1.453
1.453
2.405
8.845
1.453
1.453
1.809
1.453
1.760
1.509
1.686
1.453
1.453
1.453
1.453
1.488
1.889
1.471
1.453
1.453
1.478
1.466
1.463
1.453
15.539
3.308
1.603
24.668
1.453
1.453
1.570
1.453
1.453
1.453
1.453
1.453
1.527
4.414
1.511
4.157
1.631
1.453
1.454
1.453
1.453
1.453
5.264
1.503
2.500
1.453
1.453
1.606
1.485
1.453
2.025
1.874
1.459
2.259
24.632
1.453
1.453
1.828
1.453
3.286
1.450
1.450
1.450
1.450
1.450
1.512
1.450
4.569
1.449
1.450
1.453
1.449
11.207
1.449
1.449
1.478
1.449
1.449
1.449
7.942
1.442
1.442
1.907
1.442
1.438
1.436
1.436
1.436
1.436
1.434
1.434
1.434
6.025
1.434
1.434
1.434
4.320
1.433
1.547
1.433
1.433
1.470
1.433
1.433
7.239
1.433
19.302
1.578
1.433
3.803
24.848
1.433
1.433
1.433
1.940
1.471
24.974
1.433
1.462
1.445
1.579
1.506
2.340
2.779
1.433
2.561
1.433
1.575
1.433
1.433
24.851
1.433
1.433
1.549
1.433
22.638
1.433
1.433
1.433
3.063
1.433
1.433
1.433
3.227
1.441
1.433
1.765
1.707
1.436
1.474
1.433
1.433
3.597
22.058
1.433
1.433
1.433
6.497
8.236
1.456
1.433
1.644
1.439
1.600
1.435
1.433
1.569
1.433
1.433
1.433
1.433
1.447
3.935
1.433
24.293
1.433
1.449
1.479
1.433
1.956
1.468
24.291
7.182
1.538
1.433
1.506
1.433
1.433
4.466
1.433
5.443
2.902
1.571
1.777
17.424
1.850
1.433
1.433
1.433
1.433
1.437
1.433
1.433
1.433
1.448
1.434
1.433
1.433
1.433
2.864
1.510
1.433
1.433
1.433
1.433
2.131
1.433
1.433
1.433
1.443
1.610
1.460
1.455
1.433
1.433
1.433
1.433
1.433
1.433
1.504
1.433
1.433
1.433
1.686
1.437
1.644
5.299
1.518
1.712
1.433
1.433
1.433
1.433
1.433
1.441
1.433
1.433
1.439
1.433
2.128
1.433
1.568
1.601
1.435
1.443
1.433
1.433
1.433
1.696
24.987
1.436
1.433
1.431
1.431
1.431
1.431
1.431
1.498
1.431
1.431
1.431
1.443
1.431
1.431
1.470
1.431
1.432
1.479
2.139
1.509
1.431
1.431
1.431
1.431
1.431
1.431
1.774
1.448
1.575
1.431
1.431
1.431
1.431
1.543
1.521
1.488
5.137
1.431
1.431
1.434
1.653
1.454
2.664
8.664
1.431
1.510
1.431
1.431
1.431
1.431
1.431
1.509
1.431
1.431
1.527
1.431
1.510
1.431
1.431
1.431
1.966
1.443
1.431
1.431
7.171
1.434
1.873
1.431
1.431
2.101
1.431
1.795
1.431
1.431
1.431
1.761
1.431
1.431
24.949
2.848
1.448
1.434
4.901
1.560
24.842
1.431
1.431
1.431
1.613
1.431
1.431
1.431
21.134
1.431
1.446
1.431
1.431
2.477
2.197
1.518
1.431
1.475
5.892
1.437
8.492
1.431
1.431
1.960
1.431
1.442
1.495
1.433
1.431
2.795
1.431
1.457
1.475
1.485
1.431
1.431
1.529
1.431
1.431
1.431
1.467
1.431
1.431
1.431
1.431
1.431
2.172
1.431
1.431
1.434
1.431
1.444
22.200
1.431
1.431
1.655
1.431
23.988
1.431
5.169
5.192
1.431
1.431
1.431
1.431
1.430
1.479
24.984
1.433
1.457
1.431
1.855
1.430
1.461
1.430
1.430
1.485
1.945
1.430
1.430
1.430
1.486
1.430
1.430
1.737
2.993
3.766
15.151
1.479
1.430
1.430
1.967
1.430
1.430
1.430
1.430
1.450
5.685
1.538
1.513
1.430
1.430
1.430
1.430
1.430
1.430
1.427
2.910
4.782
1.424
2.189
1.424
1.424
5.280
2.541
1.477
21.330
1.424
1.871
1.424
1.424
1.424
1.424
1.489
1.424
1.579
1.504
24.803
24.793
1.424
1.978
1.424
2.129
1.424
1.799
1.424
1.424
1.424
1.424
1.482
1.509
1.424
1.798
3.733
1.514
1.441
1.459
1.424
1.436
1.424
24.770
1.424
3.392
1.424
1.542
1.424
3.694
1.424
1.472
1.571
1.424
1.424
1.424
2.111
1.424
1.424
1.424
1.424
1.424
7.851
1.424
1.433
8.392
1.443
1.424
10.843
1.424
1.482
1.501
1.493
1.424
1.424
2.064
1.424
4.201
1.436
1.424
1.773
1.881
1.438
1.435
1.451
1.424
1.460
2.031
1.423
1.547
1.440
1.422
1.575
1.422
1.422
1.422
1.422
1.440
1.519
3.574
1.422
1.422
3.976
1.422
1.422
1.422
1.422
1.422
22.421
1.422
1.422
21.700
1.422
1.422
1.422
1.422
17.473
1.906
1.576
1.931
1.422
1.422
1.422
1.422
1.422
4.070
1.422
1.423
4.523
1.694
1.422
1.422
1.422
1.422
1.484
1.423
1.467
1.422
1.422
1.422
1.422
1.422
2.180
1.435
1.548
1.422
1.444
1.422
1.422
1.422
1.422
1.527
4.237
1.422
2.131
1.590
1.422
1.422
1.422
1.422
1.464
1.422
1.422
1.422
2.020
1.687
1.422
1.422
1.422
1.530
1.422
1.537
1.573
1.444
3.865
1.464
1.423
1.422
1.554
1.422
1.422
1.422
1.422
1.422
1.422
1.422
1.430
1.452
13.743
1.431
1.422
1.422
1.422
1.422
1.518
9.463
18.223
1.422
1.422
1.422
1.422
1.603
1.422
1.422
1.422
1.422
1.422
1.427
12.847
1.422
8.196
1.422
1.522
1.422
1.434
2.605
1.488
1.422
1.422
1.422
1.422
1.422
1.422
1.525
1.422
1.552
1.422
1.422
1.422
2.957
1.422
1.920
1.434
1.422
1.778
3.588
1.422
1.422
1.422
2.848
1.422
1.561
14.397
1.422
1.422
1.478
1.423
1.422
1.995
1.422
1.442
1.481
1.422
1.422
1.422
1.476
1.422
1.422
1.422
1.422
1.422
1.533
1.422
2.318
1.422
1.422
1.422
1.422
3.408
1.574
1.422
5.562
1.422
1.422
1.579
2.071
1.422
1.422
1.422
1.422
1.422
1.422
1.422
1.434
1.422
1.529
1.422
24.825
1.422
1.422
1.437
20.694
1.422
1.422
1.422

Results for SA
Target: Iris-versicolor: 
Correctly classified 147.0 instances.
Incorrectly classified 3.0 instances.
Percent correctly classified: 98.000%
Training time: 33.361 seconds
Testing time: 0.004 seconds

