-i 10000 -algo sa -alpha .99 
Iterations: 10000
Cooling alpha: 0.99

Error results for SA
Target: Iris-versicolor
---------------------------
25.581
24.680
24.681
23.324
22.371
22.373
22.351
21.657
22.176
22.046
22.002
22.966
22.968
22.743
22.824
22.716
22.759
22.485
22.485
22.488
22.488
22.489
22.476
27.826
27.967
27.967
28.039
28.087
28.087
28.187
30.350
26.168
25.216
25.150
25.151
25.543
29.743
29.743
29.664
29.699
29.699
29.699
29.687
28.858
28.739
28.739
28.739
28.378
29.495
23.851
26.063
26.103
27.319
27.319
27.321
27.321
27.412
27.564
32.081
32.081
27.497
24.457
24.612
24.572
24.572
24.584
24.106
24.022
23.886
23.886
22.667
22.686
26.400
26.400
26.400
28.052
30.353
30.109
30.109
28.535
28.470
27.761
27.784
23.065
23.269
23.643
22.593
22.626
24.410
24.411
24.235
23.607
23.611
23.749
23.749
23.725
23.794
23.872
23.915
24.785
24.703
24.702
24.806
24.806
24.794
24.796
24.744
21.484
21.485
21.646
21.646
21.696
21.696
19.555
23.417
23.411
23.411
23.411
23.411
23.303
19.314
19.314
19.314
19.311
19.438
22.558
22.549
22.559
28.450
26.363
26.552
26.552
26.760
26.739
26.471
27.275
26.770
26.770
26.763
26.961
26.961
26.961
23.879
23.879
20.882
20.884
18.656
16.677
16.721
16.696
16.695
16.825
16.825
16.826
16.826
17.429
17.429
17.231
17.231
17.226
17.228
17.323
17.314
17.316
17.313
17.305
17.547
17.548
17.548
17.508
16.811
16.810
16.929
16.644
16.644
16.644
17.057
17.057
17.057
17.057
17.121
17.121
17.121
16.651
16.619
16.551
16.648
16.643
16.643
16.643
17.144
17.144
15.754
15.757
15.757
15.572
15.571
15.994
15.983
15.983
15.940
15.944
15.944
15.944
15.944
17.036
17.150
16.057
16.473
15.638
15.623
15.616
15.616
15.616
15.616
15.616
15.616
15.616
15.677
15.676
15.969
15.959
15.957
15.918
15.918
15.303
15.281
15.164
15.548
15.548
16.897
16.696
18.562
18.562
18.529
18.547
18.547
18.548
18.548
18.548
16.229
16.302
16.302
16.302
16.305
16.306
15.565
15.565
15.565
15.605
15.605
15.635
15.591
15.590
15.906
15.900
15.900
15.900
15.900
15.699
15.699
15.698
15.698
15.698
16.048
16.048
16.048
16.041
17.080
16.939
16.939
16.964
16.989
16.484
16.536
16.535
16.778
16.890
16.890
17.366
17.366
17.366
17.271
17.271
16.913
16.937
16.937
16.727
18.016
18.016
18.016
18.020
17.834
17.637
17.637
17.680
18.794
18.794
18.794
18.841
18.841
18.689
18.689
18.689
18.062
18.062
18.039
18.039
18.039
16.942
16.942
16.943
16.940
16.886
16.887
16.843
17.384
17.383
17.384
17.384
17.384
17.384
17.813
17.580
17.936
17.935
17.935
18.154
21.033
21.031
21.587
21.587
21.555
20.209
20.366
20.366
20.366
17.275
17.274
16.559
16.546
16.546
16.609
16.653
17.193
17.193
17.127
17.727
17.988
17.988
17.988
17.989
17.989
17.987
19.411
19.411
18.290
18.290
19.174
19.167
19.167
20.127
20.812
20.812
20.812
20.813
20.813
21.659
21.659
21.659
21.706
21.706
21.663
20.553
20.553
20.553
21.194
21.194
19.889
19.420
19.738
19.996
19.874
19.915
19.915
20.299
20.363
20.377
20.267
19.922
19.921
19.926
19.926
19.926
19.823
19.823
19.823
19.823
19.944
19.944
19.944
18.739
18.738
17.137
17.149
17.148
16.989
16.989
16.994
17.360
17.360
18.359
19.761
19.765
19.765
19.772
19.772
19.766
19.759
20.134
20.134
20.021
20.020
20.004
20.005
20.005
20.034
21.489
21.489
21.489
21.489
21.487
21.482
22.244
22.244
22.244
22.244
22.247
22.247
22.247
22.246
22.259
22.260
22.259
22.258
22.258
22.258
22.236
22.239
22.239
22.241
22.240
22.240
22.296
22.296
22.296
22.371
22.392
22.392
22.392
22.384
22.384
22.384
22.384
22.384
22.383
22.383
22.383
22.431
22.431
22.431
22.431
22.431
22.431
22.431
22.448
22.451
22.467
22.405
22.382
22.382
22.382
22.382
22.382
22.382
22.382
23.086
23.085
23.154
23.154
23.154
23.154
23.086
23.087
23.091
23.091
23.091
23.026
23.026
23.026
22.160
22.160
22.148
22.100
22.100
22.083
22.097
22.195
22.195
22.939
22.939
22.939
23.547
23.547
23.554
23.554
23.554
23.554
23.134
23.137
23.137
23.137
23.120
23.154
23.154
23.154
23.154
23.154
23.154
23.154
23.153
23.153
23.153
23.153
23.512
23.512
23.512
23.512
23.552
23.552
23.959
24.318
24.321
24.321
24.321
24.469
24.469
24.469
24.450
24.450
24.450
24.450
24.450
24.450
24.450
24.450
24.450
24.455
24.455
24.455
24.455
24.361
24.335
24.335
24.335
24.153
24.153
24.153
24.153
24.153
24.152
24.356
24.356
24.356
24.291
24.291
24.292
24.292
24.292
24.292
24.292
24.292
24.292
24.292
24.083
24.083
23.767
23.767
23.649
23.649
23.649
23.649
23.649
23.649
23.413
23.387
23.201
23.201
23.201
23.201
23.201
23.200
23.200
23.200
23.536
23.452
23.451
23.451
23.451
23.451
23.451
23.451
23.450
23.451
23.444
23.445
23.445
23.442
22.888
22.888
22.504
22.504
21.800
21.800
21.800
21.800
21.800
21.800
21.864
21.852
21.852
20.381
19.429
19.429
19.429
19.429
19.416
19.420
19.420
19.566
20.939
20.939
20.934
20.710
20.644
20.644
20.644
20.644
21.209
21.209
21.998
21.998
21.230
20.584
20.584
20.584
20.584
20.584
20.584
20.584
20.584
20.584
20.584
20.583
21.268
21.268
21.268
21.268
21.279
21.263
22.178
22.224
22.224
22.224
22.224
22.224
22.224
22.213
21.605
21.605
21.571
21.571
21.571
21.570
21.570
21.566
21.566
21.566
21.566
21.566
22.438
22.438
22.437
22.437
22.437
22.437
22.437
22.437
22.437
22.713
22.712
22.712
22.714
22.714
22.714
22.714
22.527
22.527
23.273
23.297
23.297
23.280
23.280
23.280
23.280
23.280
23.278
23.278
22.483
22.483
22.167
22.260
22.260
22.246
22.246
22.246
22.161
22.161
22.161
22.161
22.162
22.678
22.678
22.678
22.678
22.678
22.678
22.398
22.664
22.664
21.505
21.505
21.505
21.505
21.505
21.505
21.505
21.505
21.495
21.435
22.492
22.662
22.661
22.662
22.662
22.661
22.661
22.661
21.607
22.298
22.298
22.298
22.299
22.299
20.974
20.974
20.974
20.280
20.496
19.535
19.535
19.535
19.622
19.622
19.622
19.622
19.622
19.622
19.622
18.459
19.944
19.944
19.944
19.944
21.357
21.355
21.355
21.355
21.355
21.355
21.386
21.386
21.360
21.360
21.360
21.360
20.519
20.517
20.517
20.517
20.518
19.519
18.737
18.737
18.312
18.317
19.284
19.284
19.284
19.284
19.284
19.284
19.284
18.213
17.009
16.891
16.891
16.891
16.891
16.288
16.299
16.299
16.301
16.327
16.327
17.216
16.376
16.376
16.376
16.377
16.377
16.696
16.635
16.696
16.693
16.642
16.642
16.642
18.080
17.589
18.323
18.323
18.324
18.323
18.323
15.006
15.006
15.006
15.006
15.006
15.006
15.006
15.006
15.006
15.006
15.006
15.006
15.006
15.006
15.008
15.010
15.013
15.013
15.013
15.013
14.980
14.980
14.980
14.979
14.979
14.979
15.156
15.156
15.153
15.153
15.153
16.214
16.214
16.214
16.214
15.533
15.532
16.681
16.681
16.678
16.680
16.680
16.680
16.680
16.717
16.717
16.717
15.425
15.424
15.105
14.971
14.971
14.971
14.963
14.975
14.979
14.978
15.498
15.498
15.498
14.986
14.984
14.984
14.984
14.986
14.984
14.984
15.213
15.213
16.311
16.311
16.311
16.311
16.311
16.311
16.311
15.601
14.986
15.109
15.109
15.109
15.109
15.109
15.109
15.109
15.109
14.945
14.945
14.945
14.945
14.944
14.944
14.944
14.944
15.142
15.142
15.142
15.142
15.142
16.820
16.820
16.820
17.744
17.936
17.936
16.974
16.974
16.685
15.820
15.838
15.838
15.726
15.633
15.634
15.042
15.042
15.042
15.042
15.042
15.042
14.994
14.994
14.994
14.998
14.998
14.998
14.998
14.998
15.109
15.075
15.081
15.081
15.167
15.126
15.126
15.126
15.126
15.126
15.126
15.126
15.126
15.126
15.681
15.681
15.681
15.681
15.682
15.682
15.682
15.682
15.682
15.035
15.346
15.346
15.337
17.251
17.251
17.251
17.101
17.101
17.101
17.101
17.090
17.090
17.090
17.090
17.090
17.090
17.090
17.092
17.089
18.056
18.056
18.056
18.462
18.462
18.463
18.463
18.463
18.463
18.458
19.155
18.712
18.710
18.710
18.710
18.710
18.710
18.618
18.618
18.618
18.618
18.618
18.618
17.145
17.145
17.145
18.299
18.299
18.299
18.299
18.298
18.298
17.080
17.080
17.080
17.109
17.109
17.109
16.745
16.745
16.733
16.781
16.781
16.781
16.782
16.812
16.760
16.760
16.760
16.760
16.760
16.760
16.760
16.760
16.760
16.767
16.767
16.767
16.767
16.767
16.767
16.767
16.767
16.767
16.767
16.779
16.779
16.777
16.777
16.656
16.656
16.979
16.979
16.980
16.980
16.982
16.982
16.982
16.982
16.986
16.986
16.985
16.625
16.625
16.625
16.625
16.625
16.622
17.759
19.956
19.979
19.979
20.121
20.121
20.119
20.027
20.215
20.215
20.203
23.602
23.615
26.221
26.221
26.221
27.220
27.220
27.220
27.220
27.220
26.325
21.539
18.441
18.441
18.441
18.443
18.443
18.456
32.286
32.286
32.286
32.294
32.294
32.294
31.644
31.607
27.223
22.343
22.454
22.454
19.945
17.099
19.871
19.871
19.109
17.277
17.277
17.278
17.278
17.278
17.300
17.300
15.831
17.013
17.015
17.242
17.273
17.273
17.273
17.273
17.273
17.273
17.273
17.273
17.273
17.273
17.273
15.013
15.013
15.012
15.012
15.012
15.012
15.012
15.635
15.635
15.635
15.635
15.635
15.038
14.875
14.820
14.820
16.277
16.345
16.179
16.183
16.183
16.183
16.183
16.183
16.183
16.188
16.188
16.185
16.184
16.203
16.203
18.355
18.382
18.372
18.372
18.372
18.372
18.372
18.372
18.372
18.372
18.375
17.471
17.471
17.467
17.467
17.467
16.983
16.983
16.983
17.009
17.009
17.742
17.201
17.190
17.190
17.250
17.296
17.336
16.813
16.813
16.813
16.813
16.813
16.813
16.817
16.819
16.819
16.819
16.819
16.819
16.819
16.990
17.121
17.185
17.174
16.791
19.122
18.693
17.852
17.849
17.849
17.849
17.849
17.165
17.291
17.128
17.009
17.168
17.276
16.636
16.507
16.747
18.435
18.435
17.845
17.840
17.511
17.511
17.511
16.865
18.448
18.448
18.474
18.492
18.492
18.492
18.492
18.274
18.220
18.243
18.243
17.134
17.134
18.498
18.500
18.500
18.500
18.500
18.500
17.106
17.101
17.101
17.101
17.096
17.096
17.096
17.096
17.096
17.090
17.090
16.083
16.081
16.776
16.776
16.776
17.005
16.782
16.513
16.513
16.596
16.242
16.246
16.221
16.221
16.221
16.232
16.232
16.232
16.238
16.234
16.234
16.204
16.204
16.204
16.204
17.499
16.888
16.858
17.650
17.650
17.650
17.965
17.965
17.965
17.894
18.249
18.249
18.726
18.726
18.726
18.726
18.768
18.768
18.768
18.768
18.987
18.996
18.808
18.815
19.014
19.014
19.014
19.015
18.905
18.905
18.905
18.905
18.744
19.828
19.828
17.004
17.004
17.817
17.442
17.442
17.442
17.442
17.442
16.412
16.401
16.401
16.401
16.401
16.401
16.223
16.223
16.223
16.223
16.927
16.927
16.927
16.990
16.990
17.089
20.392
20.392
20.379
18.835
18.847
18.847
18.847
18.847
18.723
18.733
21.111
21.111
21.111
21.054
22.236
18.225
18.224
18.223
18.223
18.475
18.475
18.475
18.475
18.475
18.699
20.767
20.767
20.767
20.767
18.004
18.004
18.004
20.991
20.992
20.236
23.780
23.780
19.264
19.830
19.830
17.786
17.787
17.786
17.786
17.786
20.186
20.186
20.186
18.704
18.704
25.184
25.184
23.526
23.609
21.096
21.096
19.210
19.778
19.778
19.777
19.777
19.777
20.991
21.246
22.144
22.192
22.192
22.192
22.301
22.301
22.301
22.305
23.072
23.072
23.072
23.072
23.072
23.072
23.072
22.400
18.901
17.440
17.433
17.433
17.433
17.433
17.433
17.434
17.067
16.119
16.119
16.119
16.121
16.121
15.101
15.209
15.209
15.209
15.209
15.209
15.209
15.206
15.206
15.206
15.206
15.206
15.206
15.206
15.206
15.206
15.564
15.564
15.564
15.563
15.563
15.563
15.563
15.947
20.380
20.380
20.380
20.380
20.380
20.672
20.672
21.545
21.545
21.545
20.426
20.426
20.336
20.336
21.358
21.358
21.292
22.522
22.197
22.705
16.549
16.549
16.549
16.022
16.022
16.022
16.022
16.022
15.969
15.969
15.969
15.127
15.252
15.203
15.203
15.203
15.524
15.522
15.522
15.522
15.522
15.522
15.218
15.218
15.218
16.783
15.985
15.985
15.991
15.991
16.314
16.309
16.309
16.309
16.309
14.858
14.371
14.361
14.277
15.058
15.058
15.400
15.400
15.411
15.411
17.078
17.078
17.078
17.078
19.036
19.036
19.036
19.036
17.563
17.563
17.563
15.754
15.746
15.746
15.746
15.655
15.895
15.895
15.510
15.510
15.510
15.510
15.510
15.508
15.508
15.162
15.162
30.488
30.488
30.488
28.677
28.677
28.677
28.672
27.304
27.304
27.225
27.770
29.522
29.522
27.815
27.579
27.579
27.579
27.606
27.715
27.715
26.717
26.717
26.717
26.566
26.545
26.547
26.547
26.547
26.547
26.547
26.547
26.547
26.547
26.547
26.419
26.319
26.319
26.319
25.341
25.341
25.341
25.506
25.506
25.506
27.708
27.708
27.708
24.350
24.663
24.663
25.926
25.980
27.267
27.267
26.170
27.101
27.101
27.282
27.282
26.696
26.696
26.696
26.696
27.266
27.266
24.756
22.666
22.666
21.938
21.949
22.040
22.037
21.372
21.372
21.371
22.985
22.985
22.985
22.985
22.985
23.495
23.495
23.495
23.495
23.217
23.541
23.831
23.696
23.696
24.997
26.887
26.887
26.995
26.995
26.995
26.995
26.995
26.995
27.014
27.254
27.254
27.254
27.254
26.454
25.562
26.725
26.725
26.725
26.725
26.727
26.821
27.086
27.093
27.093
26.172
26.172
26.172
25.946
25.946
25.946
25.946
27.080
27.080
26.021
26.071
28.935
22.520
22.986
23.039
23.038
23.038
22.688
22.688
22.688
23.825
23.825
23.825
23.825
23.825
23.825
23.825
23.825
23.825
23.825
29.968
29.968
29.968
29.968
31.206
31.206
26.858
26.318
26.318
26.318
26.318
27.404
27.404
27.404
27.404
27.404
25.170
25.257
25.257
25.257
25.257
25.268
24.834
25.332
25.332
25.332
25.332
24.183
24.412
24.412
24.412
24.412
24.412
24.412
24.412
24.412
24.412
24.412
24.412
24.412
24.412
24.412
24.412
24.412
24.412
24.412
22.798
22.798
23.177
22.972
23.290
23.641
23.641
23.641
23.641
23.641
23.641
23.641
23.641
23.635
23.635
24.061
24.061
24.267
24.267
24.267
24.267
24.267
24.272
24.272
24.272
24.272
24.272
24.272
24.272
24.274
24.275
24.275
24.275
24.275
24.275
24.275
24.275
24.496
24.496
24.496
24.496
24.496
24.535
24.535
24.535
24.535
24.535
24.535
24.531
24.531
24.430
24.430
24.430
24.430
24.430
24.516
24.516
24.372
24.372
24.372
24.372
24.372
24.372
24.585
24.653
24.653
24.653
24.653
24.653
24.653
24.653
24.653
24.653
24.550
24.550
24.550
24.550
24.550
24.550
24.550
24.550
24.550
24.482
24.482
24.482
24.482
24.482
24.482
24.546
24.611
24.611
24.611
24.611
24.611
24.611
24.503
24.503
24.503
24.503
24.503
24.503
24.503
24.645
24.614
24.614
24.614
24.620
24.620
24.603
24.603
24.603
24.357
24.309
24.065
24.393
24.393
24.393
24.393
24.393
24.393
24.393
24.393
24.393
24.489
24.443
24.443
24.437
24.437
24.437
24.437
24.511
24.511
24.511
19.486
19.486
19.486
19.486
19.486
19.486
19.486
16.981
16.982
16.982
16.982
16.669
16.669
16.669
16.669
16.669
16.901
16.901
16.901
16.901
16.901
16.901
16.901
16.707
16.795
17.449
19.037
18.963
18.963
18.964
18.964
18.965
18.965
18.964
18.964
18.964
18.964
18.964
18.964
18.964
18.964
18.964
18.964
18.964
21.253
21.253
21.253
20.446
18.331
18.331
18.331
18.330
18.329
18.329
19.467
19.467
19.467
19.467
19.469
19.469
17.621
16.846
16.846
16.846
16.846
16.846
16.846
16.846
16.846
16.846
16.846
16.706
16.706
16.706
16.706
16.706
16.706
17.902
17.902
17.902
17.900
17.900
17.900
17.900
17.900
17.900
17.900
18.971
18.971
18.971
19.941
19.941
19.941
21.176
21.177
21.177
21.217
21.217
21.217
21.217
21.217
21.217
21.217
21.658
21.658
21.659
21.659
21.659
21.659
21.659
21.659
21.659
21.736
21.736
21.491
21.798
21.798
21.798
21.807
21.807
22.080
22.080
22.080
22.080
22.358
22.358
22.376
23.127
23.128
23.128
23.129
23.261
18.975
18.886
20.735
20.735
20.735
20.735
20.732
20.732
20.732
20.732
20.732
20.732
20.968
18.128
18.128
18.128
18.128
18.348
19.037
19.712
23.241
21.142
24.419
24.419
23.269
23.269
23.268
23.268
23.653
23.653
22.901
22.901
22.901
26.780
26.780
26.802
26.760
26.760
26.760
21.488
21.488
21.488
23.029
23.192
23.224
23.224
23.224
21.191
21.191
21.191
23.050
23.050
23.050
23.970
23.970
22.658
22.658
27.307
26.799
25.864
25.864
25.864
25.925
25.925
28.769
28.767
28.348
28.348
28.348
28.348
28.348
28.348
28.348
28.348
28.346
28.346
28.460
28.820
33.168
36.573
32.317
32.317
32.469
32.384
32.384
32.195
32.252
32.202
28.596
27.452
27.452
27.452
27.337
27.337
30.866
30.866
30.866
29.077
29.077
29.069
28.226
28.226
28.226
28.226
28.226
29.283
33.727
33.727
33.728
33.728
33.728
33.728
33.728
33.703
33.703
33.703
35.881
32.869
32.784
32.784
32.784
32.784
32.784
32.784
32.784
31.998
31.985
31.985
31.985
31.985
31.960
31.960
31.981
31.981
31.981
31.979
31.979
34.760
34.760
34.760
34.760
34.760
34.760
34.760
31.486
31.486
31.486
31.486
31.486
31.037
31.037
31.039
31.039
31.039
31.039
31.585
31.585
31.592
31.592
31.592
31.592
31.245
31.245
31.245
32.133
31.090
31.090
31.090
31.079
31.079
31.079
31.079
31.058
31.058
31.058
31.058
31.058
31.058
31.058
31.042
33.699
30.814
28.297
28.297
28.297
28.297
28.297
28.297
28.480
28.524
28.524
28.524
28.524
28.524
28.524
28.524
24.469
24.469
24.469
22.443
21.462
23.072
23.072
23.072
26.906
25.156
25.115
24.977
23.602
23.602
23.607
23.671
23.671
23.671
21.165
21.165
21.165
21.167
21.167
20.302
18.691
18.691
18.691
18.549
19.203
18.410
18.410
18.410
18.410
18.410
18.410
18.422
18.422
16.453
16.453
16.453
16.459
16.269
16.269
16.461
17.211
17.211
17.210
17.210
17.210
17.210
17.210
17.210
17.257
17.256
16.971
16.971
17.844
17.844
17.929
18.003
18.003
18.003
18.156
18.152
17.457
20.160
20.160
16.730
16.730
16.730
16.730
16.730
16.721
16.709
18.810
16.944
17.023
16.988
16.988
18.313
18.924
18.859
19.718
23.028
24.258
24.258
24.362
24.362
24.513
27.994
27.994
27.880
27.721
27.721
32.373
31.714
31.714
32.838
32.838
32.838
33.567
33.567
33.567
33.567
33.567
33.567
28.691
24.176
24.176
24.179
22.323
22.321
22.320
22.320
22.304
22.304
22.319
25.848
25.845
24.271
24.271
24.271
24.340
24.340
24.340
24.340
24.340
24.340
24.340
24.340
23.207
23.644
23.396
21.853
21.853
21.853
21.853
21.685
21.685
21.422
21.422
21.422
21.422
21.422
22.571
22.572
22.562
21.732
21.732
20.927
20.947
21.122
21.122
21.007
21.264
21.264
22.082
22.082
22.082
22.082
22.082
22.936
22.936
22.936
22.915
22.915
23.885
23.548
23.548
23.690
23.690
23.690
23.690
23.291
23.289
23.326
23.326
23.509
23.509
24.145
24.144
24.144
26.055
26.055
26.060
20.048
20.048
17.891
19.140
19.140
19.745
19.745
22.787
22.787
22.787
22.129
22.066
22.140
22.140
22.140
22.140
22.140
22.140
21.824
21.817
29.276
29.276
29.276
29.276
28.873
28.826
29.042
29.036
29.036
29.036
29.041
29.041
29.044
29.044
27.655
27.651
27.649
27.649
27.651
28.089
29.714
29.714
29.714
29.717
29.717
30.310
30.311
30.883
30.883
30.883
30.883
30.880
31.046
31.398
32.241
32.240
32.240
32.240
33.386
33.378
33.476
33.476
35.238
31.510
31.595
31.937
31.937
31.937
31.436
31.520
29.439
29.439
29.439
28.773
30.290
30.290
30.289
30.322
30.532
30.538
31.266
31.338
31.338
30.287
30.287
30.287
30.287
27.275
26.666
26.666
26.666
26.620
26.496
26.089
26.088
26.093
26.370
26.370
26.370
26.374
26.418
28.605
28.768
28.855
28.855
29.478
28.553
28.796
30.605
30.605
30.605
30.605
30.605
31.474
31.474
31.474
31.474
31.474
30.900
30.201
30.201
30.201
29.630
37.148
37.148
37.257
37.216
37.216
37.216
36.855
36.882
36.882
34.481
34.481
34.481
34.481
31.593
30.825
32.664
32.664
32.163
32.166
33.553
33.553
33.553
33.553
33.553
33.552
41.125
41.104
41.104
46.302
46.753
47.078
46.238
47.345
47.345
47.345
47.700
47.700
47.700
47.700
48.018
48.018
48.018
48.018
48.018
48.018
47.440
44.243
44.243
44.229
44.236
44.236
43.571
43.571
43.497
43.497
43.497
40.545
40.883
40.880
40.880
40.880
40.352
40.320
40.315
40.315
40.443
40.443
40.443
40.443
42.111
42.111
42.111
42.111
41.085
41.085
40.793
40.089
40.089
40.664
41.086
41.079
41.079
38.992
38.990
38.990
38.708
40.486
42.004
42.032
42.032
42.571
42.571
45.903
45.422
46.105
46.029
46.176
45.812
45.122
45.012
45.012
43.768
45.714
45.714
46.022
46.884
46.884
46.884
46.884
46.597
46.711
46.755
46.755
33.067
33.521
34.265
34.265
34.620
34.867
34.867
34.910
34.910
34.679
34.950
34.948
34.835
34.835
34.835
34.713
34.714
34.714
34.709
34.709
34.611
34.611
34.611
34.625
34.625
34.190
31.997
31.997
31.997
31.998
31.579
31.579
31.579
31.584
31.584
42.985
42.985
29.551
29.551
42.801
42.612
42.612
42.612
42.612
42.612
42.622
42.622
43.298
43.298
43.298
43.063
43.069
43.069
43.063
43.063
33.492
33.491
35.657
35.636
42.826
42.826
43.045
43.039
43.036
43.036
43.036
40.950
40.950
40.950
40.950
40.896
40.896
40.896
40.896
40.896
40.493
40.386
40.386
40.226
41.090
41.186
39.999
40.003
40.003
38.736
36.935
38.559
38.559
38.558
38.558
38.301
38.360
38.360
38.351
37.935
32.912
32.912
32.912
48.745
48.745
48.745
48.743
48.742
48.511
48.511
48.511
48.569
48.657
48.232
48.231
48.208
48.209
48.209
48.209
48.209
48.219
48.219
47.373
47.460
47.369
47.369
47.391
47.310
46.701
47.105
47.105
47.105
47.105
47.105
47.105
47.103
47.098
47.098
45.580
44.476
45.088
46.050
44.598
44.361
44.358
44.358
44.359
44.359
44.359
44.359
45.403
45.403
45.403
45.403
45.744
45.744
45.744
46.581
45.556
45.556
45.556
45.556
45.175
45.175
45.175
45.175
49.389
49.389
49.103
49.107
49.085
49.085
49.189
49.085
49.060
49.060
49.127
49.076
43.921
43.921
43.427
43.427
43.419
43.418
44.685
44.040
44.263
44.263
44.263
44.264
41.902
41.903
41.903
41.904
41.185
39.888
39.888
40.571
40.571
40.572
40.430
37.729
37.729
37.823
37.645
37.645
37.645
38.749
38.749
38.749
38.749
39.569
39.444
39.444
39.388
39.388
41.232
41.232
40.687
40.687
38.069
38.069
38.069
48.668
48.668
48.668
48.656
48.671
48.474
48.474
48.474
48.528
48.528
48.528
48.388
47.753
47.731
48.515
48.554
49.028
49.028
49.130
49.130
49.130
49.130
49.130
49.130
49.143
49.095
49.095
49.054
48.991
48.870
48.870
46.311
46.594
46.226
46.226
46.226
46.227
45.522
45.522
45.522
47.339
47.339
47.339
47.339
47.339
47.322
47.322
47.322
43.964
43.397
43.397
43.421
45.186
43.402
43.402
43.006
41.036
41.036
41.036
41.036
41.137
41.137
41.137
36.729
41.549
41.549
41.553
39.653
39.662
39.662
39.662
28.346
28.349
28.349
28.349
28.349
28.349
29.800
29.800
29.800
29.799
29.799
29.799
29.799
29.799
29.799
29.800
29.800
29.800
29.800
28.963
28.963
28.886
28.886
28.722
35.469
28.130
28.129
28.130
28.146
28.146
28.142
28.142
28.135
28.135
28.135
28.135
28.398
28.396
28.457
28.727
28.334
28.334
32.153
32.153
32.155
33.567
33.567
34.103
34.103
34.118
32.277
32.276
32.276
32.276
31.998
31.988
30.853
32.251
32.499
32.499
33.329
33.329
33.329
34.018
34.022
33.089
41.558
33.089
32.962
35.048
32.962
32.962
34.193
27.320
29.491
29.462
29.462
29.511
29.511
29.511
30.505
30.505
30.829
30.829
30.829
42.281
30.438
30.438
33.373
33.373
33.451
33.444
33.415
35.024
33.507
29.135
30.116
30.116
30.113
43.803
30.102
30.102
31.032
31.077
31.077
31.077
43.883
31.048
31.897
32.180
31.898
31.026
31.034
31.034
33.098
33.332
32.652
31.181
31.498
31.507
31.507
31.507
31.508
31.508
31.632
32.161
32.290
32.403
32.403
32.403
32.102
32.261
31.394
31.877
36.771
31.877
31.699
31.860
32.170
30.614
32.287
32.186
31.883
31.883
32.634
34.324
32.044
32.044
32.044
32.044
29.290
29.290
28.306
28.288
28.288
28.288
28.290
28.290
28.290
28.311
28.290
28.291
28.291
28.658
29.147
28.858
28.858
28.858
28.851
29.295
28.829
28.888
28.888
34.383
28.888
28.686
29.336
29.336
28.207
28.207
28.203
28.868
28.718
28.886
28.886
28.459
28.459
28.459
34.762
28.459
28.951
28.067
28.067
26.748
26.663
26.662
26.662
26.187
26.151
26.380
26.399
26.399
26.399
26.399
26.398
27.476
26.364
26.364
26.364
26.782
26.782
29.391
29.393
29.385
29.313
29.722
29.700
29.696
31.485
30.203
29.829
29.829
28.797
28.797
28.797
28.797
28.760
29.789
28.760
28.575
28.575
29.153
29.049
29.044
28.098
27.765
27.763
27.763
28.267
28.171
28.064
28.064
28.141
29.352
29.352
30.782
29.352
29.352
29.352
29.253
36.059
29.209
32.443
30.230
29.191
29.190
29.190
29.190
29.196
29.250
29.250
29.250
29.232
29.232
29.306
29.306
29.306
26.571
28.532
25.941
26.317
25.941
25.957
25.938
25.938
25.914
25.914
25.848
25.848
25.847
27.690
25.847
25.847
28.643
24.903
25.906
24.903
24.903
23.865
23.865
23.865
24.031
24.031
24.373
24.031
24.360
24.045
24.790
24.805
24.175
24.175
24.175
25.632
24.185
24.175
24.201
24.089
23.441
24.399
23.441
23.441
23.441
23.343
23.756
23.776
24.392
23.343
24.321
23.343
23.343
23.343
23.343
23.343
23.357
23.358
23.358
23.358
23.358
39.787
23.821
23.941
23.821
26.665
23.822
22.775
22.775
22.775
20.935
20.940
21.516
21.055
22.372
21.057
21.057
20.905
20.905
20.905
20.904
20.904
20.972
20.972
21.417
20.977
21.420
20.914
20.914
20.914
20.922
20.922
21.144
20.922
20.915
20.920
22.552
20.921
20.921
20.921
19.602
22.257
19.602
21.676
19.607
17.465
14.966
14.501
14.678
16.824
14.501
14.501
14.474
14.474
14.483
14.989
17.073
14.724
15.796
12.705
16.985
12.705
12.704
12.785
12.704
10.734
11.225
10.712
10.712
10.712
10.713
11.070
10.480
10.480
10.506
10.480
10.480
10.480
10.480
11.465
12.087
12.083
11.078
10.480
10.480
10.402
10.402
10.402
10.341
10.341
9.482
10.680
9.097
9.097
9.082
9.077
9.077
9.305
9.077
9.077
9.077
9.076
9.076
9.076
9.076
10.404
9.076
9.076
9.076
9.076
9.076
7.291
7.291
7.291
7.283
7.283
7.283
6.055
6.021
6.021
8.429
6.021
5.203
5.203
6.711
5.203
5.203
6.227
5.203
5.026
4.912
4.912
4.912
4.912
4.917
4.917
4.910
4.426
4.426
4.410
4.410
4.410
4.468
4.252
4.252
4.252
4.252
4.586
4.199
4.731
4.199
4.199
4.227
4.663
4.199
4.196
4.193
4.415
4.193
4.193
4.193
4.193
4.984
4.193
4.193
3.926
3.939
3.926
3.926
3.926
4.293
3.926
3.930
3.926
3.908
3.897
3.897
4.032
3.843
3.843
7.140
3.843
3.811
4.008
4.044
3.958
3.811
3.816
3.811
4.847
8.599
5.339
3.832
3.822
3.828
3.811
3.811
3.811
4.700
3.850
3.811
3.811
4.393
3.811
3.811
3.945
3.811
3.372
3.372
3.372
3.386
3.449
3.379
3.372
3.709
3.372
3.336
3.405
3.336
3.345
3.336
3.639
3.336
3.336
3.335
3.335
3.335
3.715
3.335
3.335
3.335
3.335
3.335
9.781
3.368
3.335
3.335
3.337
3.335
3.335
3.335
3.335
3.345
3.335
4.566
3.466
3.335
3.335
3.335
3.441
3.386
3.378
6.029
3.335
3.508
3.335
3.728
3.335
3.335
3.738
3.335
3.335
3.335
3.335
3.361
3.335
3.374
3.335
3.561
3.335
3.335
3.336
3.774
3.335
3.335
3.335
3.335
3.344
3.336
4.353
3.335
3.471
3.335
3.462
3.335
3.676
3.335
3.335
3.333
3.342
4.933
3.385
3.523
3.333
3.342
3.377
5.104
3.333
3.333
3.348
3.790
3.333
3.333
3.810
3.377
3.818
3.333
3.269
3.269
3.605
3.269
3.269
3.269
3.363
3.269
6.579
3.985
3.295
3.564
3.278
3.269
3.269
3.269
3.269
3.303
3.269
3.269
3.460
3.275
3.277
3.269
3.269
3.269
3.269
13.847
3.765
3.269
3.268
3.270
3.268
4.729
3.268
3.268
3.268
3.268
3.446
3.671
3.268
7.898
3.268
3.268
3.401
3.383
3.268
3.268
3.267
3.902
3.921
3.261
3.261
3.261
3.261
3.317
4.026
3.409
3.758
3.363
3.261
3.261
3.261
3.261
3.261
3.261
3.340
3.261
3.261
3.749
3.261
3.261
3.482
3.261
3.843
3.261
3.261
3.261
3.263
3.261
3.261
3.265
3.260
3.261
3.260
3.363
3.260
3.260
3.429
3.249
3.249
3.224
3.223
3.223
3.222
3.222
3.222
3.222
3.282
12.568
3.222
3.362
3.222
3.222
3.228
3.222
4.082
7.762
3.222
3.483
3.222
3.222
3.222
3.222
3.222
11.678
3.222
3.222
3.222
3.222
3.523
3.211
3.563
3.282
3.211
3.211
3.314
3.211
3.211
7.539
3.225
3.211
3.211
3.211
3.211
3.211
11.880
3.211
3.211
3.378
3.296
3.211
3.239
3.212
3.211
3.200
5.501
3.200
3.200
3.265
3.200
3.200
3.200
3.418
3.200
3.345
3.264
3.200
3.470
3.311
3.200
3.227
3.200
3.200
3.304
3.347
3.190
3.190
3.190
3.190
3.359
3.190
3.190
3.191
3.185
3.185
3.667
3.185
6.353
3.185
3.186
3.169
3.169
3.169
3.170
3.266
3.167
3.198
3.167
5.195
3.187
3.167
3.167
3.167
3.160
3.160
3.194
3.160
3.160
3.154
3.154
3.221
3.154
3.235
3.206
3.154
3.154
3.155
3.154
3.674
3.707
3.154
3.150
3.150
2.642
2.681
2.642
2.642
2.641
2.641
2.641
2.704
2.641
2.641
2.641
2.641
3.497
2.644
2.641
2.641
2.641
2.641
2.641
2.717
2.765
2.706
4.691
2.646
2.641
2.646
2.641
2.641
2.641
2.720
2.641
5.100
2.683
2.641
2.641
2.641
2.641
2.688
2.637
2.637
2.637
2.637
2.692
2.705
2.637
2.891
2.625
2.625
8.054
2.625
2.818
2.625
2.625
2.876
2.625
2.559
2.749
3.070
2.559
2.559
2.559
2.718
2.558
2.559
2.558
2.697
2.586
2.558
2.639
2.558
2.826
2.562
2.602
2.576
2.608
2.558
2.558
2.567
2.539
2.541
2.539
2.539
2.538
2.538
2.718
2.538
2.538
2.537
2.537
2.537
2.542
2.533
2.597
2.536
2.533
2.533
2.533
2.776
2.533
4.177
2.533
2.536
2.530
20.019
2.537
2.530
2.526
2.526
2.644
2.572
2.526
2.517
2.644
2.517
2.590
2.517
2.517
2.733
2.517
5.075
2.517
2.517
2.517
2.517
2.517
2.517
2.554
2.517
2.519
11.136
2.673
2.517
2.517
2.517
2.517
2.517
2.517
2.517
2.522
2.520
2.517
2.517
2.536
2.700
2.557
2.517
2.517
2.530
2.772
2.517
2.517
2.527
2.523
2.517
2.517
2.733
2.517
2.869
2.559
2.517
2.517
2.518
2.517
2.517
2.523
2.517
19.162
2.517
2.517
2.785
2.517
2.517
2.619
2.620
4.367
2.517
2.516
2.673
2.516
2.527
2.516
2.516
2.516
2.628
2.516
2.516
2.813
2.516
2.515
2.515
2.515
8.631
2.799
2.515
2.515
2.515
2.515
2.515
2.786
2.581
2.515
2.516
2.625
3.039
2.567
2.519
2.606
2.790
2.515
2.646
2.515
2.515
2.665
2.515
2.902
2.515
2.515
2.515
2.515
2.515
2.507
2.507
2.507
15.338
2.618
2.506
2.696
2.506
7.182
2.506
2.508
2.506
2.506
2.428
2.428
2.428
2.428
2.428
5.652
2.428
2.428
2.428
2.723
2.577
2.394
2.782
2.382
2.382
2.382
2.382
2.382
2.382
2.382
2.407
2.264
2.264
2.312
2.264
2.264
2.264
2.264
2.264
2.264
2.264
2.344
2.264
2.264
2.264
2.607
2.264
2.264
2.416
2.264
2.264
2.275
2.277
2.376
2.263
2.263
2.331
2.268
2.450
2.263
2.263
2.440
2.263
2.472
2.263
2.263
2.263
2.263
2.263
2.359
2.513
2.354
2.258
2.329
2.258
2.942
2.258
2.597
2.259
2.258
2.370
2.258
6.630
2.309
2.247
2.247
2.247
3.126
2.247
4.093
2.247
2.247
2.373
2.247
2.268
2.247
2.247
2.854
2.285
2.248
2.247
2.267
2.247
2.247
2.247
2.247
2.257
2.247
2.382
2.334
2.247
2.247
2.257
2.247
2.247
2.404
7.243
2.247
4.441
2.247
2.247
2.247
2.483
2.284
2.317
2.247
2.248
2.868
5.146
2.247
2.459
2.247
6.186
2.247
2.283
2.317
2.246
2.246
2.246
2.593
2.354
2.246
2.246
2.246
4.421
2.246
2.264
2.254
10.771
2.257
2.287
2.246
2.254
2.246
2.247
2.321
10.067
2.246
2.246
2.246
2.143
2.143
2.143
2.216
2.136
2.136
2.278
2.136
2.116
2.230
2.116
11.775
2.116
2.116
2.116
2.352
2.260
2.116
2.107
2.386
2.104
2.104
2.104
2.104
2.121
2.104
2.104
2.104
2.126
2.104
2.104
3.058
2.104
2.104
2.073
2.065
2.066
2.091
2.076
2.065
2.177
2.065
2.181
2.067
2.065
2.065
2.159
2.128
2.065
2.065
2.062
2.063
2.062
2.062
2.062
2.083
2.062
2.071
2.062
2.062
2.062
2.068
17.034
2.132
2.062
11.117
2.106
2.207
2.350
2.053
2.051
2.042
2.042
2.042
2.042
2.042
2.042
2.813
2.042
2.042
2.042
2.083
2.187
2.047
2.188
2.092
2.042
2.474
2.042
11.482
2.042
2.861
2.076
2.122
2.040
2.050
2.040
2.040
2.040
2.040
2.040
2.041
2.040
2.157
2.101
2.040
2.040
2.213
2.040
2.040
2.040
2.040
2.119
2.133
6.107
2.040
2.040
2.040
8.392
2.099
2.040
2.040
2.040
2.040
2.040
2.040
2.040
2.040
2.040
3.969
2.040
2.043
2.126
2.199
2.040
2.038
2.143
2.633
2.176
2.038
4.820
2.042
2.038
2.038
2.039
2.038
2.038
2.038
2.096
2.038
2.038
2.039
2.041
2.046
2.049
2.038
1.969
1.969
1.969
1.969
1.969
1.969
2.671
1.970
1.969
1.972
1.969
9.648
1.969
1.969
4.604
2.019
1.978
1.969
1.969
1.977
1.969
2.013
1.969
2.075
1.969
2.105
1.969
1.969
2.014
1.969
1.971
1.977
1.969
2.355
1.969
2.529
1.969
1.969
2.012
1.969
1.968
1.968
12.242
2.048
1.968
2.092
2.049
1.971
1.968
1.968
2.512
1.968
1.968
1.969
1.968
1.968
2.095
1.968
1.969
1.968
2.013
3.951
1.968
1.980
2.007
1.970
2.737
8.447
1.968
1.968
1.968
1.994
1.968
1.968
2.104
2.557
1.968
1.968
1.978
1.968
1.968
1.968
1.968
1.968
1.968
2.030
3.007
2.027
1.968
2.146
5.259
2.013
1.989
1.968
1.975
1.968
1.968
1.968
1.985
1.968
1.973
2.085
1.968
1.968
1.968
2.710
1.968
1.968
1.968
2.037
1.968
2.007
1.968
1.968
1.968
2.192
1.968
1.968
1.968
1.968
1.968
1.986
1.968
2.050
1.961
1.961
2.050
1.961
1.985
1.961
1.966
1.973
1.961
1.961
1.961
1.961
2.019
3.303
1.961
1.992
1.963
1.960
1.960
1.960
2.177
1.960
1.960
1.960
1.960
1.960
1.960
1.960
1.960
1.960
1.960
1.999
2.532
1.960
2.160
1.966
1.960
1.960
1.961
2.018
1.960
1.960
1.960
1.960
1.954
2.039
1.954
2.045
1.954
2.035
1.954
1.954
2.057
2.059
2.084
1.954
1.944
1.944
3.932
2.046
1.944
1.943
1.943
1.943
1.943
11.970
1.948
1.943
2.100
1.943
1.984
2.002
1.943
2.830
1.943
1.943
2.045
1.943
12.454
1.943
1.942
1.942
1.968
1.942
1.942
1.942
1.941
1.942
2.318
2.066
1.941
17.749
1.941
1.942
1.941
1.953
1.953
2.791
2.107
1.952
1.941
1.987
2.122
2.602
1.941
1.941
2.077
1.953
2.042
1.953
1.943
1.941
2.189
2.022
1.941
1.941
1.949
1.941
2.175
1.941
1.940
2.035
1.938
1.938
1.938
1.938
1.938
1.938
1.939
1.938
1.938
1.938
1.938
2.860
1.974
2.043
2.524
4.215
1.938
1.938
2.039
1.938
6.091
1.938
1.938
1.938
1.947
3.743
8.434
1.938
1.938
1.938
1.938
1.938
1.938
1.938
1.940
1.960
1.986
1.916
1.931
1.977
1.916
1.930
1.916
1.953
11.598
1.916
1.916
2.206
1.916
1.916
1.916
1.989
1.916
2.181
2.114
2.101
4.148
10.518
1.916
2.007
1.921
1.984
1.916
2.270
4.827
1.916
2.244
1.919
1.916
1.916
1.916
1.916
1.916
2.097
1.916
1.916
1.944
1.916
1.916
1.916
1.974
1.916
1.916
1.916
2.033
1.916
1.916
1.916
1.916
1.916
2.363
1.916
1.916
1.917
1.916
1.916
2.384
2.408
1.916
1.916
1.932
1.913
1.913
2.091
1.913
1.913
1.913
2.016
1.913
1.916
1.955
1.913
1.913
1.923
1.913
1.912
1.912
1.911
1.911
1.911
1.911
2.079
1.911
1.911
1.911
1.911
2.523
1.952
1.911
1.911
1.911
2.195
2.069
1.911
12.599
1.911
1.911
1.911
1.911
1.911
1.911
1.987
1.944
1.911
2.087
1.911
2.069
1.917
1.911
1.911
1.911
1.911
1.911
1.886
1.886
2.221
1.944
1.886
17.892
1.756
1.756
1.965
7.614
1.756
1.756
1.756
1.756
1.830
1.756
1.756
1.801
1.756
1.746
2.269
1.741
2.118
2.532
1.741
1.741
2.059
1.741
2.250
1.741
1.741
1.741
1.741
1.788
1.755
1.741
1.741
1.741
1.777
1.706
1.706
1.705
1.705
3.244
1.798
2.354
1.705
1.735
1.705
1.748
1.705
1.705
1.677
1.677
1.677
1.722
1.677
1.747
1.734
1.677
1.677
1.662
1.648
1.648
1.648
3.434
1.825
1.648
1.648
1.648
1.648
1.797
1.648
1.648
1.648
1.648
1.648
1.648
1.648
1.656
1.648
1.648
1.648
1.651
1.654
1.648
1.648
1.656
1.746
1.648
1.643
1.642
1.908
1.642
1.645
2.836
1.647
1.642
1.642
1.642
1.642
1.642
1.804
1.758
1.732
1.651
1.642
1.666
1.649
1.641
1.641
1.641
1.642
1.641
1.641
1.641
1.641
1.641
1.652
1.641
1.637
3.501
1.692
1.637
1.637
4.478
1.637
1.637
1.637
1.637
1.637
4.157
1.637
1.637
1.637
1.635
1.638
1.646
1.638
1.635
1.890
1.628
1.628
1.754
1.728
1.639
1.628
1.630
1.628
1.628
1.628
1.628
1.641
1.628
1.628
1.655
1.817
1.628
1.628
2.013
1.628
1.628
1.777
1.628
1.743
1.628
1.688
1.646
1.758
1.672
1.628
1.628
1.628
1.628
1.630
1.628
1.628
1.644
1.617
1.617
1.632
4.662
1.640
1.617
1.766
1.782
1.593
1.598
1.593
1.593
1.656
1.593
1.593
1.775
1.612
1.607
1.593
1.593
1.594
1.614
1.582
1.582
1.582
1.582
1.581
1.864
1.581
1.581
1.581
1.606
1.581
1.581
1.597
1.735
1.803
1.590
1.581
1.585
1.581
1.581
1.635
1.783
2.812
1.581
1.581
1.581
1.601
1.654
1.587
1.581
1.570
3.931
1.570
1.570
1.569
1.538
1.538
1.567
1.538
2.752
1.538
1.584
1.534
1.534
1.539
4.261
1.534
1.539
1.534
1.534
1.546
1.534
1.534
1.573
1.670
1.534
1.673
2.575
1.534
1.534
1.662
1.580
1.602
1.534
1.537
1.534
1.534
1.534
4.097
3.367
1.526
1.642
1.526
1.526
1.561
1.526
1.526
1.526
5.051
1.526
1.526
1.634
1.559
1.683
1.526
1.598
10.331
1.526
1.526
1.525
1.525
1.523
1.509
1.937
1.511
1.523
1.509
1.539
1.596
1.509
1.509
1.509
1.536
1.599
1.510
1.509
1.509
1.551
1.509
7.576
2.484
1.663
1.530
1.649
14.596
1.509
1.509
8.683
1.509
1.796
1.509
1.531
1.509
1.745
1.511
1.675
1.509
1.540
1.509
1.503
1.501
1.501
1.587
1.501
1.501
2.335
1.694
1.547
1.501
1.501
3.223
1.507
1.501
1.501
1.537
4.666
1.501
1.501
1.658
1.511
1.501
1.502
1.501
1.587
1.563
1.501
1.501
1.501
1.601
1.524
1.501
1.501
1.501
1.871
1.501
1.501
1.501
1.558
1.501
1.501
1.524
1.501
1.506
1.501
1.501
1.539
1.501
1.501
1.501
17.291
1.588
1.501
1.501
1.503
1.540
1.501
1.501
1.501
1.501
1.506
1.529
1.501
1.534
1.536
1.605
1.501
15.246
1.501
1.604
4.222
1.501
1.501
1.501
1.591
1.532
1.501
1.553
1.502
1.499
1.538
1.499
4.073
1.500
1.499
1.538
1.499
1.499
1.637
1.499
5.999
1.499
1.499
1.499
1.500
1.499
1.499
1.518
1.499
1.540
1.499
1.561
1.565
1.499
18.699
1.640
1.499
1.499
1.596
1.499
1.499
3.070
1.499
2.125
1.821
1.499
1.499
1.523
1.522
1.558
1.502
1.499
2.078
1.499
1.499
1.506
1.499
1.499
2.577
1.589
1.591
1.499
1.526
1.506
1.862
1.499
1.499
1.485
1.989
1.485
1.485
2.057
1.485
1.485
1.658
1.485
1.495
1.486
1.475
1.475
1.576
2.859
1.574
1.475
2.655
1.475
1.478
1.949
1.506
1.506
1.475
1.475
1.701
1.462
1.557
1.569
1.475
1.462
1.459
1.488
1.459
1.459
1.459
1.459
1.581
1.459
1.463
1.576
1.460
1.455
1.455
1.476
14.352
1.455
1.456
1.455
1.455
1.455
1.455
1.902
1.455
1.492
1.455
1.455
1.455
1.455
1.455
1.455
1.455
1.455
1.455
1.446
1.446
1.446
1.447
1.447
1.446
1.448
1.446
1.446
1.441
1.446
1.441
1.441
1.456
1.441
1.440
9.153
1.442
1.440
1.448
1.440
2.843
1.453
1.440
1.499
1.440
1.760
1.447
1.440
1.467
1.440
1.444
1.440
1.473
1.440
1.440
1.441
1.440
1.441
1.440
1.508
1.438
1.438
1.438
1.524
1.447
1.918
1.438
1.438
1.944
1.438
1.438
1.438
1.438
1.438
1.442
1.438
1.499
1.438
1.448
1.438
1.439
4.784
1.438
1.438
1.438
1.438
1.447
1.481
1.474
1.438
1.438
1.467
14.754
1.445
1.623
1.438
1.434
1.757
1.434
1.434
1.434
1.434
1.434
1.434
1.435
1.430
1.473
1.710
5.053
2.571
1.477
1.471
1.430
1.515
2.663
2.342
1.478
1.430
1.430
1.430
1.430
1.752
1.430
1.480
1.428
1.810
1.428
1.478
1.429
1.428
1.428
1.468
1.428
1.436
1.451
1.620
1.458
1.428
1.428
1.458
1.428
1.428
1.480
1.428
1.428
1.474
1.431
1.428
1.429
1.557
1.428
1.428
1.428
1.428
1.580
1.682
1.486
1.428
1.428
1.550
1.428
1.693
1.450
15.261
1.428
1.464
1.424
1.424
1.423
1.424
1.423
1.425
1.423
1.423
2.612
1.422
1.422
1.441
1.422
2.503
1.466
1.422
5.940
1.569
1.422
1.434
1.508
1.420
1.434
1.421
1.482
1.421
1.420
1.658
1.654
1.420
1.420
1.423
1.420
1.630
1.420
1.420
1.426
1.420
1.420
1.420
1.423
1.425
1.420
3.136
1.420
1.417
1.418
1.417
1.417
1.429
2.270
1.417
1.417
2.959
1.414
1.414
1.451
1.414
1.414
4.263
1.428
1.414
1.507
1.492
1.414
1.414
1.414
1.414
1.414
1.415
1.442
1.461
1.414
11.464
1.413
1.446
1.902
1.463
1.413
1.413
1.413
1.413
1.413
1.413
1.449
1.549
1.413
1.499
1.416
1.418
1.413
1.413
1.413
1.427
1.413
1.414
1.413
1.533
1.419
1.685
1.414
1.413
1.444
1.445
2.389
1.413
1.450
1.413
1.457
7.289
1.439
1.413
1.413
3.149
1.413
1.437
1.413
1.413
1.413
1.437
1.413
1.413
1.413
1.413
1.455
1.627
1.432
1.420
1.413
1.511
1.413
1.414
1.413
1.424
1.413
1.413
1.478
1.429
1.448
1.413
1.413
1.533
15.762
1.413
1.436
1.413
1.470
1.413
1.413
1.733
2.745
1.413
1.424
1.430
1.412
20.671
1.412
1.412
1.412
1.412
1.412
1.412
1.406
1.406
1.926
1.406
1.406
1.580
1.406
1.406
1.415
1.572
1.415
1.406
1.406
1.406
1.429
1.406
1.406
1.431
1.412
1.406
1.470
1.406
1.523
2.528
1.406
1.406
1.406
1.406
3.200
1.440
1.441
1.406
1.406
1.449
1.448
1.436
1.406
1.430
1.406
1.413
1.406
1.589
1.960
1.406
1.407
1.406
1.406
1.406
3.003
1.406
1.394
1.377
1.377
1.377
1.377
1.377
1.427
1.371
1.382
1.580
1.371
1.390
1.458
1.381
1.902
1.371
1.371
1.371
1.371
1.371
1.371
1.509
1.446
1.459
1.920
1.376
1.343
1.371
1.343
1.343
1.343
1.343
1.504
1.355
1.343
1.343
1.343
1.343
1.386
1.343
1.345
1.343
1.343
1.343
1.343
1.351
1.439
1.380
1.343
1.346
1.384
1.343
1.398
1.343
1.343
1.343
1.343
1.343
1.343
1.343
1.343
1.369
4.528
1.343
1.348
1.343
1.343
1.417
1.343
1.339
1.341
1.339
1.339
1.339
1.339
1.370
1.800
1.339
2.870
1.381
1.339
1.339
1.605
1.357
1.339
1.339
1.488
1.339
1.339
1.339
1.339
1.370
1.339
1.339
1.341
1.416
1.335
1.335
1.335
1.335
1.335
1.335
1.335
1.336
1.335
1.379
1.335
1.335
1.450
1.345
1.757
1.335
1.335
1.340
1.335
1.335
1.381
8.331
6.094
6.529
1.335
1.764
1.335
1.335
1.335
1.334
1.334
1.334
1.334
1.335
1.329
1.394
2.172
1.327
1.371
1.330
1.534
1.391
1.327
1.327
1.394
1.607
1.327
1.439
1.469
1.327
1.327
2.056
1.327
1.431
1.415
1.327
1.337
1.327
1.565
1.389
1.327
1.327
1.325
1.341
1.325
2.864
1.325
7.121
1.330
5.846
1.325
1.364
1.325
1.358
1.325
1.751
1.325
1.325
1.325
1.328
1.330
1.325
1.331
1.404
1.325
1.350
1.342
1.336
1.320
1.320
1.314
1.314
1.346
1.314
1.715
1.318
1.357
1.314
1.319
1.314
2.707
1.314
1.314
1.314
1.314
1.318
1.314
1.650
1.344
1.458
1.332
1.353
1.314
1.314
1.313
1.313
1.344
1.313
1.453
1.313
1.373
1.313
1.313
1.313
1.313
1.323
1.393
1.313
1.312
1.312
1.311
1.318
1.424
1.879
1.314
1.651
1.317
1.315
1.311
2.006
1.311
1.311
1.311
1.311
1.311
1.311
6.402
1.314
1.311
1.311
1.311
1.311
2.167
1.318
1.311
1.311
1.311
1.311
1.311
2.518
1.578
1.311
1.311
1.311
2.012
1.311
2.018
5.733
2.152
7.136
1.310
1.315
1.310
1.310
1.310
1.310
1.310
1.301
1.335
1.301
1.301
1.301
1.301
1.301
1.735
1.301
1.301
1.302
17.495
1.375
1.301
1.319
8.814
3.193
1.302
1.301
1.301
1.935
1.301
1.346
1.301
1.301
1.301
1.333
1.308
1.301
1.301
8.459
1.306
1.330
1.301
1.533
1.529
1.302
1.301
1.321
1.310
1.353
1.336
1.301
2.296
1.301
1.301
2.573
1.301
1.371
1.301
1.301
1.303
1.310
1.300
1.300
1.300
1.300
1.300
1.300
1.300
11.744
1.379
1.300
1.302
1.319
1.301
1.300
1.300
1.357
1.310
1.300
1.300
1.300
1.300
1.302
1.332
1.294
1.294
1.472
1.294
1.320
1.318
1.353
1.389
1.294
1.294
1.305
1.294
1.301
1.294
1.696
1.294
1.294
1.294
1.295
1.294
1.294
1.295
4.235
1.294
1.304
3.705
1.294
1.752
1.294
1.294
1.327
1.382
1.363
1.373
4.293
1.300
1.384
1.348
1.301
1.294
1.318
1.294
17.399
1.294
1.294
1.294
1.294
1.340
1.294
1.322
1.294
1.294
1.310
1.294
1.296
1.294
1.309
1.296
1.301
1.299
1.294
1.562
1.294
1.344
1.294
1.294
1.294
1.294
2.460
1.324
1.294
1.647
1.311
1.294
1.295
1.313
1.294
1.294
1.294
1.294
1.294
1.294
1.294
1.294
1.309
1.294
1.294
1.322
1.294
1.331
1.302
1.330
1.470
1.648
1.294
1.334
1.330
1.294
1.294
1.924
1.307
1.294
1.343
1.401
1.294
1.294
15.135
1.314
1.318
1.540
1.311
1.772
2.003
1.294
6.353
1.294
1.294
1.294
1.310
1.294
1.294
1.294
1.299
1.292
1.292
1.324
1.292
1.822
1.292
1.293
1.378
1.292
1.293
1.606
1.292
1.298
1.355
1.348
1.338
1.638
1.292
1.343
15.818
1.295
1.292
1.295
1.292
1.292
1.292
1.292
1.296
1.292
1.292
1.292
18.981
1.292
2.676
1.292
1.292
1.302
1.292
1.292
1.292
1.357
1.320
1.292
1.292
1.292
1.307
1.292
1.311
1.292
1.314
1.293
1.300
1.292
1.409
1.292
1.372
1.301
1.292
1.302
1.292
2.371
1.346
1.329
1.297
1.323
1.292
1.294
1.292
1.292
3.233
1.292
1.317
1.298
1.370
2.323
2.025
1.292
1.317
1.292
1.292
2.048
1.298
1.292
3.009
1.292
1.292
1.292
1.390
1.292
1.311
1.355
1.292
1.292
3.101
1.321
1.315
1.950
1.294
1.294
1.289
1.289
1.289
1.298
1.289
1.289
1.298
1.289
1.303
1.289
1.289
1.289
1.291
1.289
1.289
1.290
1.597
1.394
1.299
1.341
1.289
1.289
1.357
1.289
1.289
1.333
1.289
1.289
1.289
1.924
1.309
1.289
1.401
1.289
1.290
1.298
1.291
1.289
2.893
1.289
1.295
1.289
1.289
1.289
1.289
1.301
1.922
1.289
1.289
1.289
1.289
4.570
1.421
2.655
2.797
1.289
1.292
1.289
14.373
1.289
1.289
1.292
1.293
1.289
1.289
1.289
1.289
1.289
1.289
1.289
1.536
1.289
1.905
1.289
1.289
1.290
1.302
1.289
1.393
1.289
1.289
1.868
1.289
1.362
1.289
1.289
1.303
1.301
1.289
1.994
1.318
2.219
1.289
1.289
1.289
1.404
1.289
1.348
1.311
1.300
1.377
1.289
1.296
1.289
2.692
1.289
1.544
1.319
1.289
1.289
5.493
1.289
1.304
1.400
1.487
1.357
1.336
1.307
1.289
1.357
1.289
1.289
1.289
1.289
1.291
1.320
1.289
1.289
1.289
1.363
1.286
1.323
1.286
1.379
1.286
1.286
1.478
1.286
1.400
2.150
1.277
1.364
1.457
1.700
1.279
1.277
1.334
1.291
1.277
1.304
1.277
1.296
1.277
1.277
2.650
1.277
1.277
1.303
1.277
1.277
1.407
1.453
1.277
1.276
1.276
3.268
1.276
1.482
1.276
1.411
1.276
1.292
1.401
1.279
1.276
1.278
1.276
1.291
1.281
1.278
1.388
1.329
1.276
1.276
1.281
1.340
1.276
1.277
1.278
1.312
3.051
5.468
1.276
1.282
1.315
1.276
1.276
1.276
5.763
1.276
1.276
1.276
1.509
1.276
1.545
1.348
1.302
1.299
1.276
1.935
1.278
1.334
4.318
1.276
1.276
1.277
1.276
1.506
2.346
1.276
1.276
1.276
1.276
1.276
1.276
3.342
1.276
11.716
1.285
20.131
1.276
1.293
1.356
1.290
1.276
1.272
1.272
1.272
1.287
1.351
1.272
1.272
1.272
1.416
1.272
1.272
1.272
1.405
1.272
1.272
1.272
2.295
1.272
1.269
1.269
2.203
1.539
1.263
1.485
1.518
1.261
1.261
1.287
1.261
1.261
1.261
2.196
1.266
1.268
1.261
1.261
1.261
1.383
1.352
1.261
10.175
1.261
1.261
1.320
1.259
1.364
1.293
1.259
1.453
1.259
1.259
2.370
1.270
1.980
1.259
1.259
1.259
1.259
1.259
1.259
1.259
1.259
1.259
1.259
1.259
1.260
1.980
7.512
1.653
1.259
1.287
1.398
1.259
1.260
1.259
1.259
1.259
1.258
1.258
1.315
1.253
1.253
1.253
1.253
1.253
1.253
1.253
1.253
1.253
1.266
1.300
1.301
1.300
1.253
1.253
1.417
1.640
1.277
1.250
1.250
1.250
1.249
1.249
1.249
1.249
1.249
1.249
1.251
1.249
1.249
2.215
1.249
1.266
1.249
3.551
1.249
1.260
1.250
1.249
1.249
1.249
1.251
1.683
1.250
1.248
1.247
1.256
1.247
1.247
1.247
1.247
1.260
1.303
1.476
2.662
1.797
1.247
1.247
5.392
1.247
1.250
1.260
1.247
1.247
1.247
1.247
2.447
1.248
1.247
1.248
1.247
1.247
1.247
1.256
1.352
1.247
1.247
1.700
1.247
18.109
1.247
1.272
1.247
1.249
1.247
1.247
1.372
1.792
1.455
1.632
1.247
1.256
1.303
1.247
1.291
1.247
1.247
1.264
1.289
1.247
2.551
1.247
1.247
1.247
5.387
1.247
1.247
1.247
1.420
3.223
1.247
1.246
1.436
1.246
1.246
1.261
1.918
1.246
1.317
1.246
1.265
1.273
1.326
1.246
14.332
1.259
1.341
1.324
1.246
1.248
1.246
1.275
1.246
1.250
1.251
1.246
19.530
1.246
1.246
1.308
1.246
1.317
1.246
1.333
1.246
1.246
1.246
1.991
1.246
20.215
1.246
1.246
1.246
1.326
1.246
1.265
1.520
1.248
1.673
1.246
1.462
1.260
1.246
1.246
1.246
1.246
1.250
1.246
1.256
1.246
1.246
1.246
1.246
1.294
1.462
1.246
1.262
1.246
1.377
3.592
1.246
1.304
17.284
3.068
1.251
1.300
1.413
1.482
3.096
1.271
1.246
1.246
1.252
1.307
1.246
1.246
1.246
1.624
1.246
1.246
1.290
1.246
1.246
1.246
1.247
1.256
7.361
1.246
3.403
1.246
18.094
1.246
1.246
1.661
7.017
1.261
1.247
1.258
1.246
1.246
1.246
1.246
1.247
1.289
1.943
1.254
1.246
1.246
1.255
1.246
1.246
1.243
1.248
1.243
1.240
1.417
1.240
1.240
1.240
1.240
1.240
1.240
1.280
1.240
1.240
1.264
1.240
1.240
1.240
1.246
1.243
1.240
3.187
1.240
1.604
1.268
1.269
1.720
1.429
1.298
1.242
1.240
1.503
1.819
1.240
1.240
1.868
1.248
1.240
1.240
1.240
1.240
1.246
1.240
1.240
3.737
1.240
1.274
1.437
1.484
1.240
1.500
1.723
1.240
1.240
1.240
1.240
1.249
1.262
1.251
1.240
1.275
1.539
1.240
3.654
1.240
1.240
1.240
3.064
17.812
1.240
1.630
1.240
9.362
1.242
1.240
1.310
1.242
1.240
1.386
12.555
1.240
1.262
1.251
1.240
1.269
1.240
1.240
1.240
1.240
1.240
1.240
1.240
1.240
1.240
1.240
1.322
1.240
1.821
1.240
1.277
1.240
1.240
1.312
1.232
1.559
1.232
1.768
3.687
1.269
1.232
1.498
1.232
1.313
1.232
1.252
1.232
1.249
1.232
1.232
1.332
1.276
2.028
1.232
1.232
13.283
1.293
1.232
1.233
1.232
1.232
1.232
1.232
1.288
1.319
1.246
1.246
1.235
1.242
1.247
1.232
1.232
1.289
1.242
1.242
1.232
1.288
1.271
1.232
1.568
1.239
1.232
1.232
1.232
10.799
1.232
1.282
1.232
1.249
1.643
1.232
1.234
1.289
1.232
1.232
1.232
1.234
1.590
1.232
1.232
1.240
2.048
1.234
1.343
1.232
1.232
1.299
1.232
1.275
1.232
1.237
1.442
1.232
1.247
1.232
1.232
1.264
9.742
2.183
1.232
1.230
1.280
1.250
1.752
1.230
1.230
1.230
1.912
1.230
1.230
1.230
1.230
1.230
1.284
1.235
1.230
1.245
1.231
1.230
1.230
1.252
1.232
1.271
1.230
1.230
6.352
4.562
1.230
1.230
1.272
1.230
1.907
2.033
1.657
22.498
1.230
1.230
1.230
1.230
1.238
1.230
1.230
1.240
1.252
1.230
1.230
1.230
1.230
5.577
1.237
1.433
1.230
1.230
1.230
1.323
1.232
1.230
3.070
21.623
1.230
1.230
1.230
1.233
1.230
1.230
1.230
1.229
1.233
1.229
1.229
1.229
1.229
1.229
1.229
1.378
1.227
1.227
1.227
1.654
1.227
1.227
1.227
1.307
1.227
1.227
1.227
1.228
2.193
1.221
1.221
1.247
1.284
1.221
1.220
1.227
2.008
11.313
1.222
1.220
1.220
1.220
1.220
1.300
1.222
1.220
1.228
1.288
1.220
3.533
1.220
2.501
1.243
1.220
1.236
1.220
1.220
1.220
1.235
4.590
1.220
1.220
1.224
1.221
1.220
1.220
1.220
1.220
1.220
1.220
1.220
1.220
1.234
1.220
2.706
3.426
1.239
1.219
1.238
1.219
1.219
5.327
1.588
1.219
1.252
1.219
1.241
1.219
1.236
1.219
1.219
5.966
1.219
1.233
2.753
9.769
1.219
1.515
2.237
1.220
4.775
2.687
1.219
1.516
1.249
1.219
1.219
1.564
1.219
1.219
1.219
1.219
1.219
1.219
1.234
1.219
3.001
1.558
1.219
1.293
1.247
1.356
1.219
1.219
1.219
1.258
1.219
1.220
1.219
1.219
1.220
1.246
1.219
1.219
1.219
1.230
1.230
1.219
4.525
1.219
1.220
1.219
1.219
1.219
1.219
1.219
1.338
1.674
1.219
5.614
1.219
1.219
1.220
3.825
1.219
1.219
1.219
1.216
1.216
1.225
1.216
1.216
1.216
1.216
1.216
1.217
1.216
1.216
1.268
1.214
1.216
1.215
2.243
1.225
3.001
1.216
1.216
1.214
1.214
1.214
1.213
1.213
1.447
1.250
1.213
1.212
1.212
1.212
1.212
1.212
1.212
1.212
2.001
1.253
1.212
1.221
1.217
1.212
1.212
1.212
3.321
1.228
1.212
1.259
1.212
1.212
3.271
1.212
1.276
1.212
1.212
1.214
1.374
1.212
1.212
1.212
4.988
1.272
1.212
1.212
1.231
1.218
3.608
1.233
1.218
1.466
1.375
1.430
1.259
1.803
1.212
6.776
1.212
1.212
1.215
1.212
1.230
1.220
1.212
1.217
1.232
1.214
1.288
1.212
2.502
1.212
1.214
1.212
1.212
1.212
1.214
1.280
1.212
1.222
1.212
1.253
1.212
1.216
22.265
1.214
1.212
1.456
1.448
4.721
6.107
1.212
1.279
1.214
1.762
1.219
1.212
1.219
1.224
1.212
1.290
1.212
1.212
1.307
1.212
1.213
1.276
1.268
4.032
1.212
1.212
1.213
1.437
1.212
1.212
1.241
1.212
1.212
1.460
1.224
1.213
1.212
1.212
1.229
1.329
1.212
1.215
1.216
1.222
1.212
1.212
1.228
1.223
1.215
1.212
1.212
1.212
5.416
1.212
1.227
1.212
1.264
1.223
1.311
1.212
1.212
1.217
1.212
2.162
1.212
1.212
1.213
1.303
1.212
1.212
1.241
1.212
1.212
1.212
2.083
1.211
1.211
1.229
1.211
1.260
1.453
1.211
1.224
1.211
2.246
1.211
1.211
1.251
19.970
1.211
1.211
1.209
1.208
1.208
1.196
1.206
1.196
1.226
1.204
1.195
1.195
1.195
1.195
1.195
1.195
3.520
1.195
1.537
1.227
1.540
1.190
1.200
1.190
1.186
1.184
4.837
1.226
1.184
1.189
1.184
1.215
1.184
1.184
1.183
1.184
1.860
1.183
1.183
1.186
1.183
1.183
1.183
1.183
1.188
2.976
2.540
1.183
1.185
1.183
1.222
1.183
1.183
7.201
1.183
2.558
1.183
1.183
1.183
1.184
1.183
1.229
1.183
1.183
1.223
1.183
1.183
1.917
1.183
1.183
1.183
1.198
1.183
1.774
1.183
1.414
1.183
1.183
1.183
1.259
1.183
1.196
1.439
1.183
1.184
2.034
1.184
1.190
1.249
1.183
1.716
1.183
1.183
1.183
1.183
1.183
1.346
1.183
18.851
1.183
15.256
1.212
1.183
1.183
1.191
1.183
1.189
1.183
1.324
2.485
1.183
1.182
1.182
1.330
1.182
1.182
1.184
1.198
1.182
1.199
1.233
1.270
1.318
1.182
1.182
1.182
1.877
1.182
1.182
1.232
1.183
2.173
1.254
1.395
1.182
1.182
1.217
1.186
1.182
1.182
1.182
1.184
1.182
1.194
1.182
1.238
1.182
2.531
1.216
2.669
1.182
1.182
1.494
1.182
1.184
1.196
1.184
1.182
1.189
1.182
1.184
1.698
1.182
4.617
1.184
1.182
2.982
1.492
1.182
1.182
2.912
2.957
1.182
2.551
1.187
1.380
1.183
1.182
1.280
1.182
1.184
14.098
1.193
1.182
1.192
1.182
1.182
1.182
1.182
1.182
1.182
1.275
1.183
1.182
1.182
1.385
2.060
20.505
20.691
1.182
1.182
1.182
1.395
1.182
1.182
3.098
1.182
1.182
1.183
1.187
1.178
1.191
4.189
1.737
1.388
2.100
1.178
1.175
1.174
1.206
1.267
1.174
1.174
1.174
1.174
1.173
1.203
1.173
1.172
1.178
1.172
1.172
1.172
1.172
1.228
2.349
1.172
1.173
1.186
1.181
1.178
1.172
1.233
1.172
1.202
1.173
1.172
1.167
1.167
4.621
1.420
1.182
1.167
1.167
1.300
1.167
1.417
1.168
1.324
1.167
1.325
1.796
1.466
1.167
1.167
1.167
1.248
1.167
1.167
1.201
1.193
1.167
1.171
1.167
11.413
3.091
1.167
1.179
1.212
1.183
1.167
4.072
1.164
3.934
1.263
1.163
1.163
1.227
1.163
1.163
1.163
1.215
1.163
1.163
1.162
1.162
1.248
1.164
1.225
1.162
1.162
1.162
1.163
1.162
1.162
1.162
1.162
1.165
1.190
1.162
1.193
1.163
1.174
1.162
1.162
1.162
1.182
1.163
1.162
1.499
1.163
1.174
1.487
1.162
1.193
2.816
1.202
1.162
1.173
1.162
1.163
1.178
1.171
1.165
1.162
1.162
1.165
1.173
1.162
1.162
1.182
1.197
1.239
1.162
1.466
1.162
1.211
1.195
1.162
1.162
1.371
1.208
1.162
1.162
3.309
1.670
18.630
1.166
1.224
1.164
1.285
1.430
1.162
1.373
1.162
1.162
1.161
1.161
1.161
1.161
1.168
1.161
1.161
1.396
1.161
1.161
1.161
1.160
1.160
1.160
1.161
1.164
1.160
1.204
1.160
1.211
1.160
1.160
1.168
1.160
1.160
1.171
1.162
22.055
1.360
1.162
1.162
1.344
1.160
1.175
2.526
1.160
1.173
1.160
2.643
1.160
1.164
1.160
1.160
1.165
1.297
2.029
1.160
1.160
1.157
1.160
1.157
1.157
1.209
1.155
1.155
2.092
1.283
1.154
21.581
1.154
1.154
1.154
1.154
1.154
1.154
1.154
1.165
1.154
1.154
1.154
1.154
1.188
3.220
1.184
1.163
15.534
1.154
1.154
1.175
1.153
4.397
1.174
2.009
1.153
1.199
1.153
1.414
1.153
1.169
1.188
1.153
1.182
1.150
1.242
1.302
1.248
9.877
1.150
3.766
1.150
1.151
1.150
1.164
1.219
1.170
1.160
2.552
1.642
1.150
1.150
1.192
1.150
1.150
1.150
1.150
1.150
1.151
1.150
1.214
17.003
1.237
1.150
7.968
1.176
1.150
1.921
1.150
1.150
1.150
1.150
1.150
1.143
1.143
1.146
1.173
1.143
1.226
1.185
2.891
1.143
1.144
1.182
1.445
1.143
1.143
1.143
1.143
1.143
1.143
1.143
1.197
1.158
1.143
1.143
1.143
1.143
4.860
2.490
1.268
3.004
1.143
1.143
1.331
1.143
1.146
1.143
1.235
1.144
1.143
1.205
1.143
1.143
1.568
1.143
1.143
1.284
1.143
1.143
1.143
1.147
1.148
2.189
1.143
1.143
1.143
1.146
1.143
1.143
1.492
1.143
1.754
1.143
1.143
1.143
1.175
1.143
1.139
1.139
2.845
1.225
1.143
1.139
1.476
1.139
1.139
1.206
1.135
1.142
1.170
1.135
1.135
1.135
1.135
1.135
1.135
1.135
1.247
1.135
1.135
1.135
1.150
1.135
1.135
1.141
1.137
1.135
1.236
1.138
1.135
1.197
1.320
1.135
1.159
1.146
1.135
1.135
1.219
1.135
2.046
1.135
1.135
1.137
5.161
1.135
1.161
1.148
1.137
1.135
1.134
3.629
1.134
1.153
2.387
1.172
1.202
1.134
1.134
1.134
1.134
1.134
1.130
1.254
1.181
1.130
1.130
1.370
1.208
3.615
1.162
1.128
1.129
1.130
1.621
1.226
1.176
16.112
1.128
1.128
1.128
1.131
1.128
1.200
1.128
1.128
1.128
1.179
1.137
1.128
1.165
1.212
1.128
1.129
1.326
1.241
1.128
1.321
11.122
1.128
1.141
1.165
4.574
1.128
1.128
3.305
1.131
1.128
1.694
1.128
2.292
1.135
1.128
1.129
1.128
1.128
1.128
1.290
1.128
17.307
1.432
1.128
1.150
1.128
1.128
8.317
1.131
1.179
1.156
1.128
1.128
1.129
1.131
1.834
1.128
1.128
1.128
1.128
1.293
1.131
1.128
1.128
1.130
1.413
1.180
1.129
1.348
1.128
1.128
1.139
1.129
1.128
1.128
1.165
1.128
1.136
1.128
1.128
1.128
1.128
1.138
1.128
1.131
1.128
1.141
2.773
1.128
1.128
1.473
1.128
1.128
1.128
1.128
1.135
1.898
1.129
1.133
1.178
1.912
1.128
1.128
1.129
3.467
1.130
1.174
1.762
1.128
1.128
1.128
1.128
2.167
1.132
1.128
1.128
1.129
1.128
2.636
1.128
1.128
1.202
1.128
1.128
1.128
1.128
1.128
1.175
1.129
1.128
1.159
1.128
4.213
1.128
1.766
1.128
1.138
1.128
1.139
1.134
1.128
1.131
1.127
1.127
4.886
1.174
1.129
1.916
1.127
1.127
1.136
1.179
1.132
1.127
1.127
1.127
1.127
1.127
1.142
1.306
1.127
1.128
1.127
1.977
1.127
1.152
2.828
20.770
1.255
1.129
1.127
1.127
1.131
1.128
1.138
1.129
1.127
1.127
1.127
1.127
18.298
1.238
1.130
1.127
1.127
1.123
1.422
1.123
1.142
1.123
1.123
1.123
1.153
1.123
4.274
1.126
1.123
1.123
1.123
1.127
1.123
1.123
18.668
1.124
1.123
2.081
1.123
1.127
1.127
21.132
1.123
1.126
1.123
1.126
1.123
1.123
1.123
1.186
1.123
1.123
1.123
1.123
1.123
1.123
1.141
1.191
1.877
1.124
1.123
1.123
1.123
1.123
1.123
2.241
1.127
1.123
1.123
1.126
1.207
1.125
1.123
1.124
1.123
1.128
1.133
1.343
8.061
1.132
1.162
1.329
1.125
8.319
1.146
1.123
1.122
1.122
1.152
1.122
1.127
5.773
1.159
1.122
1.122
1.278
1.122
1.123
4.705
1.157
1.924
1.122
1.187
1.122
1.122
1.122
1.122
6.283
1.127
1.124
1.122
1.125
1.125
1.181
1.122
1.154
1.122
1.152
1.122
1.122
1.122
1.121
1.121
1.269
1.149
2.970
1.128
1.121
1.131
1.151
1.121
1.121
1.224
1.121
1.157
1.125
2.851
1.121
2.664
1.120
1.200
1.163
1.122
1.141
1.120
1.120
1.120
1.126
1.129
1.283
1.120
1.120
21.801
7.279
1.129
1.136
1.125
1.120
1.120
1.120
1.144
1.121
1.129
1.120
1.120
1.120
1.120
1.120
1.173
1.163
4.957
1.153
1.120
1.666
1.120
1.400
1.985
1.297
1.138
1.242
1.120
1.123
2.036
1.120
1.149
1.120
3.703
1.128
1.124
1.120
1.120
1.154
1.119
4.978
1.242
1.119
1.124
1.118
1.166
1.349
4.405
1.118
1.141
1.118
1.116
2.799
1.116
1.115
1.115
1.115
1.131
1.116
1.138
1.113
1.113
1.127
1.372
1.113
1.213
1.114
1.113
1.230
1.113
1.113
1.113
1.113
1.113
1.262
1.247
1.113
1.117
1.161
1.131
1.113
1.113
1.114
1.129
1.113
1.533
4.472
1.113
1.113
1.113
1.139
1.113
1.113
1.113
1.119
1.113
1.165
1.145
1.113
1.947
11.325
1.164
1.113
1.113
1.113
1.113
1.113
1.116
3.231
1.153
1.113
1.122
1.113
1.151
1.392
7.447
1.145
1.114
1.113
1.113
7.633
1.185
1.113
1.113
1.214
1.113
1.113
1.113
1.113
1.129
1.115
1.144
1.116
1.113
1.247
1.345
1.120
1.137
1.148
1.113
1.113
20.289
1.113
1.271
1.121
1.113
1.942
1.123
1.113
1.113
1.162
1.113
1.893
1.118
1.120
1.392
1.152
2.727
1.113
1.122
1.613
1.113
1.113
1.113
1.113
1.113
1.122
1.113
1.114
1.159
1.144
1.113
1.113
1.113
1.113
1.119
1.113
1.195
1.163
1.113
1.754
1.173
1.113
1.113
2.279
1.129
1.206
1.120
1.132
1.113
1.137
1.129
1.117
1.129
1.113
1.113
1.124
1.135
22.501
1.158
1.120
1.132
1.185
1.128
1.115
1.113
1.163
1.140
1.113
1.113
1.388
1.173
1.113
3.648
1.127
1.216
1.113
2.549
1.931
1.193
1.114
2.704
1.325
1.116
1.113
1.113
1.127
1.113
1.115
1.119
1.113
1.117
7.336
1.113
2.628
1.113
1.119
1.114
1.113
1.113
1.127
1.114
1.118
1.113
1.158
1.113
1.125
16.925
1.113
1.120
1.162
1.124
1.113
1.115
1.331
1.113
1.113
1.174
1.113
5.631
1.113
1.113
1.255
1.364
1.113
1.113
1.112
1.113
1.248
1.124
1.166
1.127
1.154
1.115
1.118
3.782
1.188
1.111
1.337
1.111
1.114
1.111
1.113
1.116
1.117
1.111
1.111
1.120
1.118
1.111
1.116
1.111
1.117
1.111
1.142
1.749
2.186
1.121
1.136
1.154
1.117
1.111
1.117
1.133
1.111
1.581
1.112
1.231
1.111
1.161
1.175
1.111
14.217
1.111
1.111
20.757
1.119
1.111
15.685
1.378
1.111
1.184
1.111
1.165
1.113
1.118
1.111
16.359
1.111
1.111
1.111
1.111
1.163
1.111
1.553
1.116
1.111
1.121
4.099
9.716
1.111
1.111
1.111
1.111
1.117
1.145
15.615
1.111
1.111
1.111
9.592
1.111
1.112
1.111
1.111
1.169
1.550
1.111
1.148
1.551
1.172
1.125
4.677
2.530
1.111
1.111
1.114
1.111
1.111
1.110
1.247
1.117
1.110
1.110
1.110
1.114
1.109
1.109
1.166
1.109
1.173
1.111
1.108
1.117
1.112
1.115
1.108
1.108
1.108
1.109
1.237
6.434
1.108
1.108
1.131
1.118
1.131
1.108
1.206
1.108
1.108
1.109
1.108
1.146
1.121
1.108
1.115
9.985
1.107
1.450
3.573
1.107
1.108
1.107
1.155
3.981
19.689
6.784
5.477
1.108
1.128
1.118
1.107
6.141
1.117
1.107
2.357
1.116
1.107
1.141
1.149
1.186
4.073
1.116
1.107
1.116
1.107
1.191
1.107
1.384
1.167
1.111
1.655
1.107
1.109
2.020
1.212
1.107
1.111
1.113
1.107
1.107
1.107
1.107
1.162
1.117
1.107
1.321
1.114
2.431
1.121
1.142
1.184
1.107
1.129
1.336
1.109
1.110
1.125
1.107
1.107
1.107
1.117
1.107
1.109
1.111
2.148
1.107
2.220
1.107
3.407
1.107
1.109
1.261
1.112
1.129
1.107
1.107
1.113
1.107
1.118
1.110
1.107
1.373
1.112
1.107
1.107
1.115
1.440
1.107
1.107
1.110
3.070
1.107
1.107
1.111
1.707
1.212
1.107
1.108
1.160
1.111
6.295
1.107
1.107
1.108
1.527
1.118
1.107
1.107
1.130
1.107
1.115
1.107
1.107
1.107
1.111
1.130
1.107
1.107
1.148
1.107
1.107
2.782
1.107
1.198
1.112
1.107
1.107
1.499
1.107
1.107
1.236
1.108
1.107
1.107
1.112
1.107
1.107
1.107
1.127
1.107
4.170
1.107
1.112
1.107
1.218
1.884
1.211
1.107
1.142
1.124
1.107
1.198
1.314
1.128
1.107
1.169
1.107
1.107
1.131
1.107
1.107
1.107
1.107
1.121
1.152
1.107
1.394
1.281
1.108
1.107
1.107
1.107
1.113
1.113
3.009
1.107
2.123
1.148
1.173
1.107
1.107
1.107
1.107
1.638
1.132
1.107
1.113
1.909
1.107
1.107
1.127
1.107
1.854
1.134
1.107
1.107
1.143
1.107
1.107
1.125
1.107
1.112
1.108
1.109
1.126
1.117
1.107
1.170
1.109
3.841
1.171
1.107
1.107
1.232
1.111
1.194
1.123
1.507
1.113
1.109
1.107
1.107
1.482
1.114
1.107
1.186
1.107
1.107
1.113
1.110
1.107
1.107
1.545
1.214
1.326
1.276
1.113
1.491
1.933
1.108
1.140
1.209
1.112
14.075
1.114
1.217
1.115
1.107
1.112
1.107
1.107
1.109
1.107
1.107
1.118
1.142
1.109
1.107
1.107
1.107
2.227
1.107
1.107
2.183
1.107
1.107
1.117
1.231
1.107
1.112
1.122
1.107
1.107
1.107
1.116
1.145
1.303
1.107
1.107
4.432
1.110
1.151
1.114
1.107
1.107
1.146
1.157
1.107
1.107
1.107
1.107
1.338
1.119
1.110
1.107
1.111
1.130
1.109
1.107
1.107
1.110
1.107
1.115
1.107
1.107
1.126
1.167
1.108
1.122
1.107
1.207
1.200
1.107
1.165
1.141
1.107
1.114
1.107
1.508
1.108
1.121
1.261
1.107
1.107
1.107
1.107
1.109
1.107
1.131
1.440
1.211
1.107
1.107
1.107
1.107
1.136
1.107
1.139
1.107
1.119
1.107
1.252
1.107
1.107
1.119
1.115
1.107
1.107
1.107
2.666
3.033
1.188
10.916
3.024
1.107
1.107
1.171
1.108
1.107
1.108
1.117
1.146
1.107
1.110
1.107
1.107
1.152
1.107
1.112
1.107
1.110
1.416
1.107
1.107
16.399
1.107
1.107
1.107
1.200
1.107
1.107
1.125
1.964
1.289
2.008
1.208
1.106
1.106
1.129
1.106
1.131
1.789
1.106
1.112
1.106
1.106
1.130
1.852
1.108
1.207
1.148
1.106
1.842
1.145
1.147
1.111
1.106
1.406
1.243
1.125
1.106
1.106
1.119
1.109
1.106
1.106
1.113
1.116
1.106
1.106
1.110
1.109
1.106
1.527
1.106
1.118
1.681
1.106
1.106
1.106
1.187
1.109
1.106
1.116
1.106
1.108
1.106
1.108
1.106
1.106
1.109
1.195
7.679
1.106
1.106
1.106
1.106
1.107
12.860
1.106
1.110
1.106
1.106
1.148
1.116
1.110
1.106
1.207
1.108
1.112
1.106
1.106
15.502
1.178
1.106
1.128
1.547
1.106
1.131
1.127
1.129
1.163
1.106
1.106
1.106
1.109
1.109
1.110
1.106
1.166
1.106
1.107
1.114
1.171
1.106
1.106
1.107
1.106
1.108
1.106
1.106
1.106
1.165
1.152
1.110
1.108
1.564
1.203
1.107
1.450
1.107
1.116
1.107
1.108
1.106
1.115
1.106
1.106
1.169
2.016
1.106
1.106
1.107
1.106
1.106
1.106
1.535
3.256
1.119
1.106
1.138
1.370
1.106
1.106
1.676
1.148
1.136
1.426
1.106
1.106
1.108
1.114
1.224
1.106
1.106
1.106
1.176
1.155
1.116
1.108
1.106
1.116
1.112
1.106
1.106
1.106
1.106
1.195
1.106
1.120
1.113
1.106
1.106
1.106
1.106
1.113
1.131
6.733
1.108
1.106
1.106
1.106
1.117
1.106
1.106
1.106
1.138
1.143
1.108
1.154
1.140
1.107
1.106
1.106
1.106
1.106
1.106
1.140
1.106
1.635
1.106
1.106
1.106
1.108
1.284
1.214
1.813
1.110
1.689
1.120
1.718
1.106
1.142
1.106
1.106
1.602
1.155
6.683
1.106
1.106
1.106
1.106
1.106
1.326
1.117
1.113
1.106
1.106
1.142
1.106
1.321
1.172
1.111
1.106
1.589
2.073
1.538
1.106
1.116
1.116
1.167
1.106
1.103
1.104
1.103
1.123
1.104
1.132
1.103
1.103
1.103
1.157
1.103
1.125
1.106
1.103
1.103
1.103
1.103
1.103
1.170
1.111
4.836
1.153
1.121
1.103
1.103
1.336
1.485
1.125
1.720
1.751
1.103
1.103
1.109
1.118
1.186
1.103
1.103
8.366
2.487
1.145
1.689
1.103
1.105
1.103
1.104
1.107
1.127
1.108
1.107
1.218
1.103
1.137
1.136
1.103
1.112
1.103
1.106
1.177
1.145
22.664
1.103
1.103
1.103
1.110
1.103
1.120
1.116
1.103
1.103
1.157
1.116
1.207
1.102
1.148
1.107
1.103
1.102
1.335
1.130
1.102
2.120
1.102
1.102
1.544
1.139
1.103
1.144
1.102
1.113
1.102
1.102
1.103
1.115
1.119
1.104
1.102
1.852
1.559
1.140
1.105
1.676
1.102
1.104
1.102
1.124
1.102
1.102
1.102
1.102
1.112
1.123
1.101
1.101
1.101
1.103
1.101
1.101
1.101
1.101
1.101
1.109
1.108
1.101
1.858
1.107
1.095
1.146
1.095
1.098
1.389
1.095
1.208
1.095
1.202
1.108
1.211
1.095
1.273
1.095
1.100
1.152
1.096
1.132
1.095
1.095
3.061
1.095
1.095
1.095
1.191
1.101
1.134
1.110
1.851
1.161
1.124
1.099
1.096
1.105
1.174
1.096
1.095
1.125
1.095
2.555
1.424
1.865
1.117
21.350
1.178
1.095
1.113
1.095
1.105
1.095
1.095
1.116
1.095
1.095
1.137
1.109
1.095
1.095
1.095
1.095
1.096
1.095
1.205
1.095
1.097
1.095
1.095
3.207
1.095
1.111
1.333
1.095
1.156
1.095
15.276
1.095
1.095
1.961
1.210
1.095
1.097
1.095
1.095
1.095
1.128
1.095
1.095
1.097
1.099
1.095
1.121
1.095
1.113
8.632
1.103
1.142
1.102
1.095
1.095
4.136
1.095
1.103
1.095
1.098
1.110
1.093
1.093
1.438
1.093
8.118
1.106
1.093
1.119
1.093
1.093
1.101
1.258
1.489
1.094
1.134
1.093
1.130
1.112
1.093
1.093
1.107
3.858
3.368
1.124
1.093
1.093
1.224
1.093
1.130
1.093
1.130
1.093
1.145
1.514
1.093
1.101
1.093
1.161
1.093
1.100
1.160
1.110
1.093
1.200
1.093
1.137
1.138
1.113
2.709
1.093
1.093
1.093
1.094
1.104
1.141
1.093
1.268
1.093
1.138
1.093
1.114
1.093
1.093
1.093
1.093
1.095
1.093
2.046
1.093
1.315
12.603
1.093
1.124
1.093
23.216
1.101
1.093
1.125
1.282
1.093
1.093
1.094
1.093
1.094
1.463
22.857
1.107
1.694
1.096
1.100
2.050
1.095
1.093
1.102
1.093
1.103
1.151
1.093
1.093
2.415
1.095
1.093
1.098
1.681
1.093
1.093
1.093
1.848
1.109
1.115
1.098
1.093
1.200
1.093
2.373
1.145
1.097
1.857
1.093
1.093
1.123
1.093
2.301
1.155
1.325
1.093
1.095
1.199
1.093
1.259
5.985
1.093
1.093
1.093
1.097
1.106
1.619
1.769
1.104
1.222
1.093
1.162
1.095
1.097
1.093
1.093
1.121
1.091
1.091
1.089
1.088
1.093
1.088
1.090
1.090
4.482
1.088
1.522
1.105
1.417
1.088
14.149
1.088
1.105
8.587
1.543
1.088
1.133
1.088
1.088
1.085
1.085
4.654
2.284
1.085
1.085
1.149
1.085
1.087
1.099
1.106
1.085
1.085
1.084
1.084
1.765
1.093
1.084
1.084
1.084
1.084
2.978
1.084
1.084
2.229
1.086
1.084
2.001
1.084
1.088
1.084
1.091
1.084
1.084
1.113
1.098
1.084
1.161
2.032
1.084
1.109
1.103
1.087
1.084
1.084
1.100
1.084
1.084
1.084
1.084
1.085
1.128
1.276
21.915
1.110
1.084
1.084
1.123
1.100
1.084
1.084
1.085
2.695
1.086
1.088
1.084
1.084
1.133
1.084
1.084
20.215
1.091
1.092
1.186
1.154
1.709
1.084
1.210
1.422
1.084
1.087
1.084
13.494
1.084
1.092
1.084
1.088
1.084
1.084
1.084
1.084
1.244
1.084
1.104
1.100
1.084
1.084
1.160
12.303
1.124
1.121
1.084
1.084
1.084
1.107
1.084
1.084
1.129
1.202
1.097
1.084
1.084
1.084
1.085
1.189
1.211
1.084
1.084
1.086
1.084
1.086
1.084
1.087
3.188
1.336
1.091
1.409
1.084
1.086
1.084
1.118
2.770
1.084
1.084
1.123
1.084
1.084
1.095
1.138
1.084
2.067
5.721
1.084
1.083
1.083
1.264
1.400
22.978
1.083
1.108
1.083
1.083
1.546
1.085
1.091
1.701
1.214
1.116
1.118
1.083
1.908
1.095
1.083
1.083
1.084
1.084
1.084
1.093
1.096
1.085
1.083
1.083
1.082
1.084
1.989
2.831
1.090
1.082
1.106
1.162
1.082
1.109
1.082
1.081
1.093
1.927
1.087
1.081
1.083
1.140
1.081
1.081
1.081
1.081
4.759
1.081
1.126
1.081
1.468
1.081
1.130
1.081
1.081
1.338
1.836
1.081
1.749
1.127
1.087
1.081
1.088
1.081
1.081
1.081
1.098
1.100
1.090
1.081
2.103
1.134
1.081
1.109
2.052
1.442
1.093
1.823
2.525
1.095
1.082
1.081
1.265
1.081
1.081
1.142
1.081
1.078
1.081
1.078
1.103
2.037
1.379
4.979
1.078
1.078
1.079
1.078
1.104
1.078
1.078
1.080
1.080
1.104
2.747
1.078
1.083
4.129
1.086

Results for SA
Target: Iris-versicolor: 
Correctly classified 148.0 instances.
Incorrectly classified 2.0 instances.
Percent correctly classified: 98.667%
Training time: 33.740 seconds
Testing time: 0.004 seconds

