-i 10000 -algo sa -alpha .95 
Iterations: 10000
Cooling alpha: 0.95

Error results for SA
Target: Iris-versicolor
---------------------------
18.770
18.771
18.597
18.593
18.604
18.386
18.392
18.492
18.647
18.686
18.686
19.709
19.709
19.722
20.457
18.632
18.492
18.476
18.524
18.524
18.271
17.163
17.162
16.912
16.906
17.605
17.605
16.749
16.754
17.802
17.375
17.337
17.337
19.912
19.909
19.907
19.922
17.865
17.865
18.767
18.767
18.767
19.436
19.436
19.935
19.664
19.664
19.664
19.664
16.740
16.744
16.399
16.396
16.282
16.282
16.282
15.909
15.909
15.909
15.909
16.113
16.417
16.427
16.448
16.448
16.711
16.711
17.853
17.862
18.069
20.288
20.288
20.288
20.288
20.274
18.020
18.082
18.082
18.082
17.940
17.940
18.028
18.028
18.028
17.613
17.056
17.056
17.061
17.311
17.312
17.075
17.818
17.819
17.838
17.838
17.739
17.784
17.751
17.569
17.966
17.908
17.782
17.784
17.721
17.721
17.767
17.816
17.816
17.816
17.815
17.610
18.266
18.273
18.377
18.378
18.378
18.378
18.379
18.377
18.379
18.375
18.603
18.602
18.602
18.602
18.601
18.601
21.405
21.394
21.381
21.381
21.207
21.377
21.377
20.880
20.880
20.880
20.880
20.874
20.874
20.933
27.137
32.774
32.774
30.574
30.701
30.447
29.330
29.332
29.332
29.483
29.489
29.489
30.018
29.932
31.700
27.327
27.327
27.368
27.367
27.087
26.180
26.253
26.253
26.253
26.194
27.965
25.760
25.787
25.689
25.696
27.120
27.120
26.755
26.514
26.491
26.525
26.381
26.379
24.926
24.926
25.376
21.797
21.797
21.798
21.980
21.980
21.983
24.082
24.082
24.101
22.319
22.319
22.320
22.320
22.320
22.320
25.563
23.840
23.875
29.018
29.018
31.715
29.169
29.488
29.488
29.488
29.488
29.520
29.520
29.460
29.457
29.457
32.972
33.020
33.020
32.263
30.958
30.852
30.852
30.338
28.072
28.072
28.072
27.462
26.383
26.376
26.376
26.376
26.376
26.377
28.716
25.384
25.384
24.781
23.804
23.803
25.348
25.721
25.721
25.731
30.636
30.611
30.674
29.683
29.683
29.683
29.683
34.411
34.411
34.411
34.208
34.208
36.802
27.365
27.365
27.365
28.326
28.824
28.824
28.833
28.833
28.853
28.856
30.636
30.637
27.772
27.781
27.952
27.952
30.128
30.128
29.340
29.340
30.381
30.387
30.387
31.609
31.609
31.609
28.635
24.270
24.258
24.258
24.258
24.261
24.374
24.159
24.156
24.157
24.157
24.157
23.698
23.687
22.728
22.723
22.723
20.056
19.982
20.265
20.265
19.634
19.638
17.789
19.958
19.958
18.652
16.718
16.712
16.716
16.834
17.885
17.839
17.839
17.478
17.458
17.458
19.219
19.214
19.027
19.049
19.051
19.051
18.981
18.979
18.825
18.918
18.194
18.196
19.378
19.473
21.536
21.536
20.451
20.814
20.919
20.919
21.495
21.269
21.043
21.049
21.049
21.011
20.932
20.926
21.893
21.893
21.422
21.424
21.424
21.470
21.648
21.843
21.930
21.930
21.906
21.906
21.906
21.906
21.704
21.704
21.701
21.701
21.748
21.582
21.554
21.554
21.554
21.566
22.154
22.154
19.915
19.915
19.915
18.895
19.300
19.890
19.890
19.632
19.527
19.527
20.151
20.151
20.151
20.493
20.485
21.296
21.309
21.287
21.287
21.287
20.723
20.723
20.594
20.594
20.594
20.589
20.515
20.516
25.228
25.687
24.777
23.932
23.932
23.932
23.872
21.794
21.794
23.303
23.488
23.621
26.879
27.454
26.928
26.915
23.062
21.956
19.644
21.575
21.569
20.286
20.842
19.835
20.598
20.628
20.628
20.926
24.622
20.453
20.467
20.467
20.467
18.665
19.245
21.762
21.250
24.133
24.133
23.024
23.020
22.199
22.199
22.199
22.293
22.293
23.148
22.989
22.602
28.571
28.820
24.571
24.593
24.625
23.347
21.171
21.937
21.937
22.148
22.148
23.415
25.577
25.215
25.223
25.223
25.175
24.966
23.982
22.653
22.466
23.100
21.109
21.109
21.109
21.256
21.303
22.057
21.672
21.390
22.418
22.813
23.531
23.532
23.529
23.659
23.524
23.563
23.091
23.061
23.723
23.723
23.695
23.718
23.718
23.718
23.708
23.711
23.785
23.777
23.777
23.786
23.778
23.570
23.570
23.573
23.573
23.573
23.558
23.558
23.303
23.744
23.572
23.572
23.572
23.703
23.847
23.845
23.845
23.846
23.846
23.846
23.918
23.923
24.271
24.418
24.421
24.291
24.406
24.408
24.408
24.414
24.414
24.414
24.417
24.417
24.378
24.345
24.345
24.506
24.506
24.503
24.503
24.503
24.540
24.504
24.676
24.676
24.676
24.711
24.711
24.711
24.698
24.460
24.351
24.374
24.341
24.327
24.269
24.254
24.254
23.177
23.217
23.217
24.307
23.544
23.617
23.339
23.387
23.387
23.378
23.462
23.450
22.986
22.988
22.777
22.872
22.894
22.894
22.927
22.927
23.067
23.218
23.526
23.526
23.449
23.449
23.878
23.878
23.878
23.925
23.495
23.884
23.615
23.615
24.183
24.183
24.243
24.182
24.166
24.319
24.330
24.224
24.458
24.439
24.429
24.647
24.647
24.511
24.514
24.510
24.510
24.534
24.536
24.790
24.790
24.701
24.742
24.730
24.740
24.740
24.729
24.728
24.847
24.866
24.861
24.861
24.895
24.892
24.891
24.914
24.905
25.008
25.008
24.965
24.969
24.965
24.967
24.973
24.851
24.837
24.854
24.854
24.854
25.149
25.149
24.798
24.799
24.871
24.799
24.800
24.799
24.799
24.799
24.799
25.199
24.763
24.763
26.193
24.759
24.765
24.799
24.788
24.777
24.843
24.843
23.784
23.787
23.805
23.999
23.787
23.787
23.787
23.787
23.576
22.713
23.115
21.219
21.887
21.889
23.976
21.415
21.220
20.620
20.621
19.763
20.033
19.770
19.769
24.216
19.769
20.075
19.769
19.769
19.766
19.755
19.755
19.755
19.755
18.493
18.493
18.493
18.330
18.330
18.330
18.330
18.330
18.553
18.377
18.183
17.848
17.848
22.387
17.832
18.706
17.091
16.183
16.183
16.573
16.283
16.754
16.183
16.183
16.554
16.183
16.183
16.183
16.183
16.182
16.182
16.379
16.171
19.164
16.183
17.536
19.981
16.308
15.886
15.771
19.121
15.771
20.059
15.936
15.772
15.695
15.686
14.753
14.753
14.743
14.743
14.744
14.953
14.735
20.660
14.735
15.463
14.735
14.549
14.548
14.714
14.449
15.938
14.533
14.448
14.641
14.448
14.448
14.582
14.084
14.127
15.133
14.239
14.354
20.413
14.084
14.084
14.173
14.084
14.084
14.307
14.080
14.080
14.052
14.142
14.050
14.251
14.050
14.009
14.626
14.009
14.172
14.009
14.984
14.007
14.007
14.007
14.007
14.023
14.593
14.008
14.012
14.009
14.007
14.064
14.008
14.110
14.007
14.173
14.009
14.405
19.977
14.007
14.007
14.007
14.224
14.007
14.422
14.008
15.368
14.007
14.007
20.460
14.007
15.713
14.757
14.007
14.006
14.130
14.006
13.966
13.968
15.415
15.803
17.673
13.966
14.714
13.966
13.966
13.968
13.966
13.966
13.966
18.008
13.964
15.642
14.207
13.974
13.959
13.959
16.077
13.959
13.803
13.879
13.641
13.641
13.655
14.595
13.641
13.640
14.360
13.604
23.513
15.148
13.977
13.964
13.747
13.410
13.410
13.410
13.439
13.405
22.327
13.405
13.464
13.405
13.405
13.405
13.405
13.405
13.405
13.405
13.640
18.453
20.572
13.408
13.704
13.405
13.405
13.502
13.405
12.981
13.073
12.981
12.981
12.982
12.981
13.352
12.981
14.213
12.981
12.981
14.035
12.981
12.981
15.855
12.982
12.733
12.733
13.775
12.733
12.733
12.513
12.566
12.208
12.208
12.208
12.208
12.084
16.339
13.180
12.318
12.394
12.084
12.181
12.294
13.719
12.084
17.558
13.978
12.282
12.084
12.084
17.297
12.084
12.912
12.084
12.084
12.084
12.084
12.357
12.342
12.084
12.084
14.111
12.084
11.958
13.478
11.958
11.958
11.958
11.958
11.911
11.911
12.236
11.868
12.471
12.866
14.732
11.868
11.759
12.240
11.759
15.616
11.842
14.301
11.759
16.251
11.759
11.759
11.762
12.882
12.202
12.147
14.632
11.759
11.759
12.076
11.759
11.759
11.759
11.759
11.759
11.759
11.759
11.776
11.759
11.967
11.759
12.829
11.612
11.599
11.599
11.599
11.599
11.566
11.566
11.549
11.678
11.549
11.549
11.990
13.121
11.549
11.850
11.549
11.549
11.549
11.549
11.565
11.876
11.549
11.801
11.487
15.586
11.487
11.396
11.396
11.396
12.512
11.424
11.396
11.180
11.525
11.180
11.213
11.180
11.180
12.568
11.180
12.899
11.182
11.180
14.822
11.931
11.306
11.180
11.180
11.180
11.180
11.201
12.625
11.180
11.180
11.247
11.180
11.180
11.180
11.180
11.180
11.207
11.911
11.210
11.180
13.056
11.256
17.654
11.067
11.158
13.339
11.067
11.098
11.067
11.078
11.067
11.067
11.067
11.067
11.926
11.851
11.067
13.670
11.506
11.062
11.289
11.062
11.062
17.898
11.131
12.196
11.309
15.047
11.000
17.536
11.021
11.000
15.692
11.615
11.254
11.173
11.000
11.000
16.094
10.880
10.971
11.196
11.462
11.640
10.908
11.141
10.880
10.880
10.880
10.880
10.880
10.744
10.744
10.744
10.744
10.744
10.315
10.315
10.315
10.315
11.327
15.497
10.315
10.315
10.315
10.315
10.270
10.270
10.484
10.270
10.289
11.269
10.219
10.247
10.435
10.239
19.168
10.219
10.271
15.600
13.437
10.249
12.507
10.219
10.204
12.290
10.204
14.932
10.204
10.238
10.240
10.980
10.864
10.204
10.386
10.204
13.026
10.901
10.360
10.213
10.217
10.986
10.204
10.204
10.967
10.204
10.204
10.294
15.202
10.519
10.204
11.941
10.204
10.191
10.394
10.191
10.604
10.714
10.191
10.191
11.418
10.775
11.050
10.346
10.475
10.191
10.223
15.870
10.191
10.377
10.169
10.383
10.278
10.169
12.975
10.166
10.166
9.967
16.443
9.958
9.958
10.828
9.958
11.683
9.948
10.158
9.922
9.963
9.922
9.925
9.922
10.055
9.967
9.922
10.301
9.922
9.922
9.922
10.042
9.922
9.876
9.876
9.876
9.876
11.673
9.876
10.269
10.459
10.128
10.348
9.876
10.020
9.959
13.839
9.876
15.301
10.166
9.919
11.641
9.876
16.469
9.876
14.276
9.941
9.876
9.876
10.062
11.582
9.860
9.860
9.860
9.860
10.466
14.837
19.915
9.851
9.977
9.851
9.866
9.908
10.609
17.508
10.326
9.886
10.017
10.230
9.851
9.851
10.545
9.849
9.680
9.528
9.745
9.528
10.173
9.632
9.528
18.991
9.528
14.020
9.528
10.546
9.528
9.528
9.435
20.343
11.327
9.942
9.455
9.435
9.562
11.295
9.318
9.366
12.039
9.392
13.370
9.388
9.621
9.490
14.107
11.874
9.318
9.318
9.787
9.318
9.931
20.115
9.472
9.318
9.318
9.304
9.304
12.451
10.369
9.307
9.361
9.253
12.715
9.268
9.303
13.198
9.253
13.103
9.253
9.253
9.239
9.378
9.245
9.253
9.239
9.239
9.695
9.239
9.239
9.316
9.236
9.236
9.463
9.236
9.323
9.345
9.236
10.283
9.161
9.161
9.380
33.570
9.161
9.161
11.337
9.257
9.161
9.152
9.287
35.360
9.048
9.209
9.048
9.693
10.068
9.032
9.033
9.032
9.811
9.032
10.909
8.932
8.943
8.928
9.214
9.124
8.928
8.928
8.593
8.552
8.552
8.552
9.177
9.172
8.552
10.588
13.347
8.556
8.552
8.596
8.552
8.552
8.965
8.606
8.953
8.292
8.292
8.292
12.712
8.291
8.291
11.402
8.215
8.263
8.215
12.087
8.215
8.318
8.215
8.215
8.063
7.977
7.977
8.863
8.524
8.045
8.086
7.977
7.977
13.871
7.977
7.958
8.359
8.177
7.958
7.958
10.052
7.958
7.958
7.958
7.958
7.958
14.972
8.035
7.838
7.838
8.373
7.838
7.819
7.934
11.822
7.787
8.439
7.761
7.761
8.032
13.861
7.761
7.761
7.841
8.359
7.752
8.926
7.787
7.752
7.776
7.752
7.634
8.319
7.634
7.612
7.612
7.725
7.612
7.612
7.612
12.004
7.612
7.988
7.612
14.604
7.612
7.612
7.772
10.197
7.901
7.612
7.612
11.032
7.612
7.612
7.960
7.693
7.612
7.688
7.953
7.627
7.612
8.025
7.549
7.549
7.549
7.705
7.549
9.990
7.549
9.468
7.391
8.429
7.391
13.606
7.689
7.389
30.094
7.389
8.885
16.135
7.359
11.857
7.614
7.359
7.359
7.359
7.373
7.359
7.396
11.468
7.492
10.157
7.359
10.800
12.128
8.071
7.474
7.359
7.359
7.359
7.359
7.358
7.357
8.120
7.357
7.357
7.360
8.309
7.409
7.959
7.331
11.426
7.327
7.227
7.334
7.965
7.794
17.925
7.777
7.227
7.235
7.287
7.227
7.227
7.787
6.962
6.962
6.584
6.585
12.697
6.989
6.584
6.584
6.584
6.533
7.749
6.533
6.533
6.533
9.806
6.533
6.524
6.806
6.524
6.660
11.859
6.770
6.971
6.524
18.562
6.524
7.578
6.524
6.515
7.527
6.547
6.515
7.126
6.517
6.515
6.515
6.757
6.517
6.521
6.515
6.515
6.698
6.515
6.515
6.515
6.515
6.515
6.515
6.515
6.776
6.515
6.515
6.616
7.398
12.699
6.625
6.515
6.578
6.515
7.569
6.541
6.772
6.515
7.627
32.262
6.630
7.048
6.515
6.556
6.515
6.721
6.513
6.792
6.513
6.567
6.513
8.787
6.513
6.513
8.062
6.513
6.482
7.238
6.482
6.518
16.792
6.584
6.482
6.662
6.509
7.310
16.135
6.482
6.477
6.501
6.477
7.296
6.477
6.476
6.476
7.482
6.490
6.476
6.476
6.476
6.685
6.476
9.473
6.476
6.472
6.502
6.472
6.979
6.472
6.472
6.776
8.906
6.530
6.789
6.573
7.026
6.512
6.472
6.472
6.472
6.733
6.478
6.472
6.480
6.472
6.482
6.472
6.472
10.015
6.472
6.518
6.446
6.446
6.446
6.579
6.466
7.068
6.561
6.400
6.400
9.966
6.400
6.400
6.421
6.401
6.426
6.450
6.413
6.649
6.791
15.048
6.400
6.400
6.457
6.709
6.400
6.400
6.568
6.397
6.475
6.830
6.397
6.446
6.440
6.397
6.459
6.494
6.397
6.466
6.397
6.440
6.397
6.601
6.370
6.686
6.370
6.370
7.743
6.370
6.552
6.375
6.337
7.799
6.396
6.337
6.526
9.743
6.342
6.337
6.682
6.337
6.492
6.337
6.703
6.802
6.350
6.337
7.076
8.032
6.373
6.387
6.337
6.740
11.568
6.385
6.335
6.335
6.897
6.487
6.375
6.266
6.277
10.597
6.266
6.266
6.266
6.266
6.266
6.280
6.266
6.266
6.303
6.266
6.508
11.635
6.266
6.280
6.266
6.276
6.264
6.240
6.239
6.239
12.224
10.119
6.239
6.958
8.770
10.234
6.239
6.239
9.637
6.239
6.239
15.230
11.266
6.239
11.274
7.329
6.240
6.239
6.217
17.281
6.217
6.217
6.217
6.251
6.217
6.257
6.221
6.469
6.217
6.655
6.217
6.227
7.793
8.204
6.217
6.903
6.480
6.243
7.299
6.217
6.217
7.583
6.217
6.216
6.481
6.478
6.510
6.219
6.468
6.656
6.216
6.960
6.216
6.418
6.216
6.182
6.182
6.182
6.505
6.509
9.124
6.229
7.466
6.366
18.632
7.008
6.481
7.777
6.182
7.195
6.490
6.294
7.070
6.221
6.182
6.182
6.245
6.182
6.182
9.091
6.182
6.182
6.826
6.307
6.182
6.161
11.554
6.177
6.343
6.149
6.149
6.139
6.139
6.348
6.139
17.610
6.997
6.139
20.509
18.861
6.177
6.334
6.793
6.424
6.279
7.989
6.508
8.500
6.139
6.484
6.146
6.435
6.160
15.706
6.337
6.139
6.080
7.168
11.056
6.181
6.094
6.080
6.080
6.012
7.133
6.079
6.012
6.254
5.990
6.192
5.990
5.990
6.068
5.990
9.740
5.990
5.990
6.480
5.971
6.015
6.016
5.971
6.134
5.934
5.934
5.939
5.934
5.934
12.648
6.571
6.481
8.554
5.934
5.934
6.013
5.979
5.934
6.555
6.600
5.929
7.155
6.040
5.929
5.929
6.063
6.450
5.929
6.968
5.991
5.992
5.918
5.909
5.934
7.051
5.909
5.909
5.909
5.909
5.909
6.044
5.909
5.909
5.909
5.909
5.909
5.909
5.914
5.906
6.082
5.926
5.906
7.141
8.775
10.797
5.906
7.890
5.905
6.017
5.905
5.905
5.905
5.905
5.905
5.905
5.905
5.809
12.378
5.809
5.809
5.809
6.209
6.416
5.796
5.885
28.268
5.865
5.796
5.767
5.767
5.814
5.854
5.776
5.767
9.272
5.889
16.637
5.767
5.851
5.767
5.767
5.801
5.878
5.752
5.752
5.805
5.798
5.752
5.752
5.777
7.649
5.777
5.746
6.555
5.760
5.746
5.746
6.822
5.746
10.761
5.746
5.618
5.722
5.618
7.013
9.760
8.042
5.618
5.618
5.619
6.308
5.618
20.198
15.316
6.505
5.618
5.371
5.371
5.371
5.506
5.371
5.541
5.371
5.371
5.371
5.432
5.390
5.475
7.186
5.722
5.359
5.643
5.424
5.861
5.359
5.545
5.407
5.365
5.359
5.359
6.905
5.359
5.520
5.672
5.347
5.347
5.347
11.165
5.347
7.962
8.105
5.347
5.347
16.621
5.568
5.548
5.356
11.043
5.408
5.347
5.347
10.203
5.633
13.146
5.332
5.332
5.378
15.390
5.332
5.332
5.332
5.407
5.348
5.518
5.825
5.316
5.316
19.206
10.415
5.316
6.386
6.823
5.316
5.528
5.316
5.326
5.617
5.297
5.383
15.628
5.297
5.297
5.297
5.306
5.504
5.366
5.297
5.641
5.291
5.291
5.457
5.292
5.291
5.291
5.385
11.694
14.456
5.291
5.291
5.268
5.274
7.796
18.157
10.247
5.252
6.229
6.077
11.583
5.539
5.297
18.692
5.252
5.246
6.045
5.450
5.323
5.246
6.741
5.246
5.249
5.374
5.230
5.192
5.306
5.192
5.192
5.818
5.614
5.611
5.192
5.183
7.262
5.183
5.323
5.183
5.181
5.181
5.181
5.182
5.181
5.181
5.181
5.177
5.182
5.177
5.177
17.293
5.177
5.260
5.241
5.177
5.857
5.177
5.177
5.278
5.177
5.328
5.177
5.177
5.177
5.165
6.191
6.018
5.165
5.165
5.169
5.165
5.362
5.165
5.620
5.165
5.165
5.165
5.165
5.295
11.086
6.265
5.170
6.510
5.165
5.420
5.580
5.165
5.165
5.168
9.462
5.229
5.165
5.158
5.158
5.155
5.155
5.235
5.155
5.150
7.173
5.139
5.139
12.904
12.104
5.167
7.719
5.132
5.132
15.153
6.697
5.133
6.230
6.311
5.154
6.275
14.832
5.768
5.313
5.132
5.132
5.132
10.265
5.132
5.126
5.146
5.126
5.403
6.251
5.126
5.126
5.340
5.134
5.427
5.126
5.354
16.810
5.191
5.126
5.126
5.124
5.216
5.123
5.428
5.662
5.250
5.282
5.134
15.343
6.908
5.123
5.106
7.020
5.382
5.106
5.106
5.181
5.262
6.315
5.140
5.106
5.106
5.293
5.109
5.108
5.106
5.104
5.741
11.860
6.180
5.105
5.104
5.104
5.104
5.228
5.190
5.922
5.104
5.338
12.634
5.104
5.104
5.101
5.101
5.101
5.101
10.750
10.435
5.101
6.058
5.101
5.551
5.063
5.063
5.097
5.063
5.063
5.063
5.063
5.041
7.748
14.877
5.283
5.041
5.306
5.041
9.252
5.238
5.033
5.033
5.033
6.227
5.033
5.033
5.083
7.134
5.033
5.588
5.380
5.120
5.033
5.081
5.033
5.033
5.114
5.033
5.035
5.033
5.057
5.033
5.033
5.033
5.037
8.058
5.033
15.270
5.044
5.047
5.041
5.683
5.961
10.415
5.458
5.033
5.033
5.033
5.998
5.118
5.197
5.033
5.033
5.062
5.033
5.037
5.033
5.027
5.886
5.064
5.027
6.942
5.027
19.810
5.027
5.630
5.098
5.383
5.027
5.027
12.381
8.122
5.027
5.027
5.025
5.025
8.422
5.020
5.172
5.020
5.031
5.020
5.537
5.054
5.020
5.020
5.040
5.020
5.150
5.020
5.020
5.020
5.020
5.021
5.045
5.020
5.079
5.019
5.040
5.417
5.516
5.776
6.217
5.181
6.721
5.028
6.651
5.128
5.030
5.019
8.230
5.026
5.029
5.019
5.211
5.081
5.019
5.019
5.019
5.019
5.020
5.010
5.010
4.993
5.012
4.993
4.993
4.996
4.993
4.993
4.993
4.993
5.035
15.751
5.219
27.144
4.993
4.993
5.138
8.006
7.421
4.993
5.109
5.217
9.127
4.993
5.002
5.145
5.017
4.993
4.986
5.238
5.010
4.986
4.986
5.059
4.986
5.056
6.832
5.767
4.996
4.986
13.764
5.156
4.986
4.986
4.986
4.986
4.986
5.026
4.976
4.979
16.107
10.805
7.100
5.997
5.276
6.767
4.986
4.976
4.977
6.822
5.660
4.976
4.976
4.976
4.976
5.004
5.002
4.976
4.976
4.976
4.976
5.036
4.976
7.790
5.376
4.976
4.976
4.976
9.533
4.986
6.804
7.058
4.972
4.972
9.437
5.163
6.988
4.972
4.966
4.972
4.966
14.439
7.132
4.966
5.052
4.966
4.966
5.442
12.769
4.964
4.964
5.167
4.964
4.973
5.001
4.964
4.968
5.174
4.964
5.049
4.968
13.624
4.949
6.083
4.949
6.189
4.949
4.949
5.698
4.950
4.975
5.014
4.949
4.949
4.949
4.950
5.175
4.949
5.316
6.948
10.833
4.982
4.983
4.948
4.932
4.996
4.932
4.930
4.931
4.927
5.169
6.405
7.199
4.927
4.927
4.927
4.927
4.927
4.962
4.927
4.957
4.927
5.193
7.654
4.927
5.026
5.008
5.001
16.632
7.579
4.927
5.068
4.990
4.927
5.188
19.708
4.927
4.927
13.757
4.927
6.534
4.927
4.927
4.927
4.927
4.912
4.912
4.909
4.909
4.910
4.953
4.907
4.907
4.911
4.907
17.917
4.906
4.906
4.906
8.219
6.650
4.906
4.906
4.904
4.904
5.589
4.946
4.904
4.904
4.904
4.904
4.905
4.963
5.133
4.904
12.239
4.904
4.932
4.904
5.085
4.943
5.183
6.155
4.904
4.904
4.904
4.981
4.903
4.903
4.999
16.412
4.912
4.904
5.332
17.279
4.903
12.395
7.489
14.562
5.235
4.903
5.416
5.140
19.018
12.606
4.903
4.903
4.920
4.903
4.903
4.903
4.903
4.903
4.906
10.258
4.903
4.929
8.506
4.905
4.959
5.132
4.903
4.903
4.903
4.903
20.070
12.099
17.028
5.499
4.920
4.919
4.972
17.328
17.674
4.910
4.903
4.900
4.944
4.902
4.900
6.421
17.480
4.905
4.900
4.900
4.900
4.908
4.900
4.900
6.504
18.814
4.900
4.900
7.117
5.157
4.900
13.885
4.900
5.479
5.146
4.932
4.900
4.900
4.900
4.900
4.900
4.984
5.011
4.909
4.924
4.918
4.900
5.072
4.910
16.646
5.188
4.900
4.900
4.900
13.023
6.495
5.097
4.900
4.914
9.983
4.900
4.900
4.908
21.735
4.900
17.014
5.239
4.900
4.906
5.079
4.976
8.572
9.979
4.900
4.900
5.793
4.913
4.900
6.904
6.297
8.630
4.900
4.900
4.902
5.214
4.900
4.900
5.189
6.886
5.577
4.900
4.900
17.269
4.900
4.900
4.900
4.908
5.152
4.900
11.555
4.993
5.482
4.900
15.523
4.900
10.970
4.900
5.166
4.900
4.903
4.900
4.900
4.900
4.900
4.929
4.900
5.281
5.291
4.902
4.900
4.900
4.994
4.900
4.897
4.897
4.920
4.896
9.760
4.905
4.896
4.895
18.217
4.895
4.895
11.493
7.032
4.911
4.895
4.895
4.895
5.549
4.895
4.895
4.904
6.310
5.428
5.010
4.895
4.895
4.895
5.049
4.894
5.645
5.054
4.894
4.894
4.998
8.737
4.893
4.893
4.893
4.893
4.897
4.893
4.893
4.893
4.990
5.001
4.893
16.985
4.896
4.897
4.893
5.063
4.893
7.323
4.893
4.893
4.890
4.900
4.890
4.890
4.890
4.890
4.951
4.890
4.890
4.890
4.890
4.888
4.891
4.936
4.897
4.888
4.890
4.888
5.077
4.888
4.891
5.032
4.967
4.910
4.888
4.898
5.160
4.887
4.892
4.887
4.921
6.523
20.896
4.887
4.951
4.887
5.716
4.887
4.887
4.939
4.994
4.887
4.910
4.903
4.941
5.065
4.893
4.899
4.887
5.519
4.887
4.887
4.887
4.887
5.064
8.119
4.887
4.887
4.887
4.887
4.887
8.214
4.886
5.845
4.886
4.926
4.886
4.886
4.913
4.876
4.881
4.869
4.868
4.868
5.095
4.868
4.866
4.849
5.116
5.127
20.118
6.269
4.849
4.849
4.853
5.108
6.475
4.849
5.039
4.827
4.827
5.115
5.937
4.827
4.927
18.218
4.829
4.874
11.883
4.827
4.827
7.641
4.837
4.827
4.827
4.863
4.836
5.051
11.861
4.827
4.850
4.826
18.780
4.841
4.826
4.826
4.826
5.522
14.932
4.842
5.499
4.826
5.394
16.104
4.847
4.826
4.896
4.826
4.835
4.826
4.966
4.833
7.058
4.784
19.381
4.743
5.026
4.750
12.616
8.109
4.677
4.670
4.670
8.119
4.670
4.670
4.710
4.670
4.672
4.731
4.666
4.689
4.664
4.714
4.664
4.680
5.350
4.814
4.663
4.703
4.663
4.663
4.642
4.642
4.635
4.635
4.757
4.635
4.635
4.684
5.253
6.075
4.645
7.002
4.830
4.635
4.635
4.635
4.635
4.787
4.635
4.704
4.635
4.744
4.644
4.851
4.635
4.663
5.064
4.635
4.635
4.620
4.620
4.623
4.620
4.635
4.615
5.452
4.799
4.617
4.615
4.640
4.615
4.615
12.191
4.664
4.645
4.638
4.746
4.615
4.615
4.625
4.610
5.993
4.636
4.610
4.680
4.625
4.681
4.614
4.610
16.903
4.610
5.579
16.014
4.614
4.609
4.666
4.609
4.609
6.358
5.506
4.612
4.880
4.719
4.861
4.609
4.609
4.611
4.779
4.613
4.731
4.799
5.550
4.609
5.114
6.130
4.628
4.846
7.239
4.803
4.610
4.607
4.607
21.324
4.615
4.617
4.728
4.826
4.829
4.607
4.650
4.607
4.693
4.607
7.354
4.608
4.610
4.607
4.609
4.652
8.062
4.607
4.607
4.607
4.607
4.607
4.626
4.737
4.610
7.913
4.607
5.763
4.606
4.606
4.885
4.606
9.138
4.606
4.613
4.698
5.458
6.419
4.607
4.606
4.610
4.606
4.606
4.606
4.606
4.800
17.506
17.208
4.618
4.606
4.607
5.027
4.606
8.305
4.786
4.606
5.127
4.613
4.606
4.606
5.000
4.605
18.486
4.605
12.829
4.605
4.605
4.605
4.816
4.605
4.605
4.617
4.605
4.605
4.651
4.605
4.605
4.592
4.592
4.760
4.592
4.649
4.611
4.600
4.736
11.108
4.592
4.597
16.769
4.592
4.592
7.711
4.772
4.592
7.033
4.592
4.779
4.632
8.853
4.592
4.592
6.008
4.682
4.592
5.553
4.590
4.839
4.752
4.590
4.814
4.578
4.578
4.603
6.011
4.578
16.243
4.578
4.579
4.578
4.576
4.600
5.385
4.576
4.576
4.497
4.528
5.013
20.061
4.541
4.436
4.592
5.484
4.436
4.737
4.442
4.456
4.449
4.436
4.509
4.620
21.722
4.436
18.895
18.841
4.504
4.417
4.417
4.417
4.417
4.417
4.521
4.439
4.459
4.417
4.467
4.417
4.425
4.748
4.417
5.152
4.410
11.353
4.421
4.407
4.407
4.403
4.403
4.403
4.403
4.403
4.512
4.403
4.403
4.403
4.419
4.404
4.403
6.039
4.403
4.403
4.403
5.572
4.416
4.485
4.591
4.403
4.409
4.403
4.403
4.402
8.531
4.917
4.401
4.405
4.406
4.401
4.401
4.409
4.401
4.434
14.302
4.401
4.404
19.317
4.408
4.650
5.790
4.401
4.465
4.408
4.599
9.044
4.420
4.396
4.396
4.396
4.396
15.289
4.503
4.396
4.352
20.744
4.357
4.355
4.351
4.368
4.351
4.428
4.352
4.351
4.351
4.355
7.201
4.351
4.387
4.351
4.674
4.351
4.727
21.085
4.350
4.350
4.353
4.350
14.337
4.404
4.350
18.266
4.462
18.091
4.425
4.389
5.520
4.350
4.628
4.845
4.705
4.349
4.470
4.402
4.353
4.437
4.945
4.349
9.840
4.473
4.350
4.396
4.584
4.349
4.349
4.349
4.382
4.349
4.340
4.340
5.609
4.337
5.047
4.379
4.368
6.786
4.850
4.822
8.138
4.877
4.337
4.337
4.337
4.337
4.337
4.522
4.349
4.337
4.337
4.337
4.372
4.337
4.345
4.652
4.337
4.337
7.582
4.343
4.447
4.377
4.389
4.336
14.542
4.584
5.987
8.105
4.363
4.518
4.336
4.344
4.334
4.334
4.334
4.334
4.334
4.334
4.348
4.334
5.140
4.431
4.334
4.335
4.334
6.305
4.335
4.335
5.074
4.364
5.589
4.337
4.334
5.193
4.334
7.475
4.334
4.447
4.334
4.334
4.334
5.200
4.494
4.334
4.338
4.334
4.472
21.210
4.334
4.334
4.731
4.338
4.333
4.333
5.107
7.505
4.367
4.333
4.333
22.716
4.333
4.349
4.333
6.134
4.346
4.333
4.456
4.366
4.432
21.552
5.943
4.333
4.333
4.333
4.333
4.333
4.333
4.334
4.333
4.760
4.335
4.333
6.845
4.333
4.332
4.332
4.978
4.432
4.332
6.804
4.332
4.332
4.339
4.332
4.346
22.810
4.332
4.485
4.332
5.915
4.332
4.332
4.602
4.417
4.332
4.332
4.332
4.332
4.332
4.331
7.216
4.331
6.061
4.360
4.400
4.331
4.331
4.552
5.802
4.331
4.343
4.635
4.331
4.334
4.331
4.331
4.332
4.400
4.331
4.364
4.331
4.482
4.331
4.331
4.331
4.330
4.330
18.136
4.332
4.344
4.331
4.739
4.347
4.345
4.337
4.330
4.351
4.378
4.330
4.330
4.818
4.330
5.887
4.632
4.330
4.332
4.329
4.338
12.039
4.855
4.722
4.803
13.009
4.782
4.329
4.516
5.582
4.329
4.329
4.660
5.208
4.329
4.361
4.328
7.688
4.979
5.064
4.361
4.333
4.388
4.328
4.331
5.668
4.352
4.328
4.328
4.340
4.328
4.328
4.567
4.328
4.328
4.328
4.328
4.328
4.402
4.332
4.385
7.411
4.327
4.327
4.328
4.671
4.504
4.827
4.327
4.327
4.327
4.386
4.417
4.328
4.332
4.488
4.327
6.911
4.327
4.568
4.327
4.345
5.484
4.327
4.351
4.332
4.421
15.076
4.347
4.333
4.768
4.355
4.327
4.327
4.329
4.327
4.360
4.327
4.327
4.337
4.327
4.920
4.521
4.327
4.327
4.684
4.353
4.433
4.337
4.327
4.326
9.110
4.474
4.353
4.326
4.326
4.346
4.318
8.415
4.635
4.318
4.318
4.323
19.937
5.140
9.909
4.318
4.318
4.462
5.208
4.313
4.316
14.977
4.312
4.330
4.312
4.313
4.312
4.325
14.426
4.312
4.499
4.312
4.312
4.312
4.312
4.313
4.312
4.409
4.863
4.314
4.312
4.326
4.313
4.341
4.312
4.781
4.312
4.745
19.001
5.031
4.313
9.759
4.312
4.503
4.312
4.312
4.331
4.679
5.039
21.346
5.261
4.312
4.315
4.314
4.360
4.328
4.312
4.312
4.312
4.331
4.312
5.562
4.315
4.626
4.312
4.312
4.312
22.633
4.515
4.587
4.312
5.609
4.309
4.309
4.308
4.308
4.308
17.569
4.308
7.732
4.308
4.294
4.726
4.294
4.244
4.620
4.244
4.240
4.240
4.240
4.331
4.270
4.311
4.259
13.424
4.244
4.261
4.240
4.240
4.241
4.241
4.443
18.508
4.240
4.274
4.240
21.128
4.240
4.240
4.239
4.239
4.239
4.239
4.239
4.239
4.257
21.648
14.205
4.396
4.304
4.238
4.237
4.237
4.237
4.259
4.478
4.339
4.257
4.237
4.239
4.177
4.289
4.177
4.177
4.261
4.198
4.175
4.192
20.479
4.175
6.548
4.470
4.175
4.175
4.198
4.176
4.201
4.190
4.208
4.175
4.175
4.139
4.139
4.139
4.095
4.275
4.095
4.095
4.096
4.300
4.095
4.095
4.790
4.105
4.976
4.087
4.119
4.186
4.087
4.086
5.270
4.086
4.265
4.086
4.124
4.086
4.086
4.407
4.071
4.071
4.104
19.192
4.096
4.071
7.415
4.071
4.811
4.305
4.071
20.000
4.068
10.096
4.075
4.095
4.068
4.077
4.068
4.069
4.157
4.068
4.126
4.258
4.068
4.087
19.375
4.179
4.213
4.095
4.068
4.070
4.094
4.068
4.068
4.068
4.068
4.086
4.068
4.094
4.068
4.068
4.068
4.068
4.068
4.068
4.417
4.059
4.059
6.032
4.060
4.059
4.235
4.059
4.075
4.090
4.232
4.712
4.059
4.058
4.059
4.059
17.300
4.058
4.058
4.104
4.207
4.059
4.067
4.298
4.074
4.271
6.094
4.059
4.058
4.079
4.058
4.058
4.111
4.058
4.135
5.257
4.058
4.834
5.195
4.058
4.058
4.058
4.057
4.067
23.292
4.057
4.063
4.057
4.057
5.088
4.188
4.057
4.057
5.247
5.670
4.057
4.057
5.251
4.081
4.228
4.057
4.057
4.193
4.057
4.189
4.057
4.057
5.521
4.057
4.063
4.057
4.057
4.064
4.057
4.057
4.057
4.057
4.070
4.057
4.057
4.057
11.507
4.059
4.679
4.104
4.146
4.576
4.069
4.235
7.911
4.057
4.057
15.503
4.295
4.073
4.061
4.057
4.057
4.204
5.340
4.057
4.057
4.057
4.057
4.200
4.130
4.244
4.065
4.459
4.057
4.057
4.057
4.816
22.757
5.102
4.057
5.127
8.355
4.057
22.301
5.312
4.057
4.057
4.057
4.057
4.058
18.322
4.129
4.724
4.069
4.064
4.057
5.589
4.398
4.057
4.345
4.059
4.059
4.177
4.057
4.058
4.704
4.057
4.057
4.057
4.057
4.057
4.043
4.358
7.551
4.229
4.043
4.043
4.043
4.792
4.043
4.189
4.076
4.080
4.045
4.619
4.440
4.186
4.043
5.567
4.043
6.753
4.053
4.043
4.043
4.055
4.051
4.299
20.284
7.899
4.309
21.915
4.043
4.043
4.043
4.043
20.589
4.347
4.050
4.043
13.242
5.827
4.043
4.168
4.043
4.044
4.043
4.043
4.043
4.204
5.468
4.044
4.043
4.045
4.043
4.108
4.059
4.043
4.043
4.043
22.744
4.086
5.037
4.228
4.043
4.033
4.033
16.932
4.030
4.364
4.030
4.030
4.030
4.030
4.607
4.030
5.347
4.030
4.034
4.140
4.030
4.040
4.030
5.812
4.030
4.030
4.030
4.039
15.282
4.030
5.394
4.030
4.030
4.458
4.030
4.042
5.037
4.030
13.977
4.052
4.030
4.030
22.307
5.286
4.030
6.601
4.030
4.835
4.031
4.973
4.072
23.571
6.606
4.030
12.533
4.035
22.032
4.272
4.030
4.030
4.030
4.250
4.030
21.184
8.238
4.517
5.178
12.295
4.030
4.030
4.030
4.038
4.031
4.030
4.030
4.030
4.030
4.031
4.030
4.030
4.030
4.023
3.949
4.075
10.099
3.949
3.949
3.984
3.949
3.951
3.949
3.949
4.023
3.949
3.974
3.953
3.949
3.949
3.994
4.025
19.097
3.943
3.943
3.943
3.981
3.943
3.943
3.945
3.943
3.937
21.044
3.937
3.937
3.937
3.937
3.940
3.937
3.939
3.936
3.971
3.919
5.446
4.321
18.612
10.077
3.919
3.870
5.891
3.870
21.827
3.870
3.870
3.870
4.978
3.870
3.870
3.870
3.870
3.870
3.870
3.871
3.870
3.870
4.490
3.870
3.870
3.870
3.870
3.870
4.157
3.870
3.870
3.870
3.870
3.870
3.918
3.871
3.870
3.870
16.609
3.976
3.870
8.108
3.870
4.011
3.870
4.244
3.870
4.745
3.870
3.881
3.870
6.425
3.876
4.300
3.870
3.870
4.230
4.007
4.017
3.870
4.101
3.870
5.205
7.052
3.889
3.870
3.870
4.451
17.413
3.870
3.870
3.874
4.068
3.869
3.886
3.869
3.869
4.345
3.869
3.897
3.871
5.689
3.869
3.869
3.888
11.251
3.870
7.237
3.870
3.869
10.786
3.869
3.869
3.869
3.869
4.028
3.869
3.897
4.635
3.946
3.866
3.867
3.852
3.852
3.862
6.055
3.931
3.872
4.114
3.852
3.853
10.265
15.373
4.503
3.852
14.905
3.852
3.852
4.039
8.092
4.560
3.852
4.535
3.860
3.986
3.841
5.476
5.136
4.021
3.945
3.841
5.480
3.875
4.117
3.842
3.857
3.864
3.842
3.842
3.841
16.118
3.841
3.841
23.668
3.848
5.826
10.702
3.956
5.826
3.841
18.561
3.875
3.855
3.841
3.841
3.836
3.836
11.173
3.836
3.938
6.812
5.199
3.836
4.793
3.884
5.003
4.930
3.836
3.836
3.871
3.837
4.664
8.204
3.836
4.647
4.068
3.897
3.838
3.838
3.883
3.853
3.836
3.840
3.836
4.228
3.855
3.836
3.839
4.681
3.837
3.910
3.836
3.980
3.836
3.836
3.828
3.828
3.828
3.828
4.320
23.878
5.706
3.828
3.953
3.828
18.201
3.827
3.827
3.830
10.182
3.827
3.827
3.827
3.827
3.829
3.837
3.827
3.833
3.827
3.852
3.827
4.695
3.850
3.827
3.827
3.827
3.971
3.827
3.827
3.894
3.827
3.827
3.844
4.027
3.827
3.827
3.827
4.965
3.827
3.827
4.409
3.827
6.124
5.396
3.824
3.830
3.980
3.824
3.881
4.188
3.825
5.087
3.824
3.983
3.841
3.823
3.849
3.823
3.823
4.201
3.823
3.825
3.823
3.825
3.837
3.982
3.823
3.823
6.470
3.960
4.076
3.823
10.108
3.829
4.926
3.838
3.957
3.799
3.802
3.799
3.799
6.147
6.515
3.799
12.038
3.799
3.799
3.799
3.796
3.803
3.796
3.834
6.760
3.796
3.800
3.796
3.796
4.103
3.796
4.717
3.796
23.835
8.488
3.817
4.999
3.796
3.796
3.796
3.811
3.958
4.184
3.796
3.796
3.938
3.796
3.889
3.994
3.794
3.806
3.794
3.884
3.794
3.794
3.794
3.794
3.794
3.794
3.811
3.794
3.794
3.794
16.342
3.811
3.794
3.800
3.794
3.794
3.794
13.568
3.794
3.794
4.062
3.794
3.794
3.794
3.794
3.793
3.793
3.790
3.790
3.790
3.790
4.546
3.790
3.788
3.788
3.788
6.434
3.788
4.299
3.800
3.821
4.331
3.799
3.788
3.788
3.788
22.849
6.244
3.788
3.788
3.788
3.850
4.035
3.788
4.720
3.838
3.814
3.788
4.076
3.785
3.785
3.782
3.817
4.861
3.893
3.782
3.906
3.782
3.796
3.782
3.782
5.346
3.782
3.782
5.717
9.079
17.866
3.842
3.782
8.421
18.064
13.637
3.782
3.782
3.792
23.462
3.782
3.782
3.782
3.783
3.815
3.781
5.890
3.781
3.781
3.771
3.771
3.771
3.771
15.553
14.583
3.771
3.793
3.771
3.772
3.894
3.771
3.771
3.771
3.771
3.773
11.329
3.771
3.817
3.771
3.771
23.957
3.771
3.810
3.777
5.475
10.084
3.797
3.808
3.771
3.777
4.374
3.768
3.768
4.304
3.768
3.862
3.768
3.952
3.768
3.768
3.768
3.768
3.768
3.768
3.833
3.768
3.951
3.768
3.768
6.708
3.768
3.994
3.788
3.768
3.768
3.768
5.693
3.768
3.768
6.590
3.920
3.768
4.260
12.761
3.768
3.768
3.768
3.773
3.819
3.787
5.699
9.268
3.768
3.768
3.768
5.729
4.799
3.768
5.818
3.768
4.230
3.768
3.768
3.768
3.768
3.768
3.768
3.770
11.001
3.757
3.757
3.790
3.765
7.267
3.757
3.758
4.742
3.757
3.757
4.888
4.032
3.788
3.757
3.757
3.758
6.399
4.847
3.888
3.757
13.701
3.757
3.756
3.756
3.756
3.756
3.850
3.756
9.557
3.756
3.774
4.007
3.774
3.756
3.778
3.756
23.755
3.756
3.756
3.756
4.869
3.756
3.756
4.249
3.756
3.764
3.776
3.756
3.756
8.450
3.756
4.627
3.756
4.334
3.757
3.756
3.756
12.507
3.756
3.758
3.756
18.664
3.756
3.808
3.867
6.610
3.758
7.324
3.756
3.827
3.756
5.139
3.756
3.756
23.752
3.756
3.973
3.756
3.756
3.756
3.756
3.758
6.047
3.756
3.756
3.756
4.541
3.756
14.107
3.774
3.756
3.913
20.819
3.756
15.444
3.764
3.760
3.756
3.756
3.756
13.475
3.756
3.755
13.406
3.756
3.913
3.755
3.824
3.928
6.085
23.813
3.786
5.751
3.755
3.966
3.755
4.317
3.754
3.743
4.487
3.742
3.742
3.742
12.563
3.839
3.742
3.742
3.742
3.742
3.762
3.742
3.742
3.742
3.742
3.742
3.742
3.742
3.742
3.742
3.746
3.742
4.091
4.174
5.366
3.863
3.742
3.742
5.618
3.742
3.742
3.742
3.742
3.782
3.742
3.742
3.742
6.344
19.896
3.773
5.931
18.490
3.742
3.742
3.742
3.729
3.959
3.729
3.937
3.729
3.732
3.729
5.151
3.764
3.929
6.451
3.730
3.729
3.729
3.729
3.731
3.729
3.729
3.887
3.729
12.657
3.729
17.807
3.729
3.729
3.729
3.729
10.291
3.758
3.729
3.729
3.796
3.729
3.729
9.952
7.975
3.973
24.212
3.729
3.729
3.729
16.460
3.729
3.762
15.132
18.480
3.775
6.717
3.729
3.729
3.729
3.729
15.946
3.729
3.729
3.729
3.730
3.729
3.729
3.729
3.729
3.729
3.729
3.729
3.729
3.729
3.729
3.729
3.876
3.823
3.733
9.675
3.729
3.729
3.729
3.729
9.076
4.014
3.997
3.730
3.729
3.795
3.729
3.729
3.739
3.729
3.755
3.883
3.729
3.853
8.885
3.729
3.729
23.639
6.222
3.729
3.729
6.597
3.729
3.729
3.729
3.729
3.729
3.729
3.729
6.550
3.729
3.736
7.937
21.710
3.729
4.628
3.722
4.987
3.746
3.800
5.524
3.728
4.002
3.737
3.722
18.701
4.005
7.054
3.723
3.722
3.722
3.722
3.760
3.740
3.747
3.722
3.722
3.722
3.749
3.722
3.722
3.722
3.722
3.724
3.722
4.698
4.648
3.722
16.243
8.667
3.754
17.906
3.722
5.773
3.722
8.325
3.722
3.722
3.749
3.722
4.645
3.722
3.722
3.722
3.722
3.722
3.722
3.722
3.746
3.722
3.722
3.722
5.290
3.779
3.722
3.737
3.755
3.727
3.722
3.722
3.722
3.758
3.722
3.722
3.703
3.706
3.836
3.821
3.703
5.577
3.702
3.702
9.203
3.702
3.702
3.894
3.702
3.702
4.241
3.707
5.021
4.962
5.455
3.702
3.702
3.705
3.702
3.702
3.702
14.062
3.827
6.039
3.702
3.702
3.702
3.702
3.702
13.549
3.701
3.701
3.721
3.820
3.701
3.718
3.701
5.870
3.756
3.700
3.744
13.433
3.700
3.700
3.701
3.766
3.700
3.700
3.700
15.160
5.025
5.352
3.700
4.408
3.708
3.700
4.145
3.761
3.700
11.135
3.700
3.754
3.700
10.533
4.811
3.762
3.700
3.700
3.707
13.598
3.700
4.228
3.700
3.700
3.700
18.903
4.595
3.791
20.218
3.700
3.701
3.700
3.732
3.700
3.700
3.719
3.702
3.746
3.866
4.335
15.254
3.700
3.749
18.369
3.700
3.700
4.401
3.823
3.700
3.700
12.630
3.700
3.732
3.700
3.817
3.702
3.700
3.700
3.700
3.700
3.703
3.700
13.428
3.700
3.700
3.704
3.740
3.711
3.842
4.023
5.616
3.700
3.696
3.696
3.697
3.745
21.879
3.696
10.341
3.752
3.683
3.683
4.384
5.068
6.976
3.683
3.683
3.875
3.700
3.683
3.683
3.686
3.683
3.683
6.362
6.398
3.683
3.683
3.970
3.689
3.687
5.995
3.683
3.689
3.683
3.683
3.683
3.683
4.644
3.690
3.712
3.967
7.717
3.683
3.683
3.683
3.702
3.678
3.679
3.678
3.721
3.678
3.870
3.678
3.678
3.678
3.678
4.449
3.678
3.678
3.678
3.679
12.376
8.567
3.678
3.678
5.204
22.422
18.876
3.678
6.384
3.678
3.681
3.678
3.709
3.678
3.895
3.741
3.678
3.786
6.203
3.678
3.678
24.081
3.682
3.678
3.678
13.183
3.678
3.771
3.678
3.678
15.773
4.676
3.678
3.679
3.678
3.678
3.848
3.678
3.678
3.678
3.773
3.678
3.818
3.694
4.212
10.727
3.678
3.704
3.678
3.687
3.678
8.014
3.695
3.774
23.786
3.685
3.679
3.678
3.679
3.678
3.678
3.679
3.698
23.870
3.678
3.678
3.708
5.508
3.868
3.689
3.678
13.416
3.807
3.678
3.678
5.443
3.682
6.986
3.678
3.678
3.677
3.678
3.678
15.482
3.678
3.678
3.677
24.017
15.175
3.680
3.677
4.125
3.677
3.677
3.677
3.677
3.677
3.677
3.677
23.901
3.675
3.680
3.720
3.962
3.675
3.675
3.675
4.305
3.675
3.677
3.675
3.675
3.676
3.675
3.675
3.873
3.675
3.675
4.308
12.520
3.817
4.077
8.118
6.847
5.390
3.677
3.675
6.506
3.675
3.742
3.746
3.675
24.174
4.914
16.109
3.675
3.675
3.675
3.675
3.735
3.675
5.735
5.041
9.408
3.675
3.675
3.675
3.675
3.675
3.675
4.103
3.675
3.683
4.111
3.675
3.691
3.675
3.712
3.676
3.719
19.175
3.675
3.675
3.695
3.675
3.675
3.671
3.671
13.601
3.708
5.899
3.671
3.671
3.671
3.671
3.971
23.016
3.671
3.671
3.969
3.671
3.676
3.671
3.671
3.920
3.671
3.687
3.671
5.436
3.671
3.671
3.671
3.671
3.672
3.671
8.880
16.691
3.671
4.223
3.694
3.671
3.671
3.651
3.737
3.640
3.640
3.640
8.363
23.667
3.640
3.640
4.405
3.640
5.127
3.640
3.640
3.646
3.640
3.640
4.287
3.659
4.002
3.640
3.614
3.806
3.614
3.733
3.614
3.614
5.657
3.853
3.614
3.614
3.614
23.442
3.614
3.614
3.720
3.614
3.657
5.002
3.614
3.635
3.639
3.614
10.461
3.614
3.614
8.591
4.695
3.614
4.611
23.651
3.614
3.741
3.614
3.614
3.792
4.758
12.160
3.614
4.593
6.218
3.675
3.614
3.648
3.648
3.614
3.614
3.657
3.614
3.627
8.949
3.614
7.010
3.614
3.614
7.164
16.541
3.610
3.610
3.610
3.610
9.183
3.624
3.610
3.610
3.610
11.970
3.642
3.672
3.610
3.655
3.740
22.126
3.610
3.610
3.610
4.457
3.610
3.599
3.599
6.460
11.296
3.599
3.632
3.652
3.599
4.832
3.599
3.599
3.599
3.599
3.599
16.673
16.663
6.411
8.553
3.704
4.207
3.599
3.614
8.913
3.599
3.599
3.599
4.929
3.599
3.599
3.668
6.355
5.469
3.599
3.599
3.599
4.463
3.599
3.681
3.599
7.986
3.599
3.599
4.583
3.599
4.035
3.599
3.599
23.170
3.599
3.599
23.558
3.591
3.591
3.930
3.591
3.718
3.710
3.591
3.591
3.591
18.392
3.591
3.595
6.704
3.592
3.593
4.602
9.833
3.591
3.614
3.591
3.591
3.591
5.021
3.591
3.591
3.597
3.591
3.591
3.625
3.722
3.591
3.632
4.082
3.938
3.765
3.591
3.591
3.592
6.302
3.591
3.591
3.591
3.591
3.734
10.299
3.591
3.591
3.591
3.591
4.102
3.591
3.599
5.618
3.591
3.591
3.591
22.751
3.591
3.591
3.707
3.591
6.485
3.597
3.591
6.639
7.521
3.591
3.591
3.598
3.591
3.591
3.591
3.591
3.592
4.372
3.591
3.591
3.591
3.594
17.309
3.730
3.591
3.591
3.688
3.599
3.591
3.711
17.524
23.371
3.589
3.589
3.587
6.643
3.587
3.587
3.587
3.587
3.587
5.330
13.574
3.587
3.647
3.587
3.758
3.587
3.587
3.815
3.856
4.166
3.587
3.608
3.587
3.586
3.589
3.604
3.586
3.586
3.586
3.582
3.660
3.583
3.622
3.716
3.582
3.582
3.582
3.861
3.607
3.582
3.582
3.698
5.065
3.582
3.582
3.582
12.097
3.582
9.242
3.582
3.654
3.582
3.582
3.582
3.582
4.497
3.582
3.592
3.582
9.396
3.635
3.582
4.606
3.582
3.601
3.822
3.582
3.663
5.410
3.582
3.582
3.582
3.844
3.582
3.582
3.582
3.582
3.582
5.311
3.582
3.580
3.580
3.697
3.580
3.972
11.126
9.226
3.580
3.580
3.590
3.580
4.042
3.580
10.663
3.580
3.581
3.577
3.577
3.577
23.900
3.621
3.577
3.577
3.577
3.577
3.577
3.577
4.877
4.519
3.586
3.577
3.577
3.578
3.577
3.607
3.577
3.577
3.577
3.577
3.577
3.583
3.578
3.578
3.578
3.577
7.912
3.608
3.578
3.577
4.300
3.612
3.577
5.235
3.647
3.577
3.577
3.578
3.578
3.577
3.577
6.661
3.577
3.577
3.577
7.024
3.577
3.601
23.320
3.577
3.577
7.041
3.577
5.966
3.580
3.577
3.659
3.577
3.774
3.662
3.578
3.577
3.577
3.578
4.417
3.579
3.988
4.363
3.577
3.577
6.910
3.577
3.577
3.581
18.094
5.025
5.332
3.577
3.577
5.073
3.764
3.577
4.897
3.577
3.577
12.516
4.195
3.577
3.585
3.577
4.946
3.653
3.577
3.577
3.616
11.799
3.582
3.577
5.070
8.476
3.577
5.349
3.651
3.577
4.206
3.577
3.579
3.577
3.577
4.172
3.577
10.932
3.578
3.577
23.888
3.577
3.732
3.577
7.625
3.659
22.044
3.574
12.260
3.567
3.762
3.567
3.567
3.630
3.567
3.567
3.567
14.260
3.567
12.897
3.567
3.567
3.553
3.553
3.553
3.553
3.553
3.553
3.553
5.345
3.554
3.818
3.553
3.612
3.554
3.553
5.272
5.710
18.750
3.553
3.553
3.553
3.553
3.576
5.562
4.058
4.243
10.539
3.553
3.550
24.384
3.550
4.027
3.522
3.527
3.522
3.522
3.522
3.522
11.571
3.538
3.522
22.776
3.522
3.526
3.532
3.522
3.522
24.352
4.612
9.863
4.490
3.522
3.522
3.522
3.522
3.566
3.522
3.522
3.522
3.522
3.522
3.522
4.473
6.390
5.176
3.523
3.660
4.705
12.449
3.522
4.391
3.522
3.683
3.522
3.522
3.522
3.522
4.550
3.522
3.522
3.522
12.029
3.529
3.522
3.685
3.522
3.522
4.213
3.522
3.522
3.522
3.606
3.521
3.521
3.521
3.578
13.481
3.521
3.565
3.521
4.153
4.023
3.521
3.521
17.699
3.692
3.521
3.521
3.523
24.385
3.930
3.521
19.954
3.521
3.600
3.861
3.641
3.610
3.521
3.521
5.109
3.521
3.521
3.521
12.860
3.521
3.521
3.521
3.521
13.045
3.521
3.521
3.521
3.521
4.664
3.521
3.521
3.582
3.521
3.521
3.521
3.914
3.521
3.521
3.521
3.521
3.521
3.521
3.521
3.521
3.521
3.538
3.521
4.439
3.521
3.521
3.521
3.523
4.797
4.045
4.030
5.275
3.657
3.521
3.521
3.521
3.521
3.521
3.521
3.521
4.597
3.527
3.544
3.543
3.521
3.521
3.539
3.521
3.521
3.521
3.720
4.000
3.521
3.521
3.521
4.051
3.521
3.520
3.520
3.608
3.521
3.521
7.195
3.521
3.520
3.521
3.521
3.521
3.520
3.655
3.520
3.911
3.670
3.520
3.520
4.028
8.847
3.522
3.520
3.521
3.520
3.537
3.520
3.520
3.557
3.533
3.667
3.661
3.520
3.521
3.521
3.636
3.520
4.780
3.520
3.616
6.887
3.520
3.520
3.520
12.747
3.520
3.520
3.520
3.521
3.520
3.521
5.553
3.699
3.520
3.520
3.520
3.609
3.520
12.218
9.612
3.520
3.520
3.663
5.688
3.520
3.520
6.509
3.520
3.520
3.572
3.612
3.520
18.303
3.539
3.520
3.520
3.520
7.018
3.520
3.520
3.537
3.774
3.521
3.673
3.520
3.520
3.520
6.711
3.926
3.520
3.576
3.698
3.550
3.520
3.887
3.520
6.509
3.520
3.549
3.521
3.521
3.520
3.520
3.594
3.520
3.520
4.653
4.107
8.703
3.520
3.593
3.587
6.204
3.520
7.446
8.329
3.520
4.082
3.520
21.253
4.801
3.520
3.558
3.523
3.604
3.593
3.520
4.562
3.520
3.520
3.656
3.520
3.536
3.927
3.520
3.520
3.520
3.520
3.520
3.659
3.640
3.520
9.321
3.520
3.520
3.520
10.182
3.520
3.520
3.520
3.520
5.566
3.543
3.520
3.520
3.520
17.093
17.886
3.520
3.520
3.520
3.520
24.053
4.550
3.523
3.520
11.390
3.520
3.512
3.512
4.649
3.512
3.512
4.004
3.512
3.512
5.580
6.470
3.534
3.502
3.502
3.502
3.502
3.558
3.506
3.502
4.984
3.576
12.359
3.502
3.502
18.478
3.565
3.502
3.502
3.575
3.502
3.502
3.502
3.502
3.502
3.669
3.767
4.073
3.502
12.180
3.502
3.503
3.502
3.502
3.502
3.502
3.664
3.502
3.498
3.498
3.624
7.081
3.581
3.518
3.539
3.711
3.498
3.626
3.498
3.504
4.388
9.001
3.506
3.648
3.498
3.498
3.498
3.521
3.498
22.267
4.561
3.597
3.498
3.498
3.491
3.585
3.491
3.491
3.486
3.486
4.980
3.486
3.638
3.486
3.870
3.486
3.486
3.487
3.486
13.022
22.633
3.486
3.486
3.486
3.486
3.486
22.419
3.486
3.486
3.494
3.486
3.499
3.486
3.486
15.127
3.486
3.486
3.486
3.486
3.486
3.486
3.486
3.486
3.486
7.485
3.486
3.486
3.486
5.001
7.666
3.486
22.910
3.486
3.486
16.361
3.484
3.492
3.484
3.484
3.484
3.494
5.988
3.484
8.255
4.812
5.263
3.488
3.929
3.484
3.484
3.484
11.183
3.630
3.484
3.484
3.630
3.484
18.766
9.836
3.484
3.484
3.484
3.559
3.484
3.484
3.483
3.483
3.688
3.494
3.990
3.483
3.483
3.483
13.339
3.482
3.482
3.482
3.577
3.482
3.482
4.136
3.976
3.482
3.483
3.482
3.482
3.552
3.505
3.482
3.483
3.562
3.482
5.466
3.482
3.482
3.491
3.482
3.482
3.482
3.482
3.482
5.580
3.482
3.482
3.619
5.395
3.482
3.672
3.482
3.546
7.932
5.864
3.482
3.508
3.482
3.482
3.482
3.482
3.482
6.984
18.938
3.482
3.483
3.481
3.481
21.731
3.481
3.481
6.152
3.859
3.481
3.645
3.481
3.478
3.478
3.478
5.536
24.757
3.499
3.478
3.557
3.467
6.230
3.856
3.467
3.467
3.452
16.763
3.452
6.083
3.426
3.426
3.426
3.426
3.426
3.426
3.452
3.431
3.444
10.761
3.427
3.476
3.923
3.426
3.426
14.219
3.616
3.426
3.426
24.322
20.931
3.610
3.539
3.426
3.426
3.426
3.804
3.426
3.426
24.351
3.426
3.448
3.429
9.698
3.426
3.464
3.426
3.432
3.698
3.426
3.451
3.506
4.185
3.443
5.179
3.426
3.426
3.443
3.426
3.426
3.500
3.426
4.554
15.804
3.480
3.426
15.955
3.426
7.131
3.426
3.426
5.976
3.426
3.548
3.426
3.426
3.402
6.302
3.402
3.402
3.400
3.400
3.400
3.408
5.572
3.400
5.040
4.520
3.400
3.400
3.400
3.400
3.400
3.400
3.400
3.403
3.400
8.161
3.398
3.403
4.021
3.398
3.398
3.430
3.990
3.398
3.398
3.398
3.398
6.725
3.398
3.398
3.506
3.398
3.398
3.398
3.414
3.405
3.399
4.238
3.399
3.398
3.398
3.398
3.398
3.398
3.398
3.398
3.398
24.012
3.398
3.824
3.398
5.725
3.432
3.398
3.634
3.398
3.398
3.398
4.993
3.469
3.398
3.398
5.207
4.474
3.398
3.433
3.557
3.398
3.434
3.398
3.505
3.690
22.763
3.398
3.391
3.482
3.378
19.398
3.378
3.378
3.378
3.412
3.378
3.378
16.951
3.378
3.378
3.378
3.378
3.378
3.378
3.378
3.378
3.378
3.378
3.497
3.378
3.663
3.600
3.378
3.378
3.378
9.723
3.378
3.378
3.377
4.488
3.379
3.476
3.359
3.357
3.349
3.349
3.349
4.480
3.349
4.236
3.349
3.363
3.349
3.349
3.349
3.349
3.349
17.753
3.349
3.349
3.376
3.349
3.349
3.792
3.349
16.513
3.349
3.349
3.434
3.351
3.349
6.527
3.351
3.349
3.349
3.345
3.341
3.369
8.631
3.341
3.341
3.341
3.346
8.209
3.341
15.254
19.989
3.341
3.341
3.341
16.312
3.349
3.341
4.201
3.342
3.341
3.341
3.408
3.341
3.341
3.341
3.570
3.496
3.341
3.341
3.341
3.341
3.341
7.831
4.692
3.341
4.475
11.447
4.902
22.563
3.553
3.351
3.406
3.341
3.341
5.528
3.440
3.341
6.488
3.341
9.751
3.397
3.341
3.341
24.573
3.341
3.348
3.520
16.189
3.341
3.341
3.341
3.341
3.341
3.367
5.501
3.341
3.392
3.341
3.517
4.285
3.377
3.341
3.343
3.545
9.742
3.354
3.341
3.341
3.341
3.341
3.341
3.378
3.341
3.341
19.125
3.341
3.341
3.341
3.374
3.341
3.341
3.381
3.326
3.326
3.326
9.346
3.326
3.326
3.326
3.326
3.326
3.326
7.586
3.326
3.328
3.326
3.326
3.335
4.114
3.360
3.966
3.326
3.326
24.819
3.334
3.555
3.329
4.222
3.326
3.326
3.326
3.966
4.052
23.147
3.374
3.320
3.320
3.320
24.817
3.320
3.320
3.320
3.321
3.320
3.320
3.345
3.370
3.320
4.082
3.320
3.912
3.320
3.320
8.657
3.320
3.321
3.320
3.320
3.320
5.503
3.320
3.320
3.320
3.424
3.487
3.320
11.746
3.866
3.338
3.326
21.735
24.762
3.337
21.314
3.320
3.341
9.151
3.320
7.238
6.470
3.320
3.320
3.320
3.320
3.320
3.320
3.320
3.512
3.326
3.320
20.855
3.321
3.320
22.268
3.320
3.320
3.388
3.320
6.107
3.474
3.320
3.320
3.320
23.083
3.320
3.320
3.514
3.320
3.325
3.320
11.669
16.564
3.320
3.320
3.320
10.936
5.487
3.320
3.320
3.320
3.320
3.319
22.278
3.319
3.319
3.643
3.364
3.319
23.018
3.319
3.319
5.518
4.196
5.770
3.319
3.320
3.319
3.319
3.517
3.924
15.015
3.319
3.348
8.339
3.319
3.319
3.319
3.319
3.391
6.956
3.319
3.319
3.353
3.319
11.491
3.319
3.392
3.319
3.319
3.319
3.802
3.336
3.319
3.342
3.371
3.319
3.319
4.263
3.319
3.319
3.319
5.754
3.777
3.319
3.481
3.319
3.319
14.477
3.319
3.407
3.316
3.623
3.316
3.316
3.315
8.667
3.320
3.315
10.445
3.497
3.315
3.315
3.619
3.315
3.431
4.569
3.443
3.315
3.338
3.315
3.315
3.318
3.315
3.315
3.315
21.666
3.315
24.601
3.315
3.315
3.361
3.315
3.315
3.315
3.468
3.315
3.315
3.315
11.817
4.820
3.352
3.332
3.315
3.315
3.315
3.393
7.265
3.315
3.315
3.360
3.315
3.315
3.329
3.315
3.322
3.321
3.315
3.315
3.315
3.357
3.315
4.526
3.315
3.315
3.315
4.429
3.315
3.336
3.315
3.315
3.315
3.315
3.318
4.128
3.315
4.847
3.318
3.315
3.315
13.557
4.354
9.373
3.315
3.996
3.315
3.315
3.869
3.315
14.272
3.315
3.315
3.315
3.351
3.315
5.163
3.315
3.315
3.315
3.318
3.393
3.315
3.503
3.334
3.501
3.315
3.315
3.343
3.315
3.315
3.315
24.618
3.315
3.317
3.481
5.133
3.315
3.315
3.315
22.381
3.315
17.118
3.315
3.315
3.315
4.027
3.315
3.315
3.384
3.315
3.315
3.315
3.326
3.315
3.491
3.315
3.315
3.315
3.315
3.315
3.315
3.315
3.315
3.315
3.315
3.315
3.328
3.323
3.315
3.315
3.394
3.315
3.315
3.315
3.315
5.246
19.730
3.315
3.542
3.315
3.315
3.315
3.315
3.315
3.315
4.056
3.906
3.315
23.306
3.381
7.403
3.325
3.315
3.315
3.315
3.315
13.251
5.212
3.315
3.315
3.315
3.315
3.712
3.315
3.315
3.314
4.063
3.619
3.314
3.317
3.315
3.328
14.748
3.314
14.243
3.332
4.072
3.317
3.314
10.303
3.470
3.466
3.314
3.314
6.918
3.314
3.314
3.314
3.322
7.125
3.313
3.313
3.312
3.312
3.312
3.312
3.310
3.310
3.464
3.310
3.461
3.306
3.307
3.297
3.297
3.297
5.002
3.297
3.451
7.836
3.298
3.366
3.297
3.297
3.297
3.297
3.303
24.630
3.297
3.297
3.297
3.297
3.297
4.386
3.503
3.297
3.297
3.374
3.349
5.143
3.300
3.301
3.297
3.297
12.129
3.666
3.297
3.297
3.297
3.298
3.294
3.407
3.326
3.294
3.397
3.296
3.294
3.294
3.294
12.187
24.771
3.294
3.316
3.294
5.282
3.298
3.294
3.294
3.294
3.292
3.292
3.295
3.292
3.459
3.292
3.292
3.753
3.292
20.894
3.292
3.292
3.292
3.292
3.293
4.266
21.313
3.292
3.312
3.292
3.292
3.293
3.648
4.911
3.292
3.292
3.292
3.291
3.291
3.302
3.290
3.290
3.290
3.288
3.288
3.288
3.288
3.317
3.327
3.288
3.726
3.377
5.198
3.288
3.288
3.288
3.288
3.265
4.795
3.265
3.265
3.265
5.708
3.265
3.265
3.345
3.479
3.265
3.266
3.265
3.266
9.686
3.265
3.265
3.265
3.264
9.191
9.234
5.249
3.264
3.264
3.264
3.264
3.264
7.960
3.264
3.264
3.264
3.286
3.264
3.264
3.265
3.290
4.698
3.264
3.265
3.264
3.264
3.264
4.384
3.367
9.238
3.264
3.242
3.488
3.242
3.242
3.242
3.242
3.242
3.270
3.242
3.244
3.242
3.243
3.245
3.242
3.217
3.212
3.309
3.212
3.212
6.309
3.212
24.739
3.212
3.212
3.212
3.212
3.240
3.212
20.505
3.803
9.765
3.211
3.211
3.218
3.211
3.364
3.209
18.614
7.045
3.209
3.209
3.209
3.223
3.351
3.209
3.305
3.214
7.729
5.519
3.339
9.622
8.671
3.377
3.209
3.209
3.209
3.240
3.209
3.214
3.214
3.201
8.366
3.201
3.201
3.201
3.194
3.377
3.194
4.923
3.194
3.205
3.194
3.197
3.194
3.194
3.194
8.847
3.195
3.194
3.194
3.194
3.181
10.068
3.306
3.197
3.182
3.204
3.427
3.522
4.960
3.204
3.206
3.199
24.771
3.181
3.969
3.141
3.141
3.141
3.141
3.141
3.139
3.139
8.932
3.376
3.182
3.182
4.257
3.139
3.174
3.151
3.146
3.139
3.139
3.142
15.345
24.741
3.516
3.673
3.289
8.377
3.139
3.164
3.585
3.973
3.143
3.139
3.139
4.568
3.139
3.165
4.458
3.278
4.092
22.005
4.801
3.367
3.139
3.679
3.139
9.022
3.139
3.548
3.249
3.139
3.139
3.139
3.139
3.217
3.139
3.185
3.106
3.106
3.319
3.106
3.106
3.897
9.571
5.008
3.086
3.086
3.176
6.048
3.089
4.756
7.239
3.086
3.086
3.124
3.086
21.524
6.363
3.089
3.109
3.536
3.086
3.086
3.086
3.086
4.783
3.086
3.087
3.086
3.086
3.086
3.674
3.086
3.086
3.107
3.267
3.086
3.086
3.086
31.329
23.432
3.090
3.086
3.079
4.016
3.079
3.079
3.079
3.079
13.294
3.079
4.712
3.079
3.151
3.079
3.079
3.076
3.086
5.468
3.429
3.076
3.076
3.076
7.112
3.076
3.435
5.455
3.076
3.193
3.076
3.068
3.477
3.068
6.374
3.068
3.027
3.027
3.027
12.630
3.027
3.034
3.037
3.107
3.027
3.052
24.922
3.163
3.304
4.698
3.027
3.481
2.965
2.967
2.992
3.017
2.965
2.965
2.965
2.965
3.191
3.088
2.965
2.965
2.965
2.965
2.965
2.983
3.048
2.965
2.965
2.965
2.965
6.612
3.792
6.703
2.965
4.052
2.965
2.965
2.965
4.193
3.484
2.965
3.328
2.944
3.771
3.942
4.376
3.012
2.944
8.044
2.930
2.930
2.930
2.930
2.930
2.930
3.188
2.930
2.930
4.582
3.171
2.930
2.930
3.025
2.930
2.930
2.930
18.470
4.243
7.832
3.010
2.930
24.612
2.930
2.954
2.973
2.930
3.066
2.930
2.930
2.933
2.930
2.930
3.223
3.026
2.804
3.052
2.982
24.566
3.048
3.442
2.867
2.803
3.596
2.803
2.734
2.734
2.734
2.734
2.735
2.734
8.525
2.738
6.392
2.734
3.478
2.734
2.734
2.734
3.624
3.281
4.673
2.734
3.386
2.734
2.736
4.757
2.734
7.054
2.967
2.734
2.734
2.860
2.734
2.734
24.720
2.756
11.717
2.734
24.844
2.669
2.669
2.769
7.356
2.794
2.669
2.669
2.902
2.614
4.263
2.614
2.614
2.614
2.694
4.436
2.614
3.871
2.614
2.614
3.830
2.704
3.287
2.667
2.661
2.614
2.958
2.614
2.767
2.517
2.517
2.517
3.156
2.517
2.603
23.406
2.517
2.517
2.517
2.517
2.517
2.517
2.589
2.480
2.480
2.480
2.480
2.480
2.480
2.480
2.480
10.589
2.480
2.700
2.817
2.480
7.370
2.480
4.774
2.746
2.447
2.792
2.979
4.912
2.525
2.447
2.447
2.447
2.467
6.150
2.447
9.821
2.447
5.874
2.447
2.447
2.447
6.621
2.447
24.573
2.447
2.447
14.836
12.686
2.447
2.786
2.431
2.453
2.431
3.488
2.431
3.447
2.431
17.805
2.463
2.432
2.926
2.424
5.838
2.424
2.454
24.657
2.424
6.848
7.137
2.424
3.436
22.073
2.424
2.424
2.424
2.957
2.512
4.193
2.424
3.246
2.424
4.754
2.412
3.767
2.412
2.412
2.432
22.483
3.368
2.412
2.412
2.595
2.748
2.422
2.701
17.466
2.412
2.412
2.634
2.412
2.412
3.092
4.155
2.430
3.558
24.145
2.412
2.412
2.412
2.481
2.412
4.484
3.069
2.414
2.418
3.454
2.412
2.412
2.412
11.507
2.578
3.115
5.517
2.412
2.412
2.496
2.391
2.391
2.391
3.779
2.391
2.394
2.391
2.391
2.391
2.391
2.391
2.391
2.391
2.391
2.391
3.124
2.516
2.391
2.391
2.391
2.391
5.830
2.529
2.391
2.444
3.115
2.395
2.404
2.391
2.391
2.391
2.391
2.391
2.391
2.404
8.118
2.391
2.391
2.391
2.391
2.391
2.993
2.391
16.542
6.995
2.805
2.391
24.707
4.036
3.890
2.391
2.391
2.391
24.915
2.410
2.391
2.391
2.433
3.000
2.420
2.391
21.115
2.391
2.401
2.391
2.391
2.391
2.391
2.389
2.410
2.521
2.487
2.411
2.389
2.809
2.389
2.856
2.389
2.389
2.619
2.389
2.389
2.389
2.444
2.392
2.393
2.389
2.389
2.309
2.390
2.311
2.316
24.939
3.670
2.309
2.309
2.309
2.309
2.633
2.356
2.925
2.309
2.402
24.957
2.309
2.309
5.664
2.309
2.309
2.321
2.389
2.303
2.303
2.285
2.285
2.624
2.285
2.285
2.537
3.386
2.285
2.285
2.285
2.285
2.285
2.285
2.285
2.285
2.528
2.280
2.294
2.423
2.555
2.280
2.280
4.840
2.280
2.280
2.282
5.944
2.270
2.270
2.830
2.270
2.270
2.544
2.270
2.270
3.160
2.329
2.288
4.136
2.270
2.305
2.286
3.010
2.270
2.270
2.270
3.173
2.270
2.311
18.211
2.270
2.270
2.306
2.736
3.415
2.770
2.269
2.269
2.269
2.293
2.269
2.269
2.269
2.269
2.269
24.430
5.955
2.265
2.465
2.265
2.265
2.445
3.857
2.265
2.265
2.265
2.265
2.265
2.265
20.266
3.674
2.265
2.267
2.266
3.177
2.265
2.265
4.671
2.274
2.306
2.265
2.265
2.307
3.896
2.265
2.265
2.270
2.265
2.269
3.154
23.932
2.265
2.302
2.300
2.265
2.263
2.542
7.594
2.310
2.263
2.263
2.263
2.263
2.263
7.945
2.281
2.260
2.260
2.260
2.260
2.260
5.200
2.264
2.808
2.260
2.260
2.260
2.260
2.260
2.308
3.129
2.260
2.260
2.279
2.406
2.297
2.260
2.260
2.257
2.802
11.196
2.257
2.257
2.257
2.257
2.257
2.257
2.257
2.257
2.257
2.257
2.257
2.257
5.911
2.257
2.718
2.257
2.257
2.269
5.610
2.257
2.263
2.257
2.257
2.257
2.257
3.240
13.240
21.007
3.094
2.484
2.257
2.273
6.609
2.257
2.921
2.257
2.431
2.273
2.257
2.257
3.708
2.233
2.234
2.233
3.023
2.233
4.332
2.629
2.233
2.313
3.443
2.170
2.170
2.170
6.444
24.962
2.170
2.199
2.170
2.857
2.169
2.169
2.169
2.255
2.179
8.041
2.169
2.782
14.495
3.570
2.169
7.823
3.526
2.196
2.169
2.343
2.364
2.169
2.292
2.169
2.397
3.339
2.168
2.168
2.168
4.693
2.578
2.221
2.186
15.047
2.168
2.234
2.168
2.194
2.168
2.187
2.179
3.678
2.168
2.245
2.168
2.168
2.168
2.168
2.168
5.049
2.168
2.168
2.168
2.168
2.177
2.168
11.623
2.549
2.168
2.163
18.974
2.163
2.798
2.163
4.869
2.163
2.746
2.163
2.579
2.163
2.345
2.163
2.163
2.163
5.955
2.185
2.163
2.182
2.214
7.855
2.163
4.043
4.895
3.023
2.163
2.163
3.424
2.163
2.163
4.647
2.183
5.866
2.163
2.211
2.163
2.163
2.177
2.163
24.395
2.163
2.163
2.454
2.163
2.163
2.163
2.200
2.810
2.163
2.399
2.163
2.482
2.321
2.163
2.166
2.163
2.163
2.434
2.163
2.163
4.745
24.532
3.102
2.163
2.140
7.773
2.255
6.593
4.006
2.166
2.693
2.327
4.135
2.140
2.591
2.229
2.860
2.140
2.140
2.140
2.316
2.548
2.140
2.153
2.588
2.140
2.242
2.145
2.140
2.464
2.140
2.241
2.140
2.140
2.140
2.140
2.690
2.234
2.140
2.140
2.140
2.140
17.544
2.140
2.492
2.140
2.140
2.140
15.121
2.302
2.165
2.140
2.192
2.140
24.217
3.494
9.490
2.645
2.140
2.140
2.140
2.140
2.140
2.219
30.522
4.568
2.210
7.596
2.954
2.140
2.147
3.439
2.416
2.359
2.292
3.386
2.141
2.140
2.323
2.140
2.140
2.140
2.140
2.140
2.823
2.169
2.137
4.732
2.189
2.149
2.320
10.525
2.134
3.017
2.275
2.134
2.134
20.566
2.133
2.133
2.252
3.224
7.212
2.133
2.133
2.139
2.133
2.133
2.133
2.264
2.133
7.808
2.133
2.187
2.133
4.109
2.386
6.733
2.120
2.747
9.968
2.128
2.181
24.703
2.120
3.240
2.532
2.997
2.120
2.310
19.250
2.120
2.194
2.189
2.185
2.120
2.197
2.120
2.124
2.121
6.241
2.120
2.115
2.125
2.115
2.141
2.282
2.145
2.115
20.388
5.078
2.618
2.115
2.115
2.115
2.115
4.733
2.109
11.150
2.109
2.331
2.109
3.071
2.178
2.881
2.284
2.109
2.109
2.109
2.712
2.235
2.505
2.109
2.102
5.711
6.398
5.516
2.861
3.770
2.421
2.095
2.076
2.076
2.809
2.076
3.970
3.889
2.093
2.076
2.076
2.076
2.076
3.264
8.553
2.076
2.076
2.182
12.477
2.076
2.076
22.213
2.706
2.076
2.100
2.820
2.114
2.085
2.086
2.935
2.076
2.076
2.076
2.076
2.076
2.076
2.076
22.212
2.076
2.076
2.076
2.382
2.076
2.191
2.076
2.082
2.076
2.075
2.075
2.106
2.075
2.075
2.067
2.066
2.066
2.066
2.610
2.066
2.445
14.751
2.066
2.066
7.712
2.066
2.137
2.194
2.066
2.066
3.714
9.817
2.149
2.069
3.628
2.066
2.075
2.066
2.066
2.066
2.281
2.066
2.455
2.066
2.954
2.066
2.066
2.066
2.087
9.808
2.191
2.066
2.356
2.066
2.066
23.748
4.524
2.067
2.066
2.066
15.665
2.083
2.066
2.066
2.066
2.066
2.066
2.066
2.066
2.066
2.066
2.066
2.066
5.198
2.066
2.069
2.066
2.108
5.206
2.066
2.271
22.700
2.081
2.066
2.072
7.933
3.934
3.736
2.234
2.066
2.152
2.066
2.066
2.319
2.066
24.577
2.066
2.066
2.118
2.589
21.486
7.991
2.093
3.830
24.256
2.066
2.066
25.497
2.066
2.474
2.066
2.066
2.266
2.066
2.066
2.231
2.066
3.199
2.066
2.035
25.072
2.035
2.035
2.062
2.035
2.035
2.035
2.035
2.035
2.035
2.035
2.122
2.035
2.910
23.666
2.010
3.115
2.010
2.010
9.987
2.010
2.010
2.108
2.030
2.010
2.010
2.059
2.179
2.020
2.010
2.010
2.010
2.024
2.010
2.822
2.010
2.010
2.010
23.250
2.010
2.107
2.009
24.452
2.009
2.009
2.009
2.247
2.009
2.132
2.009
2.071
2.009
2.036
2.009
2.026
4.875
2.002
2.002
2.073
2.002
2.002
2.002
2.002
5.980
2.002
2.002
2.002
12.224
2.002
2.046
2.126
2.007
2.187
2.066
2.002
2.028
2.002
2.002
21.189
2.002
2.077
2.002
2.002
5.140
2.110
2.002
2.214
2.002
2.002
1.999
2.915
2.084
1.999
1.999
1.967
2.850
1.967
18.097
1.967
1.967
2.029
2.147
1.996
2.017
1.967
2.917
3.351
1.967
7.361
6.779
1.967
6.742
2.028
1.967
1.990
1.967
1.967
5.531
1.967
2.061
1.942
1.942
1.942
2.591
1.942
6.474
3.197
1.942
1.942
1.947
1.942
1.942
8.543
1.942
1.976
2.049
2.104
1.960
2.100
1.957
1.942
1.942
8.221
1.942
1.942
2.420
6.184
1.942
1.942
1.942
2.886
12.223
1.942
23.428
10.912
1.942
1.942
2.755
1.942
1.927
1.927
1.916
1.916
1.916
24.630
1.956
1.916
1.916
2.332
1.913
2.077
14.280
1.913
1.913
1.959
1.935
1.913
1.913
1.913
1.913
17.137
1.913
1.913
2.050
1.913
6.024
1.913
1.913
2.282
1.948
2.072
2.087
2.474
1.913
1.956
1.913
1.972
1.913
1.988
4.019
4.406
2.067
1.913
1.913
1.932
1.936
2.028
2.302
1.913
1.913
1.936
1.913
1.923
1.913
16.427
2.158
1.913
1.997
1.913
1.914
9.619
1.913
2.286
1.915
1.913
1.913
1.913
21.655
1.913
1.921
24.597
2.857
1.915
3.451
2.470
1.913
1.913
1.921
10.271
1.913
5.614
1.913
1.934
11.992
2.537
1.913
2.002
1.913
1.951
1.913
2.503
2.327
23.184
1.913
1.913
7.384
1.913
1.913
1.913
1.913
1.947
1.913
1.913
1.913
1.943
1.924
2.321
1.913
3.051
1.913
1.998
1.979
1.913
2.012
12.853
1.913
1.913
23.905
1.999
24.640
1.913
4.641
1.913
2.111
1.911
1.911
2.068
1.911
2.023
1.911
1.911
1.911
1.911
2.630
1.911
2.440
2.775
1.950
1.922
1.945
1.961
1.904
11.497
1.904
1.904
1.904
1.907
2.262
1.950
1.992
1.904
1.904
19.071
1.904
1.991
5.529
1.904
1.904
1.933
1.904
2.598
19.968
2.085
1.928
1.904
1.904
4.289
4.312
5.217
1.904
2.460
1.904
1.907
1.904
1.904
2.008
1.904
1.904
1.918
21.674
1.904
1.904
4.823
1.904
1.904
2.106
4.581
1.903
16.029
11.963
1.903
3.424
2.372
1.908
24.842
1.903
1.903
11.839
2.024
4.556
1.903
1.903
1.903
1.905
1.903
1.903
11.441
1.903
1.903
1.932
1.903
17.471
1.899
19.651
1.899
1.899
1.900
1.899
2.334
2.039
1.921
2.270
2.104
23.688
1.899
10.236
1.899
1.899
1.899
6.814
2.019
1.969
4.736
1.904
4.834
1.962
1.959
1.899
4.795
1.899
2.204
9.610
1.899
9.288
1.967
1.899
1.899
1.908
9.290
3.348
24.832
1.899
23.908
1.993
2.002
1.900
1.899
1.899
2.002
21.905
2.398
1.903
1.899
1.899
1.899
6.040
7.868
2.001
1.899
2.857
3.251
1.899
3.819
1.899
1.993
8.671
1.899
1.917
2.136
1.899
9.553
24.291
1.899
1.914
1.901
1.958
1.899
1.899
1.906
8.669
1.899
1.992
5.229
1.899
1.899
1.899
3.935
1.899
1.899
1.899
1.899
5.602
24.681
2.022
2.644
1.899
2.133
2.293
1.899
1.899
1.899
1.899
1.899
1.899
1.908
1.899
1.910
3.428
2.051
1.900
1.993
1.899
1.899
2.008
1.899
2.382
2.090
1.899
1.899
1.899
1.899
6.623
1.899
1.899
1.902
2.148
1.899
2.614
21.068
1.902
1.918
1.896
1.916
7.412
1.996
1.896
1.909
1.896
1.896
1.896
6.255
2.401
1.951
1.896
1.896
6.822
2.240
2.044
1.896
1.896
1.896
1.896
1.896
1.896
1.896
1.896
1.960
2.502
1.896
7.297
1.896
1.896
6.911
1.896
1.896
8.975
1.896
1.896
1.978
1.896
1.896
1.896
1.947
1.896
24.639
17.060
13.520
1.896
1.916
1.896
1.896
2.030
1.896
1.896
1.936
1.896
2.153
4.941
1.882
1.963
1.882
1.882
1.882
2.192
1.882
1.882
2.084
1.922
14.940
1.882
1.879
1.919
5.203
2.162
1.879
1.911
1.879
1.892
1.879
1.893
5.695
6.044
1.955
1.879
2.107
3.529
1.877
1.877
1.924
2.083
5.487
2.085
1.885
1.877
1.975
1.888
1.877
1.877
1.877
1.877
1.882
1.877
1.893
1.864
12.320
1.822
22.818
1.815
1.815
1.943
1.815
3.147
1.815
1.884
1.857
1.815
1.815
1.844
1.815
2.010
3.155
1.815
1.815
1.815
8.235
1.815
1.815
1.815
2.157
1.855
20.338
1.815
1.824
1.815
4.989
8.472
1.934
1.815
2.177
1.815
1.815
1.961
1.815
1.830
1.815
1.825
1.815
1.815
1.817
2.028
1.815
3.175
1.939
1.815
1.815
1.868
2.115
1.815
1.815
1.815
10.333
1.815
1.815
1.836
1.815
1.815
1.818
1.817
9.926
1.841
1.961
1.815
1.815
1.815
1.815
1.819
1.815
1.822
1.816
5.651
1.815
1.815
1.817
1.894
1.815
5.549
2.009
1.830
1.815
1.815
1.837
1.815
2.514
1.815
1.728
1.801
1.728
1.728
1.728
5.570
1.728
1.728
24.219
1.961
1.728
1.751
1.728
1.728
1.736
1.728
1.735
3.053
1.728
1.739
1.728
1.728
1.753
10.794
1.728
18.515
1.772
1.728
1.728
1.728
1.828
1.728
1.728
1.803
3.666
1.731
1.928
1.728
1.728
1.728
2.119
1.788
1.738
1.728
1.822
1.861
1.728
1.728
1.763
1.730
1.728
1.731
1.809
1.728
1.903
1.728
1.735
1.789
24.883
1.832
1.728
1.728
1.728
1.728
1.728
1.728
1.789
2.311
7.281
1.728
1.728
1.728
1.733
1.730
1.857
1.728
1.728
5.178
1.728
1.728
10.030
3.072
1.728
1.728
1.731
24.534
1.728
1.936
1.728
1.728
1.728
1.743
1.728
1.728
2.554
1.728
2.739
1.728
2.855
2.160
1.757
1.840
1.735
1.923
7.820
2.768
2.339
1.728
1.728
1.741
1.733
1.728
6.763
24.584
1.728
1.740
1.728
1.734
1.728
1.728
1.999
1.763
1.721
1.721
1.721
1.721
1.727
1.721
1.721
1.721
1.865
22.931
1.721
1.755
1.721
1.721
7.087
1.721
1.951
1.721
1.955
1.740
1.721
1.721
1.864
2.299
9.529
1.721
9.178
1.744
1.721
1.734
2.209
1.721
1.721
1.746
2.636
1.721
2.865
1.728
1.721
15.202
1.721
9.217
1.721
1.721
1.735
22.341
1.811
1.943
7.596
1.721
1.731
1.721
1.721
1.719
1.719
17.112
1.719
1.719
1.719
1.719
1.724
8.970
1.719
1.734
1.719
1.719
1.719
1.719
2.157
1.719
1.719
1.719
2.103
1.719
1.719
1.719
1.719
1.719
1.676
1.676
1.676
1.676
21.776
1.676
1.676
1.876
1.676
1.677
1.676
1.676
1.676
2.850
1.676
14.020
1.824
1.676
1.868
1.676
2.978
1.676
1.874
1.676
1.676
1.676
1.783
1.676
1.682
2.746
2.235
1.790
1.676
15.435
1.676
1.698
6.581
1.676
1.676
1.676
24.891
1.676
6.450
1.676
1.900
1.676
1.821
1.766
1.926
1.676
2.319
1.676
1.676
9.665
1.676
1.692
1.676
1.676
1.676
1.727
1.715
1.926
1.676
1.676
1.676
1.676
1.676
1.676
1.676
1.676
1.681
1.720
5.303
1.668
1.674
3.722
1.876
1.668
12.125
11.348
1.668
1.668
1.668
1.668
1.668
10.384
1.668
1.668
1.668
1.668
5.725
1.668
4.200
1.668
10.162
1.668
1.668
1.684
1.668
2.166
1.668
1.798
1.841
1.668
1.668
2.294
7.779
1.714
1.668
1.921
1.669
7.887
21.495
9.762
1.668
1.668
1.678
5.998
1.668
4.344
1.668
1.668
1.668
1.776
1.695
1.668
1.703
1.668
1.668
1.668
22.039
1.668
3.919
1.668
5.147
2.632
1.687
1.668
1.671
1.715
1.948
1.672
1.668
1.949
1.668
1.668
10.205
1.668
1.668
3.467
1.668
1.674
1.668
1.687
24.058
1.668
1.668
1.688
2.143
1.792
1.713
1.668
1.948
1.747
1.661
1.661
8.007
9.760
1.826
1.661
1.673
9.221
1.661
1.837
1.661
23.797
4.792
24.466
1.661
2.069
1.668
4.806
1.661
23.065
1.661
1.661
6.564
7.368
1.880
1.670
1.661
1.817
1.684
1.661
1.700
1.860
12.116
1.661
1.661
2.091
20.213
1.745
1.661
1.661
10.549
1.661
1.661
1.661
19.033
1.728
2.309
1.661
1.661
1.661
1.662
1.661
1.720
1.747
1.661
1.661
24.117
1.661
1.661
1.661
1.661
1.755
1.663
1.661
1.661
3.502
1.661
1.661
1.664
1.661
1.661
1.661
1.722
1.814
1.657
2.360
1.657
1.657
22.745
2.581
1.657
1.657
1.668
1.645
1.645
12.284
1.645
1.645
1.851
1.645
1.645
1.645
1.645
1.653
1.645
1.645
2.251
7.833
6.990
1.645
1.645
1.697
1.852
1.645
1.779
1.673
1.645
1.650
9.141
1.645
1.645
1.645
1.645
1.645
1.648
1.693
1.645
1.645
1.659
15.234
1.670
1.699
2.391
1.646
3.375
1.647
1.645
1.645
10.935
1.645
2.027
1.645
1.683
1.648
1.645
1.651
1.645
1.647
1.645
1.649
1.657
13.513
1.645
1.839
1.673
2.004
1.722
1.645
1.819
1.645
2.019
1.645
1.787
1.645
1.645
1.743
1.675
1.645
13.690
1.688
1.659
1.722
1.645
1.645
3.742
1.780
1.645
1.645
1.675
1.645
1.645
3.426
1.645
1.645
3.198
9.364
1.645
1.774
1.645
1.653
1.648
1.645
1.645
1.645
10.742
1.671
1.678
1.659
1.645
1.645
1.734
2.445
1.645
1.736
1.645
1.645
1.641
3.077
1.641
1.810
1.641
1.641
1.641
1.641
2.136
1.667
1.654
1.717
1.642
1.641
3.743
1.641
1.641
1.641
1.641
1.641
1.641
3.475
1.641
1.638
1.638
1.638
1.638
18.372
1.638
1.638
4.094
1.638
1.638
1.638
2.305
1.899
1.638
1.989
23.689
5.892
1.665
1.638
1.642
1.638
1.638

Results for SA
Target: Iris-versicolor: 
Correctly classified 146.0 instances.
Incorrectly classified 4.0 instances.
Percent correctly classified: 97.333%
Training time: 33.538 seconds
Testing time: 0.004 seconds

