/System/Library/Java/JavaVirtualMachines/1.6.0.jdk/Contents/Home/bin/java -Didea.launcher.port=7534 "-Didea.launcher.bin.path=/Applications/IntelliJ IDEA 12 CE.app/bin" -Dfile.encoding=UTF-8 -classpath "/System/Library/Java/JavaVirtualMachines/1.6.0.jdk/Contents/Home/lib/deploy.jar:/System/Library/Java/JavaVirtualMachines/1.6.0.jdk/Contents/Home/lib/dt.jar:/System/Library/Java/JavaVirtualMachines/1.6.0.jdk/Contents/Home/lib/javaws.jar:/System/Library/Java/JavaVirtualMachines/1.6.0.jdk/Contents/Home/lib/jce.jar:/System/Library/Java/JavaVirtualMachines/1.6.0.jdk/Contents/Home/lib/jconsole.jar:/System/Library/Java/JavaVirtualMachines/1.6.0.jdk/Contents/Home/lib/management-agent.jar:/System/Library/Java/JavaVirtualMachines/1.6.0.jdk/Contents/Home/lib/plugin.jar:/System/Library/Java/JavaVirtualMachines/1.6.0.jdk/Contents/Home/lib/sa-jdi.jar:/System/Library/Java/JavaVirtualMachines/1.6.0.jdk/Contents/Classes/charsets.jar:/System/Library/Java/JavaVirtualMachines/1.6.0.jdk/Contents/Classes/classes.jar:/System/Library/Java/JavaVirtualMachines/1.6.0.jdk/Contents/Classes/jsse.jar:/System/Library/Java/JavaVirtualMachines/1.6.0.jdk/Contents/Classes/ui.jar:/System/Library/Java/JavaVirtualMachines/1.6.0.jdk/Contents/Home/lib/ext/apple_provider.jar:/System/Library/Java/JavaVirtualMachines/1.6.0.jdk/Contents/Home/lib/ext/dnsns.jar:/System/Library/Java/JavaVirtualMachines/1.6.0.jdk/Contents/Home/lib/ext/localedata.jar:/System/Library/Java/JavaVirtualMachines/1.6.0.jdk/Contents/Home/lib/ext/sunjce_provider.jar:/System/Library/Java/JavaVirtualMachines/1.6.0.jdk/Contents/Home/lib/ext/sunpkcs11.jar:/Users/toriscope/GATECH/CS4641/ML3/out/production/ML3:/Applications/IntelliJ IDEA 12 CE.app/lib/idea_rt.jar" com.intellij.rt.execution.application.AppMain efruchter.project3.IrisLDA
Before LDA
Description:
null
5.100000, 3.500000, 1.400000, 0.200000 : 0.000000
4.900000, 3.000000, 1.400000, 0.200000 : 0.000000
4.700000, 3.200000, 1.300000, 0.200000 : 0.000000
4.600000, 3.100000, 1.500000, 0.200000 : 0.000000
5.000000, 3.600000, 1.400000, 0.200000 : 0.000000
5.400000, 3.900000, 1.700000, 0.400000 : 0.000000
4.600000, 3.400000, 1.400000, 0.300000 : 0.000000
5.000000, 3.400000, 1.500000, 0.200000 : 0.000000
4.400000, 2.900000, 1.400000, 0.200000 : 0.000000
4.900000, 3.100000, 1.500000, 0.100000 : 0.000000
5.400000, 3.700000, 1.500000, 0.200000 : 0.000000
4.800000, 3.400000, 1.600000, 0.200000 : 0.000000
4.800000, 3.000000, 1.400000, 0.100000 : 0.000000
4.300000, 3.000000, 1.100000, 0.100000 : 0.000000
5.800000, 4.000000, 1.200000, 0.200000 : 0.000000
5.700000, 4.400000, 1.500000, 0.400000 : 0.000000
5.400000, 3.900000, 1.300000, 0.400000 : 0.000000
5.100000, 3.500000, 1.400000, 0.300000 : 0.000000
5.700000, 3.800000, 1.700000, 0.300000 : 0.000000
5.100000, 3.800000, 1.500000, 0.300000 : 0.000000
5.400000, 3.400000, 1.700000, 0.200000 : 0.000000
5.100000, 3.700000, 1.500000, 0.400000 : 0.000000
4.600000, 3.600000, 1.000000, 0.200000 : 0.000000
5.100000, 3.300000, 1.700000, 0.500000 : 0.000000
4.800000, 3.400000, 1.900000, 0.200000 : 0.000000
5.000000, 3.000000, 1.600000, 0.200000 : 0.000000
5.000000, 3.400000, 1.600000, 0.400000 : 0.000000
5.200000, 3.500000, 1.500000, 0.200000 : 0.000000
5.200000, 3.400000, 1.400000, 0.200000 : 0.000000
4.700000, 3.200000, 1.600000, 0.200000 : 0.000000
4.800000, 3.100000, 1.600000, 0.200000 : 0.000000
5.400000, 3.400000, 1.500000, 0.400000 : 0.000000
5.200000, 4.100000, 1.500000, 0.100000 : 0.000000
5.500000, 4.200000, 1.400000, 0.200000 : 0.000000
4.900000, 3.100000, 1.500000, 0.100000 : 0.000000
5.000000, 3.200000, 1.200000, 0.200000 : 0.000000
5.500000, 3.500000, 1.300000, 0.200000 : 0.000000
4.900000, 3.100000, 1.500000, 0.100000 : 0.000000
4.400000, 3.000000, 1.300000, 0.200000 : 0.000000
5.100000, 3.400000, 1.500000, 0.200000 : 0.000000
5.000000, 3.500000, 1.300000, 0.300000 : 0.000000
4.500000, 2.300000, 1.300000, 0.300000 : 0.000000
4.400000, 3.200000, 1.300000, 0.200000 : 0.000000
5.000000, 3.500000, 1.600000, 0.600000 : 0.000000
5.100000, 3.800000, 1.900000, 0.400000 : 0.000000
4.800000, 3.000000, 1.400000, 0.300000 : 0.000000
5.100000, 3.800000, 1.600000, 0.200000 : 0.000000
4.600000, 3.200000, 1.400000, 0.200000 : 0.000000
5.300000, 3.700000, 1.500000, 0.200000 : 0.000000
5.000000, 3.300000, 1.400000, 0.200000 : 0.000000
7.000000, 3.200000, 4.700000, 1.400000 : 1.000000
6.400000, 3.200000, 4.500000, 1.500000 : 1.000000
6.900000, 3.100000, 4.900000, 1.500000 : 1.000000
5.500000, 2.300000, 4.000000, 1.300000 : 1.000000
6.500000, 2.800000, 4.600000, 1.500000 : 1.000000
5.700000, 2.800000, 4.500000, 1.300000 : 1.000000
6.300000, 3.300000, 4.700000, 1.600000 : 1.000000
4.900000, 2.400000, 3.300000, 1.000000 : 1.000000
6.600000, 2.900000, 4.600000, 1.300000 : 1.000000
5.200000, 2.700000, 3.900000, 1.400000 : 1.000000
5.000000, 2.000000, 3.500000, 1.000000 : 1.000000
5.900000, 3.000000, 4.200000, 1.500000 : 1.000000
6.000000, 2.200000, 4.000000, 1.000000 : 1.000000
6.100000, 2.900000, 4.700000, 1.400000 : 1.000000
5.600000, 2.900000, 3.600000, 1.300000 : 1.000000
6.700000, 3.100000, 4.400000, 1.400000 : 1.000000
5.600000, 3.000000, 4.500000, 1.500000 : 1.000000
5.800000, 2.700000, 4.100000, 1.000000 : 1.000000
6.200000, 2.200000, 4.500000, 1.500000 : 1.000000
5.600000, 2.500000, 3.900000, 1.100000 : 1.000000
5.900000, 3.200000, 4.800000, 1.800000 : 1.000000
6.100000, 2.800000, 4.000000, 1.300000 : 1.000000
6.300000, 2.500000, 4.900000, 1.500000 : 1.000000
6.100000, 2.800000, 4.700000, 1.200000 : 1.000000
6.400000, 2.900000, 4.300000, 1.300000 : 1.000000
6.600000, 3.000000, 4.400000, 1.400000 : 1.000000
6.800000, 2.800000, 4.800000, 1.400000 : 1.000000
6.700000, 3.000000, 5.000000, 1.700000 : 1.000000
6.000000, 2.900000, 4.500000, 1.500000 : 1.000000
5.700000, 2.600000, 3.500000, 1.000000 : 1.000000
5.500000, 2.400000, 3.800000, 1.100000 : 1.000000
5.500000, 2.400000, 3.700000, 1.000000 : 1.000000
5.800000, 2.700000, 3.900000, 1.200000 : 1.000000
6.000000, 2.700000, 5.100000, 1.600000 : 1.000000
5.400000, 3.000000, 4.500000, 1.500000 : 1.000000
6.000000, 3.400000, 4.500000, 1.600000 : 1.000000
6.700000, 3.100000, 4.700000, 1.500000 : 1.000000
6.300000, 2.300000, 4.400000, 1.300000 : 1.000000
5.600000, 3.000000, 4.100000, 1.300000 : 1.000000
5.500000, 2.500000, 4.000000, 1.300000 : 1.000000
5.500000, 2.600000, 4.400000, 1.200000 : 1.000000
6.100000, 3.000000, 4.600000, 1.400000 : 1.000000
5.800000, 2.600000, 4.000000, 1.200000 : 1.000000
5.000000, 2.300000, 3.300000, 1.000000 : 1.000000
5.600000, 2.700000, 4.200000, 1.300000 : 1.000000
5.700000, 3.000000, 4.200000, 1.200000 : 1.000000
5.700000, 2.900000, 4.200000, 1.300000 : 1.000000
6.200000, 2.900000, 4.300000, 1.300000 : 1.000000
5.100000, 2.500000, 3.000000, 1.100000 : 1.000000
5.700000, 2.800000, 4.100000, 1.300000 : 1.000000
6.300000, 3.300000, 6.000000, 2.500000 : 2.000000
5.800000, 2.700000, 5.100000, 1.900000 : 2.000000
7.100000, 3.000000, 5.900000, 2.100000 : 2.000000
6.300000, 2.900000, 5.600000, 1.800000 : 2.000000
6.500000, 3.000000, 5.800000, 2.200000 : 2.000000
7.600000, 3.000000, 6.600000, 2.100000 : 2.000000
4.900000, 2.500000, 4.500000, 1.700000 : 2.000000
7.300000, 2.900000, 6.300000, 1.800000 : 2.000000
6.700000, 2.500000, 5.800000, 1.800000 : 2.000000
7.200000, 3.600000, 6.100000, 2.500000 : 2.000000
6.500000, 3.200000, 5.100000, 2.000000 : 2.000000
6.400000, 2.700000, 5.300000, 1.900000 : 2.000000
6.800000, 3.000000, 5.500000, 2.100000 : 2.000000
5.700000, 2.500000, 5.000000, 2.000000 : 2.000000
5.800000, 2.800000, 5.100000, 2.400000 : 2.000000
6.400000, 3.200000, 5.300000, 2.300000 : 2.000000
6.500000, 3.000000, 5.500000, 1.800000 : 2.000000
7.700000, 3.800000, 6.700000, 2.200000 : 2.000000
7.700000, 2.600000, 6.900000, 2.300000 : 2.000000
6.000000, 2.200000, 5.000000, 1.500000 : 2.000000
6.900000, 3.200000, 5.700000, 2.300000 : 2.000000
5.600000, 2.800000, 4.900000, 2.000000 : 2.000000
7.700000, 2.800000, 6.700000, 2.000000 : 2.000000
6.300000, 2.700000, 4.900000, 1.800000 : 2.000000
6.700000, 3.300000, 5.700000, 2.100000 : 2.000000
7.200000, 3.200000, 6.000000, 1.800000 : 2.000000
6.200000, 2.800000, 4.800000, 1.800000 : 2.000000
6.100000, 3.000000, 4.900000, 1.800000 : 2.000000
6.400000, 2.800000, 5.600000, 2.100000 : 2.000000
7.200000, 3.000000, 5.800000, 1.600000 : 2.000000
7.400000, 2.800000, 6.100000, 1.900000 : 2.000000
7.900000, 3.800000, 6.400000, 2.000000 : 2.000000
6.400000, 2.800000, 5.600000, 2.200000 : 2.000000
6.300000, 2.800000, 5.100000, 1.500000 : 2.000000
6.100000, 2.600000, 5.600000, 1.400000 : 2.000000
7.700000, 3.000000, 6.100000, 2.300000 : 2.000000
6.300000, 3.400000, 5.600000, 2.400000 : 2.000000
6.400000, 3.100000, 5.500000, 1.800000 : 2.000000
6.000000, 3.000000, 4.800000, 1.800000 : 2.000000
6.900000, 3.100000, 5.400000, 2.100000 : 2.000000
6.700000, 3.100000, 5.600000, 2.400000 : 2.000000
6.900000, 3.100000, 5.100000, 2.300000 : 2.000000
5.800000, 2.700000, 5.100000, 1.900000 : 2.000000
6.800000, 3.200000, 5.900000, 2.300000 : 2.000000
6.700000, 3.300000, 5.700000, 2.500000 : 2.000000
6.700000, 3.000000, 5.200000, 2.300000 : 2.000000
6.300000, 2.500000, 5.000000, 1.900000 : 2.000000
6.500000, 3.000000, 5.200000, 2.000000 : 2.000000
6.200000, 3.400000, 5.400000, 2.300000 : 2.000000
5.900000, 3.000000, 5.100000, 1.800000 : 2.000000

0.204910	0.387143	-0.546482	-0.713785
-0.008982	-0.588999	0.254287	-0.767032

After LDA
Description:
null
2.022152, -0.089784 : 0.000000
1.787599, 0.206512 : 0.000000
1.878694, 0.065080 : 0.000000
1.710192, 0.175735 : 0.000000
2.040376, -0.147786 : 0.000000
1.931781, -0.405199 : 0.000000
1.809605, -0.103096 : 0.000000
1.908299, -0.004557 : 0.000000
1.646430, 0.269903 : 0.000000
1.843043, 0.249744 : 0.000000
2.106406, -0.184850 : 0.000000
1.812669, 0.022668 : 0.000000
1.838486, 0.284113 : 0.000000
1.899976, 0.212318 : 0.000000
2.468457, -0.441428 : 0.000000
2.296122, -0.753250 : 0.000000
2.150374, -0.506913 : 0.000000
1.950774, -0.166487 : 0.000000
2.025918, -0.272290 : 0.000000
2.012269, -0.317758 : 0.000000
1.880966, 0.042707 : 0.000000
1.902176, -0.335562 : 0.000000
2.177005, -0.245908 : 0.000000
1.566644, -0.125808 : 0.000000
1.648724, 0.098954 : 0.000000
1.698793, 0.256471 : 0.000000
1.710894, -0.132535 : 0.000000
1.987995, -0.065254 : 0.000000
2.003929, -0.031783 : 0.000000
1.714749, 0.141366 : 0.000000
1.696526, 0.199367 : 0.000000
1.847506, -0.161557 : 0.000000
2.291660, -0.341950 : 0.000000
2.375117, -0.505676 : 0.000000
1.843043, 0.249744 : 0.000000
1.994815, 0.036956 : 0.000000
2.158765, -0.118806 : 0.000000
1.843043, 0.249744 : 0.000000
1.739792, 0.185574 : 0.000000
1.928790, -0.005456 : 0.000000
1.984931, -0.191018 : 0.000000
1.417904, 0.520272 : 0.000000
1.817221, 0.067774 : 0.000000
1.606851, -0.344842 : 0.000000
1.722297, -0.292747 : 0.000000
1.695729, 0.130707 : 0.000000
2.028999, -0.215626 : 0.000000
1.803555, 0.091407 : 0.000000
2.085915, -0.183952 : 0.000000
1.924233, 0.028914 : 0.000000
-0.364595, -0.011444 : 1.000000
-0.449623, -0.133615 : 1.000000
-0.604476, 0.022508 : 1.000000
-0.566473, 0.430831 : 1.000000
-0.638638, 0.126515 : 1.000000
-0.605160, 0.261678 : 1.000000
-0.612075, -0.217463 : 1.000000
-0.054031, 0.429429 : 1.000000
-0.436676, 0.220123 : 1.000000
-0.489819, 0.095794 : 1.000000
-0.297694, 0.714988 : 1.000000
-0.465562, -0.087610 : 1.000000
-0.288597, 0.715349 : 1.000000
-0.665157, 0.173340 : 1.000000
-0.095103, -0.025181 : 1.000000
-0.300838, -0.026136 : 1.000000
-0.690980, -0.008630 : 1.000000
-0.190655, 0.448075 : 1.000000
-0.877749, 0.457180 : 1.000000
-0.271148, 0.440111 : 1.000000
-0.930158, -0.282948 : 1.000000
-0.249955, 0.130942 : 1.000000
-0.959708, 0.381297 : 1.000000
-0.561115, 0.385646 : 1.000000
-0.313713, 0.145633 : 1.000000
-0.360043, 0.033663 : 1.000000
-0.615083, 0.251380 : 1.000000
-0.881577, -0.044773 : 1.000000
-0.647730, 0.046677 : 1.000000
0.078029, 0.355301 : 1.000000
-0.275705, 0.474480 : 1.000000
-0.149678, 0.525755 : 1.000000
-0.224116, 0.243811 : 1.000000
-1.124427, 0.240346 : 1.000000
-0.731962, -0.006833 : 1.000000
-0.525537, -0.324525 : 1.000000
-0.536161, -0.026553 : 1.000000
-0.621138, 0.525359 : 1.000000
-0.329630, 0.043062 : 1.000000
-0.489044, 0.313031 : 1.000000
-0.597544, 0.432549 : 1.000000
-0.571795, 0.089011 : 1.000000
-0.317479, 0.328140 : 1.000000
-0.072255, 0.487431 : 1.000000
-0.500421, 0.245190 : 1.000000
-0.292409, 0.144296 : 1.000000
-0.402502, 0.126492 : 1.000000
-0.354695, 0.147430 : 1.000000
0.118231, 0.215744 : 1.000000
-0.386568, 0.159964 : 1.000000
-1.964908, -0.577219 : 2.000000
-1.379544, 0.012033 : 2.000000
-1.576961, -0.126321 : 2.000000
-1.401523, 0.093588 : 2.000000
-1.716638, -0.223064 : 2.000000
-1.857044, 0.047188 : 2.000000
-1.170745, 0.138751 : 2.000000
-1.579151, 0.262606 : 2.000000
-1.583713, 0.376452 : 2.000000
-1.718995, -0.736574 : 2.000000
-1.113914, -0.365458 : 2.000000
-1.365895, 0.057500 : 2.000000
-1.419841, -0.225341 : 2.000000
-1.494194, 0.028599 : 2.000000
-1.697723, -0.430383 : 2.000000
-1.457837, -0.543812 : 2.000000
-1.267179, 0.007463 : 2.000000
-1.652865, -0.476184 : 2.000000
-2.298112, 0.204769 : 2.000000
-1.191972, 0.586120 : 2.000000
-1.573975, -0.446588 : 2.000000
-1.343894, -0.172631 : 2.000000
-1.897251, 0.266221 : 2.000000
-1.096414, 0.033387 : 2.000000
-1.433486, -0.350285 : 2.000000
-1.319554, 0.010519 : 2.000000
-1.023543, -0.050043 : 2.000000
-1.021253, -0.141516 : 2.000000
-1.633882, -0.078520 : 2.000000
-1.144930, 0.230868 : 2.000000
-1.559456, 0.193047 : 2.000000
-1.305181, -0.400860 : 2.000000
-1.705261, -0.155223 : 2.000000
-0.952861, 0.255454 : 2.000000
-1.273134, 0.578897 : 2.000000
-1.706069, -0.234260 : 2.000000
-1.636223, -0.661130 : 2.000000
-1.248955, -0.050538 : 2.000000
-0.987096, -0.166046 : 2.000000
-1.305988, -0.310568 : 2.000000
-1.670402, -0.488024 : 2.000000
-1.284800, -0.540260 : 2.000000
-1.379544, 0.012033 : 2.000000
-1.703763, -0.394833 : 2.000000
-1.719000, -0.657098 : 2.000000
-1.419145, -0.454135 : 2.000000
-1.299870, 0.099912 : 2.000000
-1.245991, -0.222229 : 2.000000
-1.476039, -0.634386 : 2.000000
-1.171532, -0.088862 : 2.000000

After reconstructing
Description:
null
6.258499, 3.889746, 2.630765, -0.175848 : 0.000000
6.207775, 3.624422, 2.834289, -0.235696 : 0.000000
6.227711, 3.742992, 2.748543, -0.192235 : 0.000000
6.192190, 3.612582, 2.868764, -0.156837 : 0.000000
6.262754, 3.930963, 2.606058, -0.144367 : 0.000000
6.242814, 4.040538, 2.599946, 0.130591 : 0.000000
6.215065, 3.815300, 2.743534, -0.013924 : 0.000000
6.234403, 3.795470, 2.714656, -0.159953 : 0.000000
6.178278, 3.532432, 2.927555, -0.183554 : 0.000000
6.218748, 3.620423, 2.814983, -0.308432 : 0.000000
6.276617, 3.978357, 2.560549, -0.163069 : 0.000000
6.214563, 3.742411, 2.773840, -0.112576 : 0.000000
6.217505, 3.598416, 2.826213, -0.331541 : 0.000000
6.230750, 3.664508, 2.774353, -0.320363 : 0.000000
6.353109, 4.269647, 2.297449, -0.224692 : 0.000000
6.320597, 4.386592, 2.312336, 0.137496 : 0.000000
6.288519, 4.185074, 2.454624, 0.052581 : 0.000000
6.244561, 3.907290, 2.650268, -0.066066 : 0.000000
6.260910, 3.998699, 2.582299, -0.038548 : 0.000000
6.258521, 4.020196, 2.578196, 0.006070 : 0.000000
6.228378, 3.757049, 2.741612, -0.176697 : 0.000000
6.236122, 3.988060, 2.633833, 0.098308 : 0.000000
6.291632, 4.041652, 2.506441, -0.166628 : 0.000000
6.165484, 3.734616, 2.870533, 0.176919 : 0.000000
6.180284, 3.634009, 2.882831, -0.054069 : 0.000000
6.189129, 3.560616, 2.895523, -0.210628 : 0.000000
6.195103, 3.794424, 2.789992, 0.079115 : 0.000000
6.251279, 3.862073, 2.655670, -0.170283 : 0.000000
6.254243, 3.848528, 2.655473, -0.207330 : 0.000000
6.193432, 3.634590, 2.857534, -0.133728 : 0.000000
6.189177, 3.593372, 2.882242, -0.165209 : 0.000000
6.223356, 3.864406, 2.707956, 0.003864 : 0.000000
6.315988, 4.142609, 2.419362, -0.174800 : 0.000000
6.334560, 4.271353, 2.332121, -0.108786 : 0.000000
6.218748, 3.620423, 2.814983, -0.308432 : 0.000000
6.251758, 3.804512, 2.677933, -0.253549 : 0.000000
6.286752, 3.959728, 2.548730, -0.251100 : 0.000000
6.218748, 3.620423, 2.814983, -0.308432 : 0.000000
6.198167, 3.618246, 2.855090, -0.185512 : 0.000000
6.238610, 3.803932, 2.703230, -0.173890 : 0.000000
6.251781, 3.934962, 2.625364, -0.071631 : 0.000000
6.129203, 3.296493, 3.116105, -0.212477 : 0.000000
6.215091, 3.717606, 2.782822, -0.150424 : 0.000000
6.175690, 3.879193, 2.792863, 0.316225 : 0.000000
6.198878, 3.893203, 2.743020, 0.193863 : 0.000000
6.189631, 3.633504, 2.865218, -0.111976 : 0.000000
6.261032, 3.966517, 2.595024, -0.084210 : 0.000000
6.212078, 3.698396, 2.796300, -0.158796 : 0.000000
6.272410, 3.969895, 2.571975, -0.149131 : 0.000000
6.237368, 3.781924, 2.714460, -0.197000 : 0.000000
5.768727, 2.919590, 3.955001, 1.467687 : 1.000000
5.752401, 2.958631, 3.970401, 1.622088 : 1.000000
5.719268, 2.806724, 4.094725, 1.612868 : 1.000000
5.723388, 2.580935, 4.177789, 1.272546 : 1.000000
5.711334, 2.732239, 4.139842, 1.557476 : 1.000000
5.716980, 2.665588, 4.155917, 1.429906 : 1.000000
5.719867, 2.945125, 4.037857, 1.802358 : 1.000000
5.828404, 2.780149, 3.897392, 0.907847 : 1.000000
5.751877, 2.755292, 4.053276, 1.341518 : 1.000000
5.742104, 2.807947, 4.050703, 1.474815 : 1.000000
5.775911, 2.517623, 4.103163, 0.862738 : 1.000000
5.748722, 2.925363, 3.990810, 1.598178 : 1.000000
5.777772, 2.520932, 4.098283, 0.855967 : 1.000000
5.705479, 2.694392, 4.166241, 1.540489 : 1.000000
5.824072, 3.032013, 3.804236, 1.285865 : 1.000000
5.781923, 2.952926, 3.916423, 1.433447 : 1.000000
5.701822, 2.791575, 4.134080, 1.698497 : 1.000000
5.800241, 2.716274, 3.976796, 0.991066 : 1.000000
5.659368, 2.444907, 4.354595, 1.474519 : 1.000000
5.783819, 2.689802, 4.018758, 1.054629 : 1.000000
5.655276, 2.860551, 4.195032, 2.079630 : 1.000000
5.790939, 2.880107, 3.928560, 1.276644 : 1.000000
5.643255, 2.457872, 4.380088, 1.591225 : 1.000000
5.724891, 2.609623, 4.163370, 1.303379 : 1.000000
5.777742, 2.846770, 3.967138, 1.310885 : 1.000000
5.769255, 2.894784, 3.963984, 1.429840 : 1.000000
5.715039, 2.667812, 4.158721, 1.444887 : 1.000000
5.663092, 2.739075, 4.229048, 1.862266 : 1.000000
5.710188, 2.775743, 4.124509, 1.625204 : 1.000000
5.856131, 2.874936, 3.806374, 0.870444 : 1.000000
5.782577, 2.667795, 4.029989, 1.031520 : 1.000000
5.807940, 2.686384, 3.974156, 0.902234 : 1.000000
5.795220, 2.823631, 3.943140, 1.171626 : 1.000000
5.610768, 2.477122, 4.434263, 1.816913 : 1.000000
5.693409, 2.774651, 4.156933, 1.726371 : 1.000000
5.738561, 3.041687, 3.963341, 1.822709 : 1.000000
5.733707, 2.862068, 4.044917, 1.601737 : 1.000000
5.711337, 2.504095, 4.231699, 1.239058 : 1.000000
5.775402, 2.901022, 3.949754, 1.400922 : 1.000000
5.740312, 2.680295, 4.105520, 1.307634 : 1.000000
5.717005, 2.567894, 4.195205, 1.293406 : 1.000000
5.725368, 2.780206, 4.093777, 1.538531 : 1.000000
5.775331, 2.737816, 4.015605, 1.173584 : 1.000000
5.824149, 2.738931, 3.922100, 0.876366 : 1.000000
5.738590, 2.715849, 4.094487, 1.367791 : 1.000000
5.782120, 2.855806, 3.955155, 1.296704 : 1.000000
5.759721, 2.823670, 4.010792, 1.388942 : 1.000000
5.769329, 2.829846, 3.989991, 1.338759 : 1.000000
5.865622, 2.972700, 3.748916, 0.948793 : 1.000000
5.762685, 2.810125, 4.010596, 1.351896 : 1.000000
5.445889, 2.633280, 4.685675, 3.043935 : 2.000000
5.560543, 2.512832, 4.515623, 2.174136 : 2.000000
5.521333, 2.517893, 4.588326, 2.421171 : 2.000000
5.555307, 2.456286, 4.548372, 2.127268 : 2.000000
5.493581, 2.520800, 4.640056, 2.595074 : 2.000000
5.462383, 2.307264, 4.785507, 2.488002 : 2.000000
5.602190, 2.519030, 4.433741, 1.927901 : 2.000000
5.517391, 2.287967, 4.688422, 2.124414 : 2.000000
5.515434, 2.219146, 4.719864, 2.040347 : 2.000000
5.497711, 2.822344, 4.510766, 2.990636 : 2.000000
5.618364, 2.838010, 4.274470, 2.274080 : 2.000000
5.562932, 2.491335, 4.519725, 2.129517 : 2.000000
5.554418, 2.637044, 4.477283, 2.384972 : 2.000000
5.536901, 2.458688, 4.582489, 2.243264 : 2.000000
5.499319, 2.650233, 4.577001, 2.740594 : 2.000000
5.549493, 2.809912, 4.417065, 2.656370 : 2.000000
5.583609, 2.559024, 4.453055, 2.097436 : 2.000000
5.508922, 2.694576, 4.540841, 2.743705 : 2.000000
5.370588, 2.043693, 5.066614, 2.681961 : 2.000000
5.593822, 2.247313, 4.559100, 1.599906 : 2.000000
5.524822, 2.707686, 4.505255, 2.664694 : 2.000000
5.569507, 2.635400, 4.449183, 2.290332 : 2.000000
5.452177, 2.162688, 4.863177, 2.348696 : 2.000000
5.618367, 2.609865, 4.366328, 1.955662 : 2.000000
5.552744, 2.705353, 4.452968, 2.490548 : 2.000000
5.572849, 2.536948, 4.482454, 2.132477 : 2.000000
5.634049, 2.687218, 4.305289, 1.967641 : 2.000000
5.635340, 2.741981, 4.280778, 2.036169 : 2.000000
5.509240, 2.467702, 4.631588, 2.425135 : 2.000000
5.606652, 2.474767, 4.443057, 1.838817 : 2.000000
5.522051, 2.336562, 4.659971, 2.163710 : 2.000000
5.579490, 2.784813, 4.369992, 2.437758 : 2.000000
5.495303, 2.485246, 4.651090, 2.534918 : 2.000000
5.645788, 2.534644, 4.344347, 1.682863 : 2.000000
5.577256, 2.220145, 4.601618, 1.663378 : 2.000000
5.495847, 2.531486, 4.631434, 2.596118 : 2.000000
5.513994, 2.809952, 4.484717, 2.873687 : 2.000000
5.587864, 2.600242, 4.428347, 2.128917 : 2.000000
5.642559, 2.769653, 4.255874, 2.030604 : 2.000000
5.578513, 2.731320, 4.393393, 2.369077 : 2.000000
5.505435, 2.694760, 4.547414, 2.765305 : 2.000000
5.584918, 2.874811, 4.323406, 2.530135 : 2.000000
5.560543, 2.512832, 4.515623, 2.174136 : 2.000000
5.497762, 2.626956, 4.589342, 2.717637 : 2.000000
5.496996, 2.775531, 4.530978, 2.929679 : 2.000000
5.556616, 2.772073, 4.418723, 2.559968 : 2.000000
5.576080, 2.491916, 4.494429, 2.049858 : 2.000000
5.590014, 2.702516, 4.383069, 2.258494 : 2.000000
5.546577, 2.856214, 4.403980, 2.738836 : 2.000000
5.604073, 2.652789, 4.376291, 2.103049 : 2.000000