-i 1000 -algo ga -opt -problem cp -tomutate 50 
Iterations: 1000
Optimization expirement
Problem set to: cp
toMutate: 50

Training GA
77.0
77.0
77.0
74.0
74.0
76.0
79.0
79.0
79.0
79.0
79.0
75.0
76.0
76.0
76.0
77.0
76.0
76.0
77.0
77.0
76.0
77.0
77.0
77.0
78.0
78.0
78.0
76.0
78.0
76.0
76.0
78.0
78.0
78.0
75.0
76.0
77.0
76.0
75.0
76.0
76.0
76.0
76.0
76.0
76.0
76.0
75.0
76.0
76.0
76.0
76.0
76.0
76.0
76.0
76.0
77.0
80.0
77.0
78.0
78.0
78.0
79.0
79.0
79.0
79.0
72.0
75.0
74.0
76.0
74.0
74.0
74.0
74.0
74.0
74.0
77.0
77.0
75.0
74.0
75.0
75.0
75.0
75.0
75.0
76.0
75.0
75.0
77.0
75.0
77.0
76.0
76.0
76.0
78.0
79.0
79.0
76.0
78.0
77.0
76.0
77.0
76.0
77.0
77.0
78.0
78.0
75.0
76.0
76.0
76.0
75.0
76.0
76.0
76.0
77.0
77.0
77.0
77.0
76.0
76.0
77.0
76.0
77.0
77.0
77.0
77.0
77.0
77.0
77.0
77.0
78.0
76.0
76.0
76.0
76.0
76.0
76.0
79.0
78.0
79.0
79.0
78.0
78.0
81.0
81.0
81.0
77.0
79.0
79.0
79.0
79.0
79.0
79.0
78.0
72.0
80.0
80.0
80.0
80.0
80.0
78.0
79.0
79.0
80.0
80.0
80.0
80.0
80.0
80.0
80.0
80.0
71.0
80.0
80.0
80.0
81.0
82.0
82.0
80.0
80.0
80.0
79.0
80.0
80.0
81.0
79.0
79.0
79.0
79.0
79.0
81.0
82.0
81.0
81.0
82.0
82.0
81.0
80.0
81.0
81.0
82.0
82.0
82.0
82.0
80.0
80.0
80.0
82.0
81.0
80.0
80.0
81.0
81.0
82.0
83.0
83.0
83.0
82.0
81.0
80.0
80.0
84.0
84.0
82.0
82.0
82.0
82.0
82.0
83.0
81.0
81.0
82.0
82.0
82.0
82.0
83.0
80.0
80.0
80.0
80.0
83.0
81.0
81.0
81.0
82.0
82.0
81.0
83.0
80.0
80.0
80.0
81.0
81.0
81.0
80.0
79.0
80.0
85.0
79.0
79.0
79.0
79.0
79.0
79.0
79.0
79.0
78.0
78.0
79.0
80.0
80.0
81.0
80.0
80.0
80.0
80.0
81.0
81.0
81.0
81.0
80.0
80.0
80.0
80.0
83.0
80.0
80.0
81.0
80.0
80.0
82.0
82.0
82.0
82.0
82.0
82.0
82.0
84.0
82.0
82.0
81.0
81.0
81.0
81.0
84.0
84.0
84.0
84.0
80.0
80.0
80.0
81.0
83.0
83.0
80.0
82.0
82.0
83.0
83.0
83.0
81.0
79.0
79.0
79.0
79.0
79.0
80.0
80.0
80.0
80.0
80.0
80.0
80.0
80.0
77.0
84.0
77.0
77.0
81.0
81.0
79.0
79.0
79.0
78.0
81.0
81.0
81.0
85.0
81.0
80.0
80.0
80.0
79.0
79.0
79.0
77.0
78.0
78.0
78.0
77.0
77.0
77.0
78.0
80.0
79.0
79.0
79.0
78.0
78.0
78.0
78.0
78.0
78.0
78.0
78.0
78.0
78.0
78.0
78.0
78.0
78.0
78.0
78.0
78.0
78.0
79.0
78.0
78.0
78.0
78.0
78.0
78.0
78.0
78.0
79.0
79.0
79.0
79.0
79.0
79.0
79.0
79.0
78.0
79.0
79.0
79.0
79.0
80.0
80.0
80.0
79.0
79.0
79.0
73.0
79.0
79.0
79.0
79.0
79.0
79.0
72.0
73.0
80.0
80.0
78.0
78.0
79.0
78.0
78.0
78.0
81.0
80.0
82.0
79.0
78.0
78.0
78.0
78.0
78.0
79.0
78.0
78.0
78.0
78.0
79.0
78.0
78.0
78.0
78.0
78.0
78.0
80.0
80.0
79.0
78.0
78.0
78.0
78.0
78.0
78.0
78.0
78.0
78.0
80.0
80.0
80.0
80.0
80.0
80.0
79.0
78.0
79.0
78.0
78.0
80.0
81.0
81.0
81.0
81.0
81.0
81.0
81.0
81.0
80.0
80.0
80.0
82.0
83.0
82.0
82.0
82.0
82.0
79.0
81.0
78.0
78.0
78.0
80.0
79.0
78.0
78.0
78.0
79.0
78.0
79.0
80.0
80.0
80.0
80.0
80.0
79.0
79.0
79.0
79.0
79.0
82.0
82.0
82.0
78.0
81.0
81.0
81.0
79.0
78.0
78.0
80.0
80.0
80.0
81.0
78.0
78.0
79.0
78.0
80.0
80.0
81.0
81.0
81.0
80.0
78.0
78.0
78.0
78.0
78.0
78.0
78.0
78.0
78.0
79.0
79.0
79.0
79.0
79.0
81.0
79.0
79.0
79.0
79.0
79.0
79.0
80.0
78.0
78.0
80.0
80.0
79.0
79.0
79.0
78.0
78.0
77.0
79.0
79.0
79.0
79.0
79.0
78.0
78.0
79.0
79.0
78.0
79.0
78.0
79.0
79.0
78.0
78.0
79.0
79.0
79.0
79.0
79.0
79.0
79.0
79.0
78.0
81.0
78.0
78.0
79.0
79.0
79.0
76.0
80.0
79.0
77.0
79.0
79.0
79.0
79.0
79.0
81.0
81.0
81.0
81.0
81.0
81.0
78.0
81.0
81.0
81.0
81.0
79.0
72.0
81.0
81.0
81.0
81.0
70.0
80.0
80.0
81.0
80.0
80.0
73.0
80.0
78.0
78.0
78.0
78.0
78.0
78.0
79.0
78.0
80.0
78.0
79.0
77.0
78.0
78.0
79.0
79.0
78.0
77.0
81.0
79.0
79.0
79.0
80.0
79.0
80.0
78.0
78.0
78.0
78.0
78.0
78.0
78.0
78.0
78.0
78.0
80.0
78.0
78.0
78.0
77.0
79.0
79.0
79.0
79.0
79.0
80.0
80.0
80.0
80.0
80.0
79.0
80.0
79.0
81.0
80.0
79.0
81.0
81.0
81.0
81.0
81.0
81.0
80.0
80.0
80.0
80.0
80.0
78.0
80.0
80.0
72.0
79.0
79.0
79.0
79.0
79.0
79.0
79.0
79.0
81.0
81.0
80.0
79.0
80.0
80.0
80.0
79.0
80.0
78.0
80.0
80.0
80.0
77.0
78.0
80.0
78.0
78.0
79.0
78.0
78.0
78.0
78.0
19.0
78.0
74.0
77.0
78.0
79.0
72.0
78.0
79.0
77.0
81.0
80.0
80.0
79.0
78.0
82.0
78.0
78.0
77.0
77.0
78.0
77.0
78.0
78.0
78.0
79.0
79.0
79.0
80.0
78.0
77.0
77.0
80.0
80.0
80.0
79.0
78.0
78.0
78.0
79.0
79.0
79.0
79.0
73.0
81.0
81.0
81.0
77.0
79.0
77.0
80.0
77.0
79.0
79.0
79.0
79.0
79.0
79.0
79.0
79.0
79.0
78.0
78.0
80.0
78.0
78.0
78.0
78.0
78.0
78.0
78.0
78.0
78.0
79.0
79.0
79.0
79.0
79.0
79.0
79.0
78.0
79.0
79.0
79.0
79.0
79.0
80.0
77.0
80.0
80.0
80.0
79.0
79.0
79.0
79.0
79.0
79.0
79.0
79.0
79.0
78.0
79.0
79.0
77.0
79.0
77.0
77.0
77.0
77.0
77.0
77.0
79.0
80.0
77.0
77.0
73.0
78.0
77.0
77.0
77.0
77.0
77.0
77.0
77.0
77.0
78.0
78.0
79.0
81.0
80.0
78.0
79.0
79.0
80.0
80.0
80.0
78.0
79.0
80.0
79.0
79.0
79.0
79.0
79.0
77.0
78.0
78.0
78.0
79.0
79.0
79.0
79.0
78.0
78.0
78.0
78.0
78.0
78.0
78.0
80.0
78.0
77.0
77.0
77.0
77.0
79.0
79.0
79.0
78.0
78.0
79.0
79.0
79.0
79.0
79.0
77.0
78.0
78.0
80.0
78.0
79.0
78.0
78.0
78.0
78.0
78.0
78.0
78.0
78.0
78.0
78.0
78.0
79.0
79.0
79.0
79.0
78.0
78.0
71.0
76.0
78.0
78.0
78.0
79.0
80.0
80.0
80.0
79.0
79.0
79.0
79.0
78.0
78.0
78.0
78.0
78.0
79.0
79.0
79.0
79.0
79.0
79.0
79.0
19.0
75.0
78.0
78.0
77.0
78.0
78.0
79.0
79.0
79.0
79.0
79.0
79.0
80.0
80.0
78.0
78.0
83.0
80.0
79.0
79.0
79.0
78.0
78.0
78.0
78.0
78.0
79.0
79.0
80.0
79.0
79.0
79.0
79.0
79.0
79.0
79.0
79.0
80.0


Results for GA:
Training time: 0.316 seconds.
Optimal instance found after 0.196238848 seconds.
Final optimal solution found: 85.0
