-i 1000 -algo ga -opt -problem cp -tomutate 100 
Iterations: 1000
Optimization expirement
Problem set to: cp
toMutate: 100

Training GA
78.0
76.0
76.0
77.0
76.0
76.0
77.0
76.0
77.0
77.0
78.0
78.0
77.0
76.0
76.0
77.0
77.0
77.0
77.0
77.0
77.0
76.0
75.0
75.0
75.0
75.0
77.0
75.0
77.0
79.0
79.0
70.0
77.0
80.0
80.0
75.0
76.0
79.0
78.0
78.0
77.0
77.0
77.0
78.0
78.0
78.0
78.0
78.0
77.0
77.0
77.0
77.0
77.0
77.0
77.0
77.0
78.0
75.0
75.0
74.0
76.0
79.0
79.0
78.0
78.0
78.0
78.0
78.0
77.0
77.0
79.0
78.0
79.0
77.0
75.0
76.0
74.0
77.0
77.0
77.0
76.0
77.0
77.0
77.0
70.0
76.0
76.0
76.0
75.0
75.0
75.0
77.0
77.0
75.0
75.0
77.0
76.0
76.0
76.0
77.0
77.0
78.0
70.0
77.0
75.0
70.0
77.0
80.0
80.0
82.0
82.0
82.0
82.0
82.0
83.0
15.0
17.0
17.0
17.0
80.0
81.0
81.0
81.0
81.0
81.0
81.0
81.0
80.0
80.0
75.0
81.0
81.0
81.0
81.0
84.0
84.0
84.0
84.0
84.0
84.0
84.0
80.0
80.0
79.0
80.0
80.0
79.0
79.0
79.0
80.0
80.0
80.0
80.0
80.0
79.0
79.0
79.0
79.0
80.0
80.0
82.0
82.0
82.0
82.0
82.0
81.0
80.0
80.0
73.0
82.0
82.0
79.0
80.0
79.0
78.0
80.0
79.0
77.0
77.0
77.0
80.0
80.0
80.0
80.0
80.0
20.0
78.0
81.0
80.0
80.0
80.0
80.0
80.0
78.0
79.0
74.0
74.0
79.0
79.0
79.0
82.0
82.0
79.0
79.0
79.0
79.0
79.0
81.0
80.0
80.0
81.0
83.0
81.0
81.0
80.0
80.0
81.0
81.0
73.0
75.0
75.0
80.0
79.0
79.0
79.0
79.0
79.0
78.0
78.0
79.0
79.0
78.0
81.0
81.0
72.0
72.0
77.0
78.0
78.0
77.0
77.0
78.0
76.0
78.0
78.0
78.0
77.0
77.0
77.0
78.0
78.0
77.0
77.0
77.0
78.0
78.0
78.0
78.0
80.0
80.0
80.0
80.0
80.0
80.0
80.0
80.0
78.0
78.0
79.0
79.0
79.0
79.0
78.0
78.0
78.0
78.0
79.0
80.0
80.0
78.0
78.0
79.0
77.0
78.0
78.0
78.0
78.0
72.0
78.0
13.0
78.0
78.0
73.0
77.0
77.0
77.0
78.0
80.0
80.0
80.0
81.0
76.0
76.0
75.0
79.0
78.0
78.0
78.0
78.0
77.0
77.0
77.0
78.0
77.0
78.0
77.0
77.0
77.0
77.0
77.0
77.0
77.0
77.0
77.0
77.0
72.0
77.0
77.0
77.0
78.0
78.0
78.0
78.0
77.0
76.0
77.0
77.0
76.0
76.0
77.0
78.0
77.0
78.0
77.0
78.0
73.0
78.0
77.0
77.0
77.0
76.0
76.0
76.0
76.0
77.0
77.0
76.0
76.0
77.0
79.0
79.0
80.0
80.0
80.0
11.0
72.0
78.0
78.0
78.0
78.0
78.0
77.0
78.0
78.0
77.0
77.0
77.0
76.0
76.0
78.0
78.0
78.0
77.0
78.0
79.0
79.0
79.0
79.0
81.0
81.0
81.0
78.0
78.0
78.0
78.0
77.0
77.0
77.0
77.0
78.0
79.0
79.0
77.0
77.0
76.0
77.0
78.0
77.0
77.0
80.0
77.0
78.0
78.0
78.0
79.0
79.0
79.0
79.0
81.0
81.0
81.0
21.0
21.0
78.0
78.0
77.0
77.0
78.0
77.0
78.0
78.0
78.0
77.0
76.0
76.0
79.0
78.0
77.0
76.0
77.0
78.0
78.0
78.0
77.0
77.0
78.0
77.0
77.0
77.0
78.0
77.0
77.0
77.0
77.0
79.0
79.0
79.0
79.0
78.0
78.0
78.0
78.0
77.0
77.0
78.0
79.0
78.0
78.0
79.0
77.0
77.0
78.0
76.0
76.0
76.0
79.0
80.0
79.0
79.0
76.0
76.0
76.0
81.0
81.0
81.0
81.0
81.0
81.0
78.0
81.0
83.0
81.0
81.0
82.0
74.0
82.0
83.0
82.0
83.0
84.0
84.0
84.0
84.0
83.0
83.0
83.0
83.0
83.0
83.0
83.0
84.0
84.0
83.0
83.0
82.0
84.0
84.0
84.0
78.0
86.0
86.0
86.0
86.0
85.0
85.0
85.0
85.0
85.0
85.0
83.0
78.0
80.0
83.0
82.0
80.0
83.0
83.0
83.0
83.0
83.0
84.0
85.0
85.0
85.0
85.0
85.0
82.0
82.0
85.0
82.0
85.0
82.0
84.0
84.0
82.0
83.0
82.0
82.0
74.0
83.0
83.0
83.0
83.0
83.0
82.0
82.0
82.0
81.0
81.0
81.0
80.0
81.0
83.0
83.0
75.0
81.0
80.0
74.0
81.0
82.0
82.0
84.0
84.0
84.0
81.0
83.0
84.0
81.0
83.0
83.0
81.0
83.0
83.0
81.0
82.0
81.0
82.0
82.0
82.0
81.0
81.0
81.0
82.0
82.0
82.0
82.0
84.0
82.0
84.0
83.0
82.0
84.0
85.0
82.0
82.0
83.0
83.0
83.0
83.0
83.0
83.0
83.0
83.0
83.0
83.0
84.0
84.0
84.0
83.0
75.0
85.0
84.0
84.0
84.0
83.0
85.0
83.0
83.0
83.0
83.0
84.0
86.0
85.0
85.0
85.0
85.0
85.0
85.0
86.0
84.0
85.0
85.0
85.0
87.0
87.0
86.0
87.0
87.0
83.0
86.0
86.0
83.0
85.0
83.0
83.0
82.0
85.0
82.0
82.0
82.0
83.0
84.0
83.0
82.0
82.0
82.0
82.0
83.0
83.0
83.0
83.0
81.0
82.0
83.0
83.0
83.0
82.0
83.0
83.0
77.0
84.0
79.0
79.0
85.0
84.0
85.0
79.0
79.0
79.0
79.0
83.0
84.0
84.0
84.0
84.0
81.0
81.0
82.0
82.0
83.0
82.0
82.0
82.0
82.0
83.0
83.0
82.0
82.0
82.0
82.0
82.0
76.0
80.0
82.0
82.0
81.0
79.0
80.0
82.0
82.0
81.0
81.0
81.0
79.0
80.0
80.0
79.0
81.0
81.0
81.0
81.0
81.0
78.0
80.0
80.0
80.0
81.0
80.0
82.0
82.0
82.0
82.0
82.0
82.0
82.0
82.0
82.0
84.0
83.0
82.0
82.0
79.0
82.0
82.0
77.0
77.0
78.0
77.0
78.0
77.0
82.0
81.0
79.0
79.0
80.0
82.0
82.0
82.0
81.0
84.0
84.0
84.0
83.0
81.0
82.0
83.0
83.0
83.0
81.0
83.0
80.0
83.0
83.0
70.0
82.0
77.0
83.0
78.0
78.0
81.0
77.0
77.0
78.0
78.0
78.0
79.0
79.0
22.0
78.0
82.0
79.0
78.0
78.0
78.0
79.0
78.0
78.0
78.0
78.0
78.0
78.0
78.0
78.0
78.0
78.0
78.0
78.0
79.0
79.0
79.0
79.0
78.0
79.0
79.0
81.0
81.0
81.0
81.0
84.0
83.0
75.0
83.0
74.0
81.0
82.0
82.0
80.0
81.0
82.0
81.0
81.0
88.0
88.0
88.0
70.0
83.0
81.0
80.0
80.0
81.0
81.0
79.0
78.0
79.0
80.0
78.0
78.0
79.0
79.0
80.0
79.0
81.0
82.0
81.0
81.0
82.0
82.0
81.0
79.0
79.0
81.0
80.0
81.0
78.0
80.0
79.0
80.0
79.0
79.0
80.0
79.0
79.0
79.0
79.0
79.0
79.0
80.0
82.0
82.0
80.0
80.0
80.0
80.0
80.0
80.0
80.0
81.0
81.0
81.0
81.0
81.0
73.0
73.0
73.0
79.0
78.0
80.0
77.0
78.0
78.0
78.0
79.0
79.0
81.0
78.0
78.0
79.0
78.0
78.0
79.0
79.0
73.0
78.0
78.0
78.0
79.0
79.0
78.0
79.0
79.0
79.0
81.0
80.0
79.0
81.0
81.0
81.0
78.0
78.0
78.0
78.0
80.0
79.0
78.0
78.0
73.0
79.0
79.0
80.0
79.0
79.0
81.0
81.0
77.0
77.0
77.0
78.0
78.0
78.0
78.0
77.0
77.0
77.0
78.0
81.0
81.0
81.0
80.0
77.0
76.0
76.0
76.0
76.0
76.0
76.0
75.0
77.0
76.0
76.0
79.0
79.0
79.0
79.0
79.0
79.0
78.0
79.0
79.0
79.0
76.0


Results for GA:
Training time: 0.317 seconds.
Optimal instance found after 0.291874816 seconds.
Final optimal solution found: 88.0
