-i 1000 -algo ga -opt -problem cp -tomutate 10 
Iterations: 1000
Optimization expirement
Problem set to: cp
toMutate: 10

Training GA
81.0
77.0
76.0
76.0
78.0
80.0
80.0
80.0
80.0
75.0
75.0
75.0
75.0
75.0
75.0
77.0
78.0
78.0
80.0
80.0
80.0
80.0
80.0
80.0
78.0
79.0
77.0
77.0
77.0
77.0
78.0
78.0
76.0
76.0
77.0
77.0
77.0
77.0
77.0
76.0
77.0
77.0
77.0
78.0
78.0
77.0
77.0
78.0
79.0
79.0
78.0
80.0
78.0
79.0
79.0
79.0
79.0
79.0
78.0
78.0
76.0
76.0
76.0
76.0
76.0
76.0
76.0
76.0
75.0
75.0
75.0
75.0
76.0
77.0
76.0
76.0
76.0
76.0
76.0
76.0
76.0
76.0
76.0
77.0
77.0
77.0
76.0
77.0
77.0
77.0
77.0
77.0
77.0
77.0
78.0
78.0
78.0
78.0
78.0
78.0
78.0
78.0
78.0
78.0
78.0
78.0
78.0
78.0
78.0
78.0
79.0
78.0
79.0
71.0
71.0
71.0
71.0
71.0
78.0
78.0
78.0
78.0
78.0
78.0
79.0
78.0
78.0
78.0
78.0
78.0
78.0
78.0
78.0
78.0
82.0
82.0
82.0
82.0
82.0
82.0
82.0
82.0
82.0
79.0
82.0
82.0
82.0
82.0
82.0
82.0
82.0
82.0
82.0
82.0
82.0
82.0
81.0
80.0
80.0
79.0
80.0
81.0
79.0
79.0
79.0
79.0
79.0
79.0
79.0
80.0
80.0
80.0
80.0
80.0
80.0
80.0
80.0
79.0
81.0
81.0
81.0
81.0
82.0
82.0
82.0
82.0
82.0
82.0
82.0
82.0
80.0
80.0
80.0
81.0
81.0
81.0
81.0
78.0
78.0
78.0
80.0
80.0
79.0
80.0
79.0
79.0
79.0
81.0
80.0
80.0
80.0
80.0
80.0
80.0
80.0
80.0
80.0
80.0
79.0
79.0
80.0
79.0
79.0
79.0
79.0
79.0
80.0
80.0
80.0
79.0
80.0
80.0
82.0
82.0
82.0
82.0
82.0
82.0
83.0
83.0
83.0
82.0
82.0
82.0
82.0
82.0
82.0
82.0
82.0
82.0
82.0
82.0
82.0
82.0
82.0
82.0
82.0
82.0
82.0
82.0
82.0
82.0
82.0
82.0
83.0
83.0
83.0
83.0
83.0
82.0
82.0
82.0
82.0
82.0
82.0
82.0
82.0
84.0
82.0
83.0
83.0
83.0
84.0
84.0
84.0
84.0
82.0
83.0
82.0
82.0
83.0
83.0
83.0
83.0
83.0
84.0
84.0
84.0
84.0
84.0
84.0
84.0
84.0
84.0
84.0
84.0
84.0
83.0
83.0
83.0
83.0
84.0
83.0
84.0
84.0
84.0
84.0
84.0
84.0
84.0
84.0
84.0
84.0
84.0
84.0
84.0
84.0
85.0
85.0
84.0
84.0
83.0
83.0
83.0
83.0
83.0
83.0
87.0
87.0
87.0
87.0
87.0
84.0
84.0
86.0
86.0
84.0
84.0
84.0
84.0
84.0
84.0
84.0
83.0
83.0
83.0
84.0
84.0
84.0
84.0
84.0
84.0
84.0
84.0
84.0
84.0
84.0
84.0
84.0
84.0
81.0
82.0
82.0
83.0
82.0
83.0
82.0
83.0
82.0
82.0
83.0
83.0
83.0
83.0
83.0
83.0
83.0
83.0
83.0
85.0
85.0
85.0
85.0
85.0
85.0
85.0
85.0
83.0
84.0
84.0
83.0
83.0
83.0
83.0
83.0
83.0
83.0
83.0
83.0
83.0
83.0
83.0
83.0
83.0
83.0
83.0
83.0
83.0
83.0
83.0
83.0
83.0
83.0
83.0
83.0
83.0
83.0
83.0
83.0
83.0
83.0
83.0
83.0
83.0
83.0
83.0
83.0
83.0
83.0
83.0
83.0
83.0
83.0
83.0
83.0
83.0
83.0
83.0
83.0
83.0
83.0
83.0
83.0
83.0
83.0
83.0
83.0
83.0
83.0
83.0
83.0
83.0
83.0
83.0
83.0
83.0
83.0
83.0
83.0
83.0
83.0
83.0
83.0
83.0
83.0
83.0
83.0
83.0
83.0
83.0
83.0
83.0
83.0
83.0
83.0
83.0
83.0
83.0
83.0
84.0
84.0
84.0
84.0
84.0
84.0
84.0
84.0
84.0
84.0
84.0
83.0
83.0
83.0
83.0
83.0
84.0
80.0
80.0
84.0
84.0
84.0
84.0
84.0
84.0
84.0
84.0
84.0
84.0
84.0
84.0
84.0
78.0
83.0
84.0
83.0
83.0
83.0
83.0
83.0
83.0
83.0
83.0
83.0
83.0
83.0
83.0
83.0
83.0
83.0
83.0
83.0
83.0
83.0
83.0
84.0
84.0
84.0
83.0
84.0
84.0
84.0
84.0
84.0
84.0
84.0
84.0
84.0
85.0
85.0
85.0
85.0
85.0
84.0
84.0
84.0
85.0
84.0
84.0
84.0
84.0
84.0
84.0
84.0
84.0
84.0
84.0
84.0
84.0
84.0
85.0
85.0
84.0
84.0
84.0
84.0
84.0
84.0
84.0
84.0
84.0
84.0
84.0
84.0
85.0
85.0
85.0
85.0
85.0
84.0
84.0
84.0
85.0
84.0
84.0
84.0
84.0
84.0
84.0
84.0
85.0
85.0
84.0
85.0
85.0
85.0
85.0
85.0
85.0
85.0
85.0
85.0
85.0
85.0
85.0
85.0
85.0
85.0
85.0
86.0
86.0
86.0
86.0
86.0
85.0
86.0
86.0
86.0
86.0
86.0
86.0
86.0
86.0
86.0
87.0
87.0
87.0
88.0
88.0
88.0
88.0
88.0
88.0
88.0
88.0
88.0
88.0
88.0
88.0
87.0
87.0
88.0
87.0
87.0
87.0
87.0
86.0
86.0
86.0
86.0
86.0
86.0
86.0
86.0
86.0
86.0
86.0
86.0
86.0
86.0
86.0
86.0
86.0
86.0
78.0
85.0
85.0
85.0
86.0
84.0
85.0
85.0
85.0
85.0
85.0
85.0
85.0
85.0
85.0
85.0
85.0
85.0
85.0
85.0
85.0
85.0
85.0
85.0
85.0
85.0
85.0
85.0
85.0
85.0
85.0
85.0
85.0
85.0
85.0
85.0
85.0
85.0
85.0
85.0
85.0
85.0
85.0
85.0
85.0
85.0
85.0
85.0
85.0
85.0
85.0
85.0
85.0
85.0
85.0
85.0
85.0
85.0
85.0
85.0
85.0
85.0
85.0
85.0
85.0
85.0
85.0
85.0
86.0
86.0
87.0
87.0
86.0
86.0
86.0
85.0
85.0
85.0
85.0
85.0
85.0
85.0
85.0
85.0
85.0
85.0
85.0
85.0
85.0
85.0
85.0
85.0
85.0
85.0
85.0
85.0
85.0
85.0
85.0
85.0
85.0
85.0
85.0
85.0
85.0
85.0
85.0
85.0
85.0
85.0
85.0
84.0
85.0
85.0
84.0
85.0
85.0
85.0
85.0
85.0
85.0
85.0
84.0
85.0
84.0
85.0
85.0
85.0
85.0
85.0
85.0
85.0
85.0
85.0
85.0
85.0
85.0
85.0
85.0
85.0
85.0
85.0
85.0
85.0
85.0
85.0
85.0
85.0
85.0
85.0
85.0
85.0
85.0
85.0
85.0
85.0
85.0
85.0
85.0
85.0
85.0
86.0
86.0
86.0
86.0
86.0
86.0
85.0
85.0
85.0
85.0
85.0
85.0
85.0
85.0
85.0
85.0
85.0
85.0
85.0
85.0
85.0
85.0
85.0
85.0
85.0
85.0
85.0
85.0
85.0
86.0
86.0
86.0
86.0
86.0
86.0
86.0
85.0
85.0
85.0
85.0
86.0
85.0
85.0
85.0
85.0
85.0
85.0
85.0
85.0
85.0
85.0
85.0
85.0
85.0
85.0
85.0
85.0
85.0
85.0
85.0
85.0
85.0
85.0
85.0
85.0
85.0
85.0
85.0
85.0
85.0
85.0
85.0
85.0
85.0
85.0
85.0
85.0
85.0
85.0
85.0
85.0
85.0
85.0
85.0
84.0
85.0
85.0
85.0
85.0
85.0
85.0
85.0
85.0
85.0
84.0
84.0
85.0
84.0
85.0
84.0
84.0
85.0
85.0
84.0
84.0
85.0
85.0
85.0
85.0
85.0
85.0
85.0
85.0
85.0
85.0
85.0
85.0
85.0
85.0
84.0
84.0
84.0
85.0
85.0
85.0
84.0
85.0
85.0
84.0
84.0
84.0
84.0
84.0
84.0
84.0
84.0
84.0
84.0
84.0
85.0
84.0
84.0
84.0
84.0
85.0
85.0
86.0
85.0
85.0
84.0
85.0
85.0
85.0
85.0
85.0
85.0


Results for GA:
Training time: 0.271 seconds.
Optimal instance found after 0.226409984 seconds.
Final optimal solution found: 88.0
