-i 1000 -algo sa -opt -problem cp -alpha .95 
Iterations: 1000
Optimization expirement
Problem set to: cp
Cooling alpha: 0.95

Training SA
70.0
70.0
70.0
70.0
70.0
70.0
70.0
70.0
70.0
69.0
69.0
69.0
69.0
69.0
69.0
69.0
69.0
69.0
69.0
68.0
69.0
69.0
69.0
9.0
9.0
9.0
68.0
68.0
69.0
69.0
69.0
69.0
69.0
69.0
69.0
69.0
69.0
69.0
69.0
69.0
69.0
69.0
69.0
68.0
70.0
70.0
69.0
71.0
71.0
70.0
70.0
70.0
70.0
70.0
70.0
71.0
71.0
71.0
71.0
71.0
71.0
71.0
71.0
71.0
71.0
71.0
71.0
70.0
71.0
70.0
70.0
70.0
70.0
71.0
71.0
71.0
71.0
71.0
70.0
70.0
71.0
71.0
72.0
72.0
72.0
72.0
72.0
72.0
72.0
72.0
72.0
8.0
8.0
8.0
69.0
69.0
69.0
72.0
72.0
72.0
69.0
69.0
69.0
67.0
67.0
67.0
70.0
70.0
70.0
70.0
70.0
70.0
70.0
70.0
69.0
69.0
70.0
70.0
69.0
69.0
69.0
70.0
70.0
70.0
70.0
70.0
71.0
71.0
71.0
71.0
71.0
70.0
70.0
71.0
71.0
72.0
73.0
72.0
72.0
12.0
71.0
71.0
70.0
70.0
70.0
71.0
70.0
71.0
70.0
70.0
71.0
71.0
71.0
69.0
69.0
71.0
68.0
68.0
68.0
68.0
69.0
68.0
70.0
67.0
68.0
68.0
68.0
68.0
68.0
69.0
69.0
68.0
68.0
68.0
68.0
68.0
69.0
69.0
69.0
71.0
71.0
71.0
71.0
71.0
71.0
71.0
71.0
71.0
71.0
71.0
70.0
70.0
70.0
70.0
68.0
71.0
71.0
71.0
71.0
70.0
70.0
70.0
70.0
70.0
70.0
70.0
70.0
71.0
68.0
68.0
68.0
68.0
68.0
69.0
69.0
69.0
69.0
69.0
70.0
71.0
71.0
70.0
69.0
69.0
69.0
69.0
69.0
69.0
69.0
69.0
69.0
69.0
69.0
69.0
69.0
69.0
69.0
69.0
69.0
67.0
67.0
67.0
69.0
69.0
69.0
69.0
69.0
69.0
69.0
69.0
69.0
69.0
69.0
69.0
69.0
69.0
69.0
69.0
69.0
69.0
69.0
69.0
69.0
70.0
70.0
69.0
69.0
69.0
69.0
69.0
69.0
69.0
69.0
69.0
69.0
70.0
69.0
69.0
69.0
69.0
69.0
69.0
70.0
70.0
70.0
70.0
70.0
70.0
70.0
70.0
69.0
69.0
70.0
69.0
69.0
70.0
70.0
69.0
69.0
69.0
69.0
69.0
69.0
69.0
69.0
69.0
69.0
69.0
69.0
69.0
69.0
69.0
68.0
68.0
68.0
69.0
69.0
69.0
69.0
70.0
70.0
69.0
69.0
69.0
70.0
69.0
69.0
70.0
70.0
69.0
69.0
69.0
69.0
70.0
71.0
71.0
71.0
68.0
68.0
68.0
68.0
67.0
67.0
67.0
67.0
72.0
72.0
71.0
71.0
71.0
71.0
71.0
71.0
71.0
71.0
71.0
71.0
71.0
71.0
71.0
72.0
70.0
69.0
69.0
70.0
71.0
71.0
71.0
69.0
69.0
69.0
71.0
70.0
70.0
70.0
70.0
70.0
71.0
71.0
70.0
70.0
72.0
71.0
71.0
71.0
71.0
71.0
71.0
71.0
71.0
71.0
70.0
70.0
70.0
70.0
70.0
69.0
76.0
76.0
74.0
74.0
14.0
74.0
74.0
70.0
70.0
70.0
70.0
70.0
70.0
70.0
70.0
71.0
70.0
70.0
70.0
70.0
70.0
71.0
71.0
71.0
71.0
71.0
72.0
73.0
73.0
73.0
73.0
73.0
73.0
73.0
73.0
14.0
14.0
14.0
75.0
75.0
13.0
75.0
75.0
75.0
14.0
75.0
75.0
75.0
13.0
13.0
13.0
13.0
72.0
72.0
70.0
70.0
70.0
70.0
70.0
70.0
70.0
10.0
69.0
69.0
69.0
72.0
72.0
72.0
73.0
72.0
72.0
73.0
72.0
70.0
70.0
70.0
70.0
70.0
70.0
70.0
70.0
70.0
70.0
71.0
70.0
70.0
71.0
71.0
71.0
71.0
70.0
70.0
70.0
70.0
72.0
73.0
73.0
73.0
73.0
73.0
75.0
75.0
75.0
75.0
73.0
73.0
73.0
73.0
73.0
73.0
73.0
73.0
73.0
73.0
73.0
73.0
73.0
73.0
73.0
73.0
73.0
73.0
73.0
73.0
73.0
73.0
73.0
72.0
72.0
72.0
72.0
75.0
75.0
75.0
74.0
74.0
74.0
74.0
74.0
74.0
74.0
74.0
74.0
74.0
74.0
74.0
74.0
74.0
75.0
75.0
75.0
75.0
75.0
75.0
75.0
75.0
75.0
75.0
75.0
75.0
75.0
75.0
75.0
75.0
75.0
75.0
75.0
75.0
75.0
75.0
75.0
75.0
75.0
75.0
75.0
75.0
75.0
75.0
75.0
75.0
75.0
75.0
75.0
75.0
75.0
75.0
75.0
75.0
75.0
75.0
75.0
75.0
75.0
75.0
75.0
75.0
75.0
75.0
75.0
75.0
75.0
75.0
75.0
75.0
76.0
76.0
76.0
76.0
76.0
76.0
76.0
76.0
76.0
76.0
76.0
76.0
76.0
76.0
76.0
76.0
76.0
76.0
76.0
76.0
76.0
76.0
76.0
76.0
76.0
76.0
76.0
76.0
76.0
76.0
76.0
76.0
76.0
76.0
76.0
76.0
76.0
76.0
76.0
76.0
77.0
77.0
77.0
77.0
77.0
77.0
77.0
77.0
77.0
77.0
77.0
77.0
77.0
77.0
77.0
77.0
77.0
77.0
77.0
77.0
77.0
77.0
77.0
77.0
77.0
77.0
77.0
77.0
77.0
77.0
77.0
77.0
77.0
77.0
77.0
77.0
77.0
77.0
77.0
77.0
77.0
77.0
77.0
77.0
77.0
77.0
77.0
77.0
77.0
77.0
77.0
77.0
77.0
77.0
78.0
78.0
78.0
78.0
78.0
78.0
78.0
78.0
78.0
78.0
78.0
78.0
78.0
78.0
78.0
78.0
78.0
78.0
78.0
78.0
78.0
78.0
78.0
78.0
78.0
78.0
78.0
78.0
78.0
78.0
78.0
78.0
78.0
78.0
78.0
78.0
78.0
78.0
78.0
78.0
78.0
78.0
78.0
78.0
78.0
78.0
78.0
78.0
78.0
78.0
78.0
78.0
78.0
78.0
78.0
78.0
78.0
78.0
78.0
78.0
78.0
78.0
78.0
78.0
78.0
78.0
78.0
78.0
78.0
78.0
78.0
78.0
78.0
78.0
78.0
78.0
78.0
78.0
78.0
78.0
78.0
78.0
78.0
78.0
78.0
78.0
78.0
78.0
78.0
78.0
78.0
78.0
78.0
78.0
78.0
78.0
78.0
78.0
78.0
78.0
78.0
79.0
79.0
79.0
79.0
79.0
79.0
79.0
79.0
79.0
79.0
79.0
79.0
79.0
79.0
79.0
79.0
79.0
79.0
79.0
79.0
79.0
79.0
79.0
79.0
79.0
79.0
79.0
79.0
79.0
79.0
79.0
79.0
79.0
79.0
79.0
79.0
79.0
79.0
79.0
79.0
79.0
79.0
79.0
79.0
79.0
79.0
79.0
79.0
79.0
79.0
79.0
79.0
79.0
79.0
79.0
79.0
79.0
79.0
79.0
79.0
79.0
79.0
79.0
79.0
79.0
79.0
79.0
79.0
79.0
79.0
79.0
79.0
79.0
79.0
79.0
80.0
80.0
80.0
80.0
80.0
80.0
80.0
80.0
80.0
80.0
80.0
80.0
80.0
80.0
80.0
80.0
80.0
80.0
80.0
80.0
80.0
80.0
80.0
80.0
80.0
80.0
80.0
80.0
80.0
80.0
80.0
80.0
80.0
80.0
80.0
80.0
80.0
80.0
80.0
80.0
80.0
80.0
80.0
80.0
80.0
80.0
80.0
80.0
80.0
80.0
80.0
80.0
80.0
80.0
80.0
80.0
80.0
80.0
80.0
80.0
80.0
80.0
80.0
80.0
80.0
80.0
80.0
80.0
80.0
80.0
80.0
80.0
80.0
80.0
80.0
80.0
80.0
80.0
80.0
80.0
80.0
80.0
80.0
80.0
80.0
80.0
80.0
80.0
80.0
80.0
80.0
80.0
80.0
80.0
80.0
80.0
80.0
80.0
80.0
80.0
80.0
80.0
80.0
80.0
80.0
80.0
80.0
80.0
80.0
80.0
80.0
80.0
80.0
80.0
80.0
80.0
80.0
80.0
80.0
80.0
80.0
80.0
80.0
80.0
80.0
80.0
80.0
80.0
80.0


Results for SA:
Training time: 0.057 seconds.
Optimal instance found after 0.050326016 seconds.
Final optimal solution found: 80.0
