-i 1000 -algo sa -opt -problem cp -alpha .85 
Iterations: 1000
Optimization expirement
Problem set to: cp
Cooling alpha: 0.85

Training SA
69.0
69.0
69.0
69.0
69.0
69.0
69.0
69.0
69.0
9.0
68.0
68.0
68.0
68.0
11.0
11.0
11.0
11.0
11.0
71.0
71.0
71.0
71.0
71.0
71.0
71.0
72.0
72.0
72.0
72.0
72.0
72.0
72.0
72.0
72.0
72.0
71.0
71.0
71.0
71.0
72.0
72.0
72.0
72.0
72.0
72.0
70.0
72.0
72.0
72.0
72.0
72.0
72.0
71.0
70.0
70.0
70.0
70.0
70.0
71.0
71.0
72.0
72.0
72.0
72.0
72.0
72.0
70.0
70.0
70.0
69.0
69.0
72.0
72.0
71.0
73.0
70.0
70.0
69.0
69.0
69.0
68.0
68.0
68.0
70.0
70.0
70.0
71.0
70.0
70.0
71.0
71.0
71.0
72.0
68.0
68.0
68.0
68.0
68.0
68.0
68.0
68.0
68.0
68.0
68.0
68.0
72.0
69.0
70.0
70.0
71.0
71.0
71.0
71.0
71.0
71.0
71.0
71.0
71.0
72.0
72.0
72.0
72.0
74.0
73.0
73.0
73.0
71.0
71.0
71.0
71.0
71.0
71.0
71.0
71.0
71.0
71.0
71.0
71.0
71.0
71.0
71.0
71.0
71.0
71.0
72.0
71.0
71.0
71.0
71.0
71.0
71.0
71.0
71.0
71.0
71.0
71.0
71.0
71.0
69.0
69.0
69.0
69.0
70.0
70.0
70.0
70.0
70.0
70.0
71.0
71.0
71.0
72.0
72.0
72.0
72.0
72.0
72.0
72.0
72.0
72.0
72.0
72.0
72.0
72.0
73.0
73.0
73.0
73.0
73.0
73.0
73.0
73.0
73.0
73.0
73.0
73.0
73.0
73.0
73.0
73.0
73.0
73.0
73.0
73.0
73.0
73.0
73.0
73.0
73.0
73.0
73.0
73.0
73.0
73.0
73.0
73.0
73.0
73.0
74.0
74.0
74.0
74.0
75.0
75.0
75.0
76.0
76.0
76.0
76.0
76.0
76.0
76.0
76.0
76.0
76.0
76.0
76.0
76.0
77.0
77.0
77.0
77.0
77.0
77.0
77.0
77.0
77.0
77.0
77.0
77.0
77.0
77.0
77.0
77.0
77.0
77.0
77.0
77.0
77.0
77.0
77.0
77.0
77.0
77.0
77.0
77.0
77.0
77.0
77.0
77.0
77.0
77.0
77.0
77.0
77.0
77.0
77.0
77.0
77.0
77.0
77.0
77.0
77.0
77.0
78.0
78.0
78.0
78.0
78.0
78.0
78.0
78.0
78.0
78.0
78.0
78.0
78.0
78.0
78.0
78.0
78.0
78.0
78.0
78.0
78.0
78.0
78.0
78.0
78.0
78.0
78.0
78.0
78.0
78.0
78.0
78.0
78.0
78.0
78.0
78.0
78.0
79.0
79.0
79.0
79.0
79.0
79.0
79.0
79.0
79.0
79.0
79.0
79.0
79.0
79.0
79.0
79.0
79.0
79.0
79.0
79.0
79.0
79.0
79.0
79.0
79.0
79.0
79.0
79.0
79.0
79.0
79.0
79.0
79.0
79.0
79.0
79.0
79.0
79.0
79.0
79.0
79.0
79.0
79.0
79.0
79.0
79.0
79.0
79.0
79.0
79.0
79.0
79.0
79.0
79.0
79.0
79.0
79.0
79.0
79.0
79.0
79.0
79.0
79.0
79.0
79.0
79.0
79.0
79.0
79.0
79.0
79.0
79.0
79.0
79.0
79.0
79.0
79.0
79.0
79.0
79.0
79.0
79.0
79.0
79.0
79.0
79.0
79.0
79.0
79.0
79.0
79.0
79.0
79.0
79.0
79.0
79.0
79.0
79.0
79.0
79.0
79.0
79.0
79.0
79.0
79.0
79.0
79.0
79.0
79.0
79.0
79.0
79.0
79.0
79.0
79.0
79.0
79.0
79.0
79.0
79.0
79.0
79.0
79.0
79.0
79.0
79.0
79.0
79.0
79.0
79.0
79.0
79.0
79.0
79.0
79.0
79.0
79.0
79.0
79.0
79.0
79.0
79.0
79.0
79.0
79.0
79.0
79.0
79.0
79.0
79.0
79.0
79.0
79.0
79.0
79.0
79.0
79.0
79.0
79.0
79.0
79.0
79.0
79.0
79.0
79.0
79.0
79.0
79.0
79.0
79.0
79.0
79.0
79.0
79.0
79.0
79.0
79.0
79.0
79.0
79.0
79.0
79.0
79.0
79.0
79.0
79.0
79.0
79.0
79.0
79.0
79.0
79.0
79.0
79.0
79.0
79.0
79.0
79.0
79.0
79.0
79.0
79.0
79.0
79.0
79.0
79.0
79.0
79.0
79.0
79.0
79.0
79.0
79.0
79.0
79.0
79.0
79.0
79.0
79.0
79.0
79.0
79.0
79.0
79.0
79.0
79.0
79.0
79.0
79.0
79.0
79.0
79.0
79.0
79.0
79.0
79.0
79.0
79.0
79.0
79.0
79.0
79.0
79.0
79.0
79.0
79.0
79.0
79.0
79.0
79.0
79.0
79.0
79.0
79.0
79.0
79.0
79.0
79.0
79.0
79.0
79.0
79.0
79.0
79.0
79.0
79.0
79.0
79.0
79.0
79.0
79.0
79.0
79.0
79.0
79.0
79.0
79.0
79.0
79.0
79.0
79.0
79.0
79.0
79.0
79.0
79.0
80.0
81.0
81.0
81.0
81.0
81.0
81.0
81.0
81.0
81.0
81.0
81.0
81.0
81.0
81.0
81.0
81.0
81.0
81.0
81.0
81.0
81.0
81.0
81.0
81.0
81.0
81.0
81.0
81.0
81.0
81.0
81.0
81.0
81.0
81.0
81.0
81.0
81.0
81.0
81.0
81.0
81.0
81.0
81.0
81.0
81.0
81.0
81.0
81.0
81.0
81.0
81.0
81.0
81.0
81.0
81.0
81.0
81.0
81.0
81.0
81.0
81.0
81.0
81.0
81.0
81.0
81.0
81.0
82.0
82.0
82.0
82.0
83.0
83.0
83.0
83.0
83.0
83.0
83.0
83.0
83.0
83.0
83.0
83.0
83.0
83.0
83.0
83.0
83.0
83.0
83.0
83.0
83.0
83.0
83.0
83.0
83.0
83.0
83.0
83.0
83.0
83.0
83.0
83.0
83.0
83.0
83.0
83.0
83.0
83.0
83.0
83.0
83.0
83.0
83.0
89.0
89.0
89.0
89.0
89.0
89.0
89.0
89.0
89.0
89.0
89.0
89.0
89.0
89.0
89.0
89.0
89.0
89.0
89.0
89.0
89.0
89.0
89.0
89.0
89.0
89.0
89.0
89.0
89.0
89.0
89.0
89.0
89.0
90.0
90.0
90.0
90.0
90.0
90.0
90.0
90.0
90.0
90.0
90.0
90.0
90.0
90.0
90.0
90.0
90.0
90.0
90.0
90.0
90.0
90.0
90.0
90.0
90.0
92.0
92.0
92.0
92.0
92.0
92.0
92.0
92.0
92.0
92.0
92.0
92.0
92.0
92.0
92.0
92.0
92.0
92.0
92.0
92.0
92.0
92.0
92.0
92.0
92.0
92.0
92.0
92.0
92.0
92.0
92.0
92.0
92.0
92.0
92.0
92.0
92.0
92.0
92.0
92.0
92.0
92.0
92.0
92.0
92.0
92.0
92.0
92.0
92.0
92.0
92.0
92.0
92.0
92.0
92.0
92.0
92.0
92.0
92.0
92.0
92.0
92.0
92.0
92.0
92.0
92.0
92.0
92.0
92.0
92.0
92.0
92.0
92.0
92.0
92.0
92.0
92.0
92.0
92.0
92.0
92.0
92.0
92.0
92.0
92.0
92.0
92.0
92.0
92.0
92.0
92.0
92.0
92.0
92.0
92.0
92.0
92.0
92.0
92.0
92.0
92.0
92.0
92.0
92.0
92.0
92.0
92.0
92.0
92.0
92.0
92.0
92.0
92.0
92.0
92.0
92.0
92.0
92.0
92.0
92.0
92.0
92.0
92.0
92.0
92.0
92.0
92.0
92.0
92.0
92.0
92.0
92.0
92.0
92.0
92.0
92.0
92.0
92.0
92.0
92.0
92.0
92.0
92.0
92.0
92.0
94.0
94.0
94.0
94.0
94.0
94.0
94.0
94.0
94.0
94.0
94.0
94.0
94.0
94.0
94.0
94.0
94.0
94.0
94.0
94.0
94.0
94.0
94.0
94.0
94.0
94.0
94.0
94.0
94.0
94.0
94.0
94.0
94.0
94.0
94.0
94.0
94.0
94.0
94.0
94.0
94.0
94.0
94.0
94.0
94.0
94.0
94.0
94.0
94.0
94.0
94.0
94.0
94.0
94.0
94.0
94.0
94.0
94.0
94.0
94.0
94.0
94.0
94.0
94.0
94.0
94.0
94.0
94.0
94.0
94.0
94.0
94.0
94.0
94.0


Results for SA:
Training time: 0.064 seconds.
Optimal instance found after 0.059218176 seconds.
Final optimal solution found: 94.0
