-i 1000 -algo sa -opt -problem cp -alpha .05 
Iterations: 1000
Optimization expirement
Problem set to: cp
Cooling alpha: 0.05

Training SA
70.0
69.0
68.0
10.0
10.0
9.0
9.0
11.0
11.0
11.0
11.0
11.0
12.0
12.0
12.0
12.0
12.0
12.0
12.0
12.0
12.0
12.0
12.0
12.0
72.0
72.0
72.0
74.0
74.0
74.0
74.0
74.0
74.0
74.0
74.0
74.0
74.0
74.0
74.0
74.0
74.0
74.0
74.0
74.0
74.0
74.0
74.0
74.0
74.0
74.0
74.0
74.0
74.0
74.0
74.0
74.0
74.0
74.0
74.0
74.0
74.0
74.0
74.0
74.0
74.0
74.0
74.0
74.0
74.0
74.0
74.0
74.0
74.0
74.0
74.0
74.0
74.0
74.0
74.0
74.0
74.0
74.0
74.0
74.0
74.0
74.0
74.0
74.0
74.0
74.0
74.0
74.0
74.0
74.0
74.0
74.0
74.0
74.0
74.0
74.0
74.0
74.0
74.0
74.0
74.0
74.0
74.0
74.0
74.0
74.0
74.0
74.0
74.0
74.0
74.0
74.0
74.0
74.0
74.0
74.0
74.0
74.0
74.0
74.0
74.0
74.0
74.0
74.0
74.0
74.0
74.0
74.0
74.0
74.0
74.0
74.0
74.0
74.0
74.0
77.0
77.0
77.0
77.0
77.0
77.0
77.0
77.0
77.0
77.0
77.0
77.0
77.0
77.0
77.0
77.0
77.0
80.0
80.0
80.0
80.0
80.0
80.0
80.0
80.0
80.0
80.0
80.0
80.0
80.0
80.0
80.0
80.0
80.0
80.0
80.0
80.0
80.0
80.0
80.0
80.0
80.0
80.0
80.0
80.0
80.0
80.0
80.0
80.0
80.0
80.0
80.0
80.0
80.0
80.0
80.0
80.0
80.0
80.0
80.0
80.0
80.0
80.0
80.0
80.0
80.0
81.0
81.0
81.0
81.0
81.0
81.0
81.0
86.0
86.0
86.0
86.0
86.0
86.0
86.0
86.0
86.0
86.0
86.0
86.0
86.0
86.0
86.0
86.0
86.0
86.0
86.0
86.0
86.0
86.0
86.0
87.0
87.0
87.0
87.0
87.0
87.0
87.0
87.0
87.0
87.0
87.0
87.0
87.0
87.0
87.0
87.0
87.0
87.0
87.0
87.0
87.0
87.0
87.0
87.0
87.0
87.0
87.0
87.0
87.0
87.0
87.0
87.0
87.0
87.0
87.0
87.0
87.0
87.0
87.0
87.0
87.0
87.0
87.0
87.0
87.0
87.0
87.0
87.0
87.0
87.0
87.0
87.0
87.0
87.0
87.0
87.0
87.0
87.0
87.0
87.0
87.0
87.0
87.0
87.0
87.0
87.0
87.0
87.0
87.0
87.0
87.0
87.0
87.0
87.0
87.0
87.0
87.0
87.0
87.0
87.0
87.0
87.0
87.0
87.0
87.0
87.0
87.0
87.0
87.0
87.0
87.0
87.0
87.0
87.0
87.0
87.0
87.0
87.0
87.0
87.0
87.0
87.0
87.0
87.0
87.0
87.0
87.0
87.0
87.0
87.0
87.0
87.0
87.0
87.0
87.0
87.0
87.0
87.0
87.0
87.0
87.0
87.0
87.0
87.0
87.0
87.0
87.0
87.0
87.0
87.0
87.0
87.0
87.0
87.0
87.0
87.0
87.0
87.0
87.0
87.0
87.0
87.0
87.0
87.0
87.0
87.0
87.0
87.0
87.0
87.0
87.0
87.0
87.0
87.0
87.0
87.0
87.0
87.0
87.0
87.0
87.0
87.0
87.0
87.0
87.0
87.0
87.0
87.0
87.0
87.0
87.0
87.0
87.0
87.0
87.0
87.0
87.0
87.0
87.0
87.0
87.0
87.0
87.0
87.0
87.0
87.0
87.0
87.0
87.0
87.0
87.0
87.0
87.0
87.0
87.0
87.0
87.0
87.0
87.0
87.0
87.0
87.0
87.0
87.0
87.0
87.0
87.0
87.0
87.0
87.0
87.0
87.0
87.0
87.0
87.0
87.0
87.0
87.0
87.0
87.0
87.0
87.0
87.0
87.0
87.0
87.0
87.0
87.0
87.0
87.0
87.0
87.0
87.0
87.0
87.0
87.0
87.0
87.0
87.0
87.0
87.0
87.0
87.0
87.0
87.0
87.0
87.0
87.0
87.0
87.0
87.0
87.0
87.0
87.0
87.0
87.0
87.0
87.0
87.0
87.0
87.0
87.0
87.0
87.0
87.0
87.0
87.0
87.0
87.0
87.0
87.0
87.0
87.0
87.0
87.0
87.0
87.0
87.0
87.0
87.0
87.0
87.0
87.0
87.0
87.0
87.0
87.0
87.0
87.0
87.0
87.0
87.0
87.0
87.0
87.0
87.0
87.0
87.0
87.0
87.0
87.0
87.0
87.0
87.0
87.0
87.0
87.0
87.0
87.0
88.0
88.0
88.0
88.0
88.0
88.0
88.0
88.0
88.0
88.0
88.0
88.0
88.0
88.0
88.0
88.0
88.0
88.0
88.0
88.0
88.0
88.0
88.0
88.0
88.0
88.0
88.0
88.0
88.0
88.0
88.0
88.0
88.0
88.0
88.0
88.0
88.0
88.0
88.0
88.0
88.0
88.0
88.0
88.0
88.0
88.0
88.0
88.0
88.0
88.0
88.0
88.0
88.0
88.0
88.0
88.0
88.0
88.0
88.0
88.0
88.0
88.0
88.0
88.0
88.0
88.0
88.0
88.0
88.0
88.0
88.0
88.0
88.0
88.0
88.0
88.0
88.0
88.0
88.0
88.0
88.0
88.0
88.0
88.0
88.0
88.0
88.0
88.0
88.0
88.0
88.0
88.0
88.0
88.0
88.0
88.0
88.0
88.0
88.0
88.0
88.0
88.0
88.0
88.0
88.0
88.0
88.0
88.0
88.0
88.0
88.0
88.0
88.0
88.0
88.0
88.0
88.0
88.0
88.0
88.0
88.0
88.0
88.0
88.0
88.0
88.0
88.0
88.0
88.0
88.0
88.0
88.0
88.0
88.0
88.0
88.0
88.0
88.0
88.0
88.0
88.0
88.0
88.0
88.0
88.0
88.0
88.0
88.0
88.0
88.0
88.0
88.0
88.0
88.0
88.0
88.0
88.0
88.0
88.0
88.0
88.0
88.0
88.0
88.0
88.0
88.0
88.0
88.0
88.0
88.0
88.0
88.0
88.0
88.0
88.0
88.0
88.0
88.0
88.0
88.0
88.0
88.0
88.0
88.0
88.0
88.0
88.0
88.0
88.0
88.0
88.0
88.0
88.0
88.0
88.0
88.0
88.0
88.0
88.0
88.0
88.0
88.0
88.0
88.0
88.0
88.0
88.0
88.0
88.0
88.0
88.0
88.0
88.0
88.0
88.0
88.0
88.0
88.0
88.0
88.0
88.0
88.0
88.0
88.0
88.0
88.0
88.0
88.0
88.0
88.0
88.0
88.0
88.0
88.0
88.0
88.0
88.0
88.0
88.0
88.0
88.0
88.0
88.0
88.0
88.0
88.0
88.0
88.0
88.0
88.0
88.0
88.0
88.0
88.0
88.0
88.0
88.0
88.0
88.0
88.0
88.0
88.0
88.0
88.0
88.0
88.0
88.0
88.0
88.0
88.0
88.0
88.0
88.0
88.0
88.0
88.0
88.0
88.0
88.0
88.0
88.0
88.0
88.0
88.0
88.0
88.0
88.0
88.0
88.0
88.0
88.0
88.0
88.0
88.0
88.0
88.0
88.0
88.0
88.0
88.0
88.0
88.0
88.0
88.0
88.0
88.0
88.0
88.0
88.0
88.0
88.0
88.0
88.0
88.0
88.0
88.0
88.0
88.0
88.0
88.0
88.0
88.0
88.0
88.0
88.0
88.0
88.0
88.0
88.0
88.0
88.0
88.0
88.0
88.0
88.0
88.0
88.0
88.0
88.0
88.0
88.0
88.0
88.0
88.0
88.0
88.0
88.0
88.0
88.0
88.0
88.0
88.0
88.0
88.0
88.0
88.0
88.0
88.0
88.0
88.0
88.0
88.0
88.0
88.0
88.0
88.0
88.0
88.0
88.0
88.0
88.0
88.0
89.0
89.0
89.0
89.0
89.0
89.0
89.0
89.0
89.0
89.0
89.0
89.0
89.0
89.0
89.0
89.0
89.0
89.0
89.0
89.0
89.0
89.0
89.0
89.0
89.0
89.0
89.0
89.0
89.0
89.0
89.0
89.0
89.0
89.0
89.0
89.0
89.0
89.0
89.0
89.0
89.0
89.0
89.0
89.0
89.0
89.0
89.0
89.0
90.0
90.0
90.0
90.0
90.0
90.0
90.0
90.0
90.0
90.0
90.0
90.0
90.0
90.0
90.0
90.0
90.0
90.0
90.0
90.0
90.0
90.0
90.0
90.0
90.0
90.0
90.0
90.0
90.0
90.0
90.0
90.0
90.0
90.0
90.0
90.0


Results for SA:
Training time: 0.064 seconds.
Optimal instance found after 0.062159872 seconds.
Final optimal solution found: 90.0
