-i 1000 -algo sa -opt -problem cp -alpha .99 
Iterations: 1000
Optimization expirement
Problem set to: cp
Cooling alpha: 0.99

Training SA
70.0
70.0
68.0
68.0
68.0
70.0
70.0
70.0
70.0
73.0
73.0
70.0
74.0
73.0
69.0
69.0
69.0
73.0
73.0
73.0
69.0
70.0
73.0
70.0
73.0
73.0
73.0
73.0
70.0
69.0
69.0
69.0
69.0
70.0
70.0
70.0
69.0
73.0
70.0
69.0
69.0
69.0
69.0
69.0
69.0
75.0
75.0
70.0
71.0
71.0
72.0
72.0
77.0
77.0
77.0
77.0
77.0
77.0
68.0
68.0
74.0
73.0
74.0
74.0
74.0
74.0
74.0
74.0
72.0
71.0
70.0
70.0
70.0
68.0
70.0
69.0
70.0
70.0
70.0
70.0
70.0
69.0
69.0
70.0
70.0
70.0
70.0
73.0
72.0
73.0
69.0
68.0
71.0
71.0
71.0
71.0
72.0
72.0
72.0
73.0
73.0
73.0
73.0
73.0
73.0
73.0
73.0
73.0
73.0
70.0
70.0
70.0
70.0
70.0
70.0
70.0
70.0
70.0
70.0
70.0
70.0
70.0
72.0
74.0
74.0
74.0
70.0
74.0
74.0
70.0
74.0
74.0
74.0
71.0
71.0
70.0
71.0
70.0
70.0
69.0
69.0
69.0
69.0
69.0
69.0
70.0
71.0
71.0
71.0
71.0
70.0
70.0
70.0
70.0
70.0
73.0
72.0
72.0
72.0
70.0
70.0
70.0
70.0
70.0
70.0
70.0
70.0
70.0
69.0
69.0
69.0
69.0
69.0
69.0
69.0
69.0
69.0
68.0
69.0
69.0
68.0
68.0
68.0
68.0
68.0
70.0
70.0
70.0
70.0
70.0
69.0
68.0
68.0
72.0
72.0
72.0
70.0
70.0
70.0
70.0
69.0
69.0
69.0
70.0
70.0
70.0
70.0
70.0
70.0
70.0
71.0
71.0
71.0
71.0
71.0
71.0
71.0
71.0
71.0
70.0
70.0
70.0
70.0
70.0
70.0
70.0
70.0
71.0
70.0
70.0
72.0
73.0
73.0
73.0
73.0
73.0
73.0
73.0
73.0
72.0
72.0
73.0
73.0
73.0
72.0
72.0
72.0
72.0
72.0
72.0
69.0
69.0
69.0
69.0
69.0
69.0
70.0
70.0
71.0
71.0
71.0
71.0
72.0
73.0
73.0
71.0
71.0
71.0
76.0
76.0
77.0
77.0
77.0
76.0
77.0
75.0
72.0
73.0
71.0
71.0
73.0
70.0
70.0
70.0
70.0
70.0
70.0
70.0
71.0
71.0
71.0
71.0
71.0
71.0
71.0
71.0
71.0
71.0
71.0
70.0
70.0
70.0
70.0
70.0
72.0
72.0
70.0
70.0
70.0
69.0
71.0
71.0
71.0
71.0
70.0
70.0
72.0
72.0
72.0
72.0
72.0
72.0
71.0
71.0
72.0
72.0
72.0
10.0
10.0
10.0
10.0
69.0
69.0
69.0
69.0
69.0
9.0
9.0
69.0
69.0
69.0
69.0
70.0
69.0
69.0
67.0
69.0
69.0
69.0
69.0
69.0
69.0
67.0
69.0
70.0
70.0
68.0
8.0
8.0
8.0
67.0
67.0
72.0
72.0
67.0
67.0
67.0
67.0
67.0
67.0
67.0
67.0
67.0
68.0
68.0
72.0
72.0
70.0
70.0
71.0
71.0
69.0
71.0
71.0
72.0
72.0
73.0
74.0
74.0
73.0
73.0
73.0
73.0
73.0
73.0
73.0
69.0
69.0
69.0
69.0
73.0
73.0
68.0
68.0
68.0
68.0
69.0
69.0
69.0
69.0
69.0
70.0
70.0
70.0
71.0
70.0
69.0
69.0
69.0
69.0
69.0
69.0
69.0
69.0
69.0
69.0
69.0
69.0
69.0
69.0
70.0
70.0
70.0
69.0
70.0
71.0
71.0
71.0
71.0
69.0
70.0
70.0
10.0
10.0
10.0
10.0
10.0
70.0
70.0
70.0
70.0
71.0
71.0
71.0
71.0
10.0
69.0
69.0
70.0
10.0
10.0
10.0
70.0
10.0
11.0
11.0
12.0
12.0
12.0
12.0
71.0
11.0
11.0
11.0
11.0
70.0
11.0
11.0
73.0
14.0
14.0
14.0
14.0
14.0
14.0
14.0
14.0
13.0
13.0
13.0
72.0
72.0
72.0
11.0
11.0
71.0
71.0
71.0
71.0
71.0
71.0
71.0
70.0
70.0
69.0
70.0
69.0
69.0
69.0
69.0
69.0
69.0
69.0
72.0
72.0
70.0
70.0
70.0
70.0
72.0
71.0
71.0
71.0
71.0
72.0
72.0
72.0
69.0
69.0
71.0
71.0
70.0
72.0
71.0
72.0
74.0
74.0
74.0
75.0
75.0
75.0
76.0
76.0
75.0
76.0
76.0
76.0
76.0
73.0
73.0
73.0
73.0
69.0
69.0
70.0
70.0
69.0
69.0
69.0
69.0
69.0
71.0
69.0
70.0
70.0
70.0
70.0
71.0
71.0
70.0
70.0
70.0
70.0
70.0
70.0
70.0
70.0
70.0
70.0
69.0
70.0
10.0
10.0
10.0
10.0
10.0
10.0
10.0
10.0
10.0
70.0
10.0
10.0
10.0
70.0
70.0
70.0
15.0
15.0
15.0
76.0
16.0
16.0
71.0
71.0
71.0
71.0
11.0
12.0
70.0
70.0
70.0
70.0
70.0
70.0
72.0
72.0
72.0
72.0
72.0
72.0
71.0
71.0
71.0
73.0
73.0
70.0
73.0
74.0
74.0
74.0
74.0
74.0
74.0
74.0
74.0
74.0
74.0
73.0
73.0
73.0
72.0
72.0
72.0
77.0
76.0
76.0
76.0
76.0
76.0
76.0
77.0
76.0
76.0
76.0
76.0
70.0
70.0
70.0
70.0
70.0
70.0
70.0
70.0
70.0
71.0
72.0
72.0
72.0
72.0
71.0
71.0
71.0
71.0
71.0
71.0
70.0
70.0
70.0
70.0
70.0
71.0
71.0
71.0
71.0
71.0
71.0
10.0
10.0
71.0
10.0
10.0
10.0
10.0
71.0
71.0
70.0
70.0
71.0
71.0
71.0
70.0
70.0
70.0
70.0
71.0
71.0
71.0
71.0
71.0
71.0
71.0
71.0
71.0
71.0
71.0
71.0
70.0
70.0
70.0
70.0
70.0
70.0
69.0
69.0
69.0
70.0
70.0
70.0
69.0
69.0
69.0
70.0
70.0
70.0
70.0
69.0
69.0
69.0
69.0
69.0
69.0
69.0
71.0
71.0
71.0
71.0
71.0
71.0
71.0
71.0
71.0
71.0
10.0
11.0
11.0
11.0
11.0
71.0
71.0
71.0
11.0
11.0
70.0
70.0
70.0
12.0
12.0
12.0
12.0
12.0
12.0
12.0
72.0
13.0
13.0
13.0
13.0
73.0
13.0
13.0
74.0
15.0
15.0
15.0
15.0
15.0
15.0
74.0
12.0
11.0
11.0
11.0
12.0
12.0
13.0
69.0
69.0
76.0
76.0
76.0
76.0
76.0
76.0
12.0
12.0
76.0
74.0
74.0
74.0
70.0
70.0
70.0
70.0
70.0
69.0
69.0
69.0
70.0
70.0
69.0
69.0
8.0
8.0
8.0
69.0
69.0
69.0
70.0
70.0
70.0
70.0
70.0
69.0
69.0
69.0
69.0
69.0
69.0
70.0
70.0
70.0
69.0
69.0
70.0
70.0
70.0
70.0
70.0
70.0
70.0
70.0
69.0
69.0
69.0
69.0
69.0
69.0
70.0
70.0
10.0
10.0
9.0
9.0
10.0
70.0
72.0
71.0
11.0
11.0
11.0
10.0
10.0
10.0
10.0
10.0
10.0
10.0
10.0
10.0
10.0
10.0
10.0
11.0
11.0
10.0
70.0
68.0
68.0
68.0
71.0
71.0
71.0
8.0
8.0
71.0
71.0
71.0
69.0
69.0
69.0
69.0
69.0
69.0
69.0
69.0
70.0
70.0
10.0
9.0
12.0
73.0
73.0
71.0
71.0
71.0
70.0
71.0
73.0
73.0
73.0
73.0
73.0
73.0
69.0
69.0
69.0
69.0
69.0
69.0
69.0
69.0
70.0
69.0
69.0
69.0
69.0
70.0
70.0
70.0
70.0
70.0
72.0
72.0
70.0
70.0
71.0
70.0
70.0
70.0
70.0
73.0
73.0
68.0
70.0
70.0
70.0
69.0
69.0
73.0
74.0
74.0
74.0
74.0
74.0
71.0
71.0
71.0
70.0
70.0
70.0
69.0
69.0
69.0
69.0
70.0
70.0
70.0
70.0
70.0
70.0
70.0
70.0
70.0
71.0
71.0
71.0
71.0
71.0
69.0
69.0
70.0
71.0
71.0
71.0
72.0
72.0
73.0
73.0
71.0


Results for SA:
Training time: 0.054 seconds.
Optimal instance found after 0.002908928 seconds.
Final optimal solution found: 77.0
