-i 1000 -opt -problem tsp 
Iterations: 1000
Optimization expirement
Problem set to: tsp

Training SA
0.0363044074462738
0.03563631110572305
0.03518595668417712
0.03668119244966989
0.03800120782256398
0.03800120782256398
0.037976538480784555
0.037070294513795725
0.03686449376394872
0.03726362517192939
0.03723109785979437
0.03718583608661026
0.0370329635584974
0.03625148078488901
0.034818472753364284
0.0355779440664824
0.0355779440664824
0.03591836500280291
0.036353369687904334
0.03664740622575838
0.037792974604162574
0.03783345546079825
0.03759590212982295
0.03765374082264966
0.0365626592804731
0.036689798163307905
0.036387039552999094
0.03724351492719366
0.03908134015876746
0.039700792366951225
0.039111297880026485
0.038183713395488705
0.03938131354085064
0.04126701076503829
0.038653953218694796
0.038534821476708635
0.03856027848407599
0.03859163171310255
0.03676026555619826
0.03737353615500458
0.03657259525265125
0.036491881104043625
0.03619033606698881
0.03584046199589642
0.035340978186287175
0.035618280733160104
0.0345304804810338
0.03352687761761159
0.03477335735803599
0.034228634706415205
0.03512658758822934
0.035424769342226305
0.03525047067622411
0.035015357760058985
0.03490386397122532
0.03543129505791711
0.03556820578076139
0.035448553575323824
0.036517489268326216
0.036517489268326216
0.03643257038223918
0.03600641729696505
0.03705253282071815
0.03608271930926132
0.037032604284022566
0.0364379449632018
0.03865095246788512
0.037905015486323364
0.035215373504438985
0.034459309183101965
0.034077932833568955
0.03409897158939669
0.03356371633622383
0.03419217575357998
0.03350375703118425
0.034456986791376085
0.03431685733307242
0.035944559058470577
0.036686199000920086
0.03657519604824823
0.03643495624866624
0.0364991530678418
0.0364991530678418
0.03557834182704717
0.03458464339834121
0.03601310210535324
0.03577337349143854
0.03631092290409166
0.036755971754956866
0.03737589991316503
0.038305251980456624
0.03833306340772084
0.035575994668611964
0.03655875690345985
0.03614694461856126
0.036148141917748754
0.03652925896651555
0.03626109253149336
0.037994452916461946
0.038030775547794576
0.03615161967737843
0.03707331319256339
0.037004012724000786
0.037322484899919794
0.03755684267327223
0.03755684267327223
0.037587695719130586
0.037707432772802786
0.036970519059445234
0.036037345137690815
0.03604820948070476
0.036727206505928006
0.03636025605071726
0.036679530294376865
0.036835163080349044
0.03691885499721373
0.037390912372086735
0.0386844952821199
0.039687009531971594
0.04083905909088943
0.03973040366068806
0.03819770139053694
0.037829996634154185
0.03748230939769715
0.03784325398154385
0.03865241030028725
0.03784354210032089
0.03792417523877365
0.03877624771237668
0.03841243502853444
0.03885238267385408
0.03885238267385408
0.0384906342403584
0.03863659241560064
0.03832160524085378
0.038447786393220315
0.0369499646206134
0.03799470682960606
0.035803531514326206
0.03529447252008775
0.036764762192472746
0.03767376340466651
0.04000906355496866
0.040703368047871474
0.04019684181694999
0.04027323179279995
0.040532606238465184
0.04006886635744662
0.04005434351537663
0.04040031070464674
0.04072138405267714
0.040958605437169573
0.041541884338763164
0.04133239887479479
0.04091133955720345
0.04136164903333841
0.041225293500838645
0.04141201068002171
0.04111524484269169
0.03870520892328147
0.03843601606178311
0.037142364539566555
0.03818889767656458
0.03903615072777136
0.03816788646413201
0.03810641571302832
0.03791948791547156
0.038088410672869305
0.038353722816412375
0.038353722816412375
0.03952880813922593
0.039297625886469435
0.038326627412836635
0.039153335872494
0.0391551056861287
0.037579426704511254
0.03706031476537247
0.03715512523831056
0.03723455958223711
0.03728537943449939
0.035528809103883466
0.03553163592865172
0.036813439750587734
0.03625340199162508
0.03613733651032002
0.03580162324894186
0.0356100476369982
0.033580887895365355
0.03373677748362699
0.034868809668890305
0.03479949222074345
0.033944397714400436
0.034066596598578615
0.0333160080796242
0.03471510797579411
0.033499705624516006
0.03353647295237792
0.033176954666111064
0.03263537209372486
0.03263913212128206
0.034045810490035404
0.03406912111045421
0.03405386220230594
0.034062822332955704
0.034284792588078844
0.03536029004537529
0.03642556450206403
0.036541095644144324
0.03592896018904228
0.03509794273379414
0.03569348197233245
0.035818163946808465
0.03514060864284074
0.03535551105327846
0.034834360627573106
0.0349649417479964
0.0347206186331727
0.03453159580776312
0.03601127208276434
0.035402749364481706
0.03642781163586846
0.0359673956634487
0.03584769338286164
0.0336847134995722
0.03364634173814589
0.03334893017059405
0.03353738998680329
0.0340754797013815
0.03522425191367331
0.03565301667189673
0.035569067511847394
0.034376228525280925
0.03519038955788519
0.03694853390749559
0.03702109804546759
0.03665043210361827
0.03888919131564626
0.03888919131564626
0.03897808057419905
0.03842918666518728
0.038052356094445704
0.03836371653083338
0.04090336790332085
0.04171011389828931
0.04010646713369396
0.03750533553875972
0.037739080425591875
0.037574446559469774
0.03839413525091787
0.03749481939765444
0.03679370040030438
0.03698465316352938
0.038151684926869336
0.03812563284347533
0.03808552706539197
0.03808552706539197
0.037529693774541385
0.03786362058860132
0.037349368151185745
0.03665715137144548
0.036718855763698766
0.03644140186290478
0.03610594199397422
0.035278256050578306
0.036200193454312274
0.037401138794186856
0.03795249805721576
0.037293996324140294
0.03912034668377274
0.0386290049598536
0.038945375439948665
0.039565438277739756
0.039037545746184704
0.04014815978926931
0.04009270107279135
0.040014938340984185
0.03979913648250459
0.040078213187449724
0.03971312115668131
0.040784851964340674
0.040860776682689635
0.04030052026887738
0.040631088388704314
0.03974331729921193
0.03835381791628055
0.03923687069424157
0.03809856198667337
0.0382509870531457
0.039224847378302674
0.03828503494120882
0.03880054937615367
0.03948370540102634
0.04086670763793304
0.03926695536056732
0.03991386156629365
0.03994907462812303
0.03942402386712768
0.04039939678868198
0.040158286812285886
0.04007959880358948
0.040640842478601856
0.039926638663099805
0.04107109166196345
0.041948905253475895
0.04225227038976928
0.04354836983310589
0.04097150825375559
0.04082377061153113
0.040776374810026536
0.041543297294115905
0.04197942884608016
0.04161476293699556
0.042583540770091625
0.04219871417083119
0.03997120861870177
0.04069801384132211
0.039799139311303
0.03883931784287733
0.03959095772526706
0.0391298754664991
0.03836141479329029
0.04016279050091666
0.03937133602403483
0.03960979039781821
0.04136063936257929
0.04118542461482434
0.040551466452787635
0.04019426892235204
0.03868527381803394
0.04135995061218217
0.040955352889387314
0.04062932786807001
0.03932949057075298
0.0402231153381863
0.04032058097257209
0.04035393604112865
0.0407081493533555
0.043333353439344
0.04297934277792893
0.04308150958548691
0.043981282665776666
0.04506630908802462
0.04163924701836519
0.04187068792330184
0.040387961630362956
0.03982409326219807
0.03991732892140298
0.038673056636513825
0.03761939628017742
0.03748909202342532
0.03748909202342532
0.037470462423103715
0.037700705942302716
0.03835080713274868
0.03799166324442611
0.0362115888643384
0.03569450427745877
0.03643229738288145
0.035998919484877254
0.035960121751895044
0.03600488495881971
0.03517040016159914
0.03649899203118496
0.035567159376944144
0.0380854541086172
0.03904017538969692
0.03924246233934189
0.04007099826008146
0.039312893223610014
0.039238853642266466
0.03858927729637665
0.038501689999055476
0.03850009906773545
0.038010942303806944
0.03740122499777604
0.0372134363430248
0.035671125781155714
0.03567393293398031
0.03554707752385972
0.03422980246228921
0.03423262832217929
0.03353665085365827
0.033457065987907784
0.033860070405434456
0.03353788576142586
0.033510973006756685
0.03357107143868723
0.032142018032620234
0.0327096480193636
0.0331390015119998
0.033202264773537174
0.033111232421417586
0.03333676224462257
0.03330868306798329
0.032467032718972014
0.032117418350756356
0.03197748494874625
0.031147258373558057
0.031203026910108424
0.031391874973105305
0.03127338651093125
0.030897068861981847
0.031048822052346037
0.03261276415009786
0.03248741521970683
0.0333042532224344
0.03383571973250563
0.034180189076064627
0.03286453735054867
0.03286109887337361
0.033303277158992964
0.033647363686767594
0.033943595791072374
0.034592240851215775
0.03505018620564905
0.03525476466436305
0.035475193738268934
0.03542054365103355
0.03541405932005328
0.034887662106684425
0.03550958754274157
0.035613301997510415
0.0354249441367139
0.03683190886581715
0.036429067670814386
0.03601968647662273
0.035339866957136805
0.03492221166525763
0.03451099531340673
0.03502325956305607
0.033905571113851875
0.03380021744498532
0.0336715126895796
0.03381682997550766
0.03428990124469264
0.034157439772206276
0.03451467035133742
0.03474712880571807
0.03444466955633991
0.03444173172167724
0.03405789437591442
0.03429564865160291
0.036702248763866
0.038072899421976905
0.0379297154899592
0.03841804245375151
0.03757446021090393
0.037755618304368514
0.04105939220692195
0.041604145792966375
0.03838433725103784
0.03837174096103923
0.03805221525910616
0.037700338381586054
0.03753164327267241
0.03497939451462595
0.034247826510454986
0.03419519533779267
0.03444167987518522
0.03485674540273278
0.03445885876431834
0.035778871301915136
0.0350969592868378
0.03604696201609672
0.03582485035524971
0.035490704423229213
0.03783731552368403
0.038428476284532075
0.039421891082544444
0.03875143939079003
0.03865680841412119
0.038815133212331966
0.03788267091203543
0.037962096832352854
0.03797130335480716
0.03830139303439347
0.037302755423484914
0.03721189066700569
0.037192584115695655
0.036985437929176974
0.03701495874626757
0.03700621008102062
0.0373416267637399
0.03779742637979236
0.03783900365878225
0.03977898493845734
0.03905056936878005
0.03977263149039621
0.0399616169267019
0.04005609105966095
0.03962403169969575
0.04071769849903862
0.03902456157491432
0.038643898457559174
0.04127000696836651
0.04086000925468235
0.03872664172015952
0.038422878656125994
0.03614012285302829
0.03567774117593731
0.03567774117593731
0.03548026828302701
0.03539030002702307
0.037255955355609875
0.0373233947222989
0.037698496469040235
0.0392828130385491
0.03880022074661229
0.0380389755104824
0.0419465399963139
0.039596351080929494
0.038563714429184416
0.03793148104977802
0.038710122241058305
0.03942444364357692
0.03941745804603766
0.03810450419920987
0.038667301614666166
0.0390118835008571
0.0388882054911858
0.03860658792409901
0.03843029967172135
0.03881849677917122
0.03839448678617791
0.0385785535027139
0.038714386711146846
0.03666953219857937
0.03683000273413473
0.0363077184562919
0.03597337606496147
0.0360803722333654
0.0360803722333654
0.03461197853034156
0.03364019240355211
0.033479440611421815
0.03505615474008441
0.03471205957893195
0.0346592529370769
0.03484132961352314
0.03404421282003179
0.03442468789123527
0.034841420535213594
0.034320636654587205
0.033366516439260294
0.0351986723262591
0.03517664605193392
0.0358685637431465
0.036237491692622054
0.036809096696803295
0.03588114428431103
0.03585681107936993
0.03587165365484207
0.03646330229497554
0.036480332096756767
0.03651167171119286
0.036878465600050245
0.03527957808025523
0.035725888291438336
0.035928059751910484
0.03548021796720573
0.03558288325850983
0.03578650038874018
0.0356637871358821
0.03428353439684423
0.033584465904559935
0.033745384778421816
0.03357447089996655
0.03373066524782108
0.03462064034318277
0.034510945510782084
0.033734494962706765
0.033734494962706765
0.033925623886580755
0.035185552755096966
0.03463071197021817
0.03438281555630847
0.035026274597494605
0.03477730973889928
0.0352710642974394
0.03502303131989728
0.03493642335587311
0.03513578867322099
0.03428428229701903
0.034314297572857595
0.037018199448493626
0.03665566568161046
0.03544614867963383
0.035567004413047894
0.03490490551072714
0.036109366649609
0.03554774093818456
0.03571302430068571
0.03595240607235252
0.03614893352749344
0.03614893352749344
0.037168460331482786
0.037154120443484054
0.037694187347010924
0.03816036757655583
0.03792578582146805
0.04006682943579819
0.03985048905984865
0.04136303187335191
0.039201262078572184
0.04035160694402367
0.04047981717958122
0.04035785876030572
0.04119482555267934
0.0404422430659086
0.03807597715541185
0.038851892743313125
0.039027690217077325
0.039748053653150955
0.04094052604722045
0.042441476695921666
0.041678277742353144
0.039255604807114285
0.03967424457370678
0.03938664775595875
0.039074742816622
0.04090314210425077
0.04065354593723221
0.040017888998336415
0.03993090421662568
0.04160104146403191
0.043269776300600846
0.041682177028236275
0.043835283943461506
0.043713362458189194
0.04273886016023854
0.042299091739466096
0.042329754928151817
0.04061341214343679
0.040730679370461244
0.04021518261848416
0.040610170722890596
0.040254848913004966
0.03885934193936485
0.03872423718216003
0.03849546026115538
0.03886658738227386
0.03959174463487268
0.03829635937829205
0.038554220481852856
0.039161586591550036
0.03943653202020077
0.039883992744460674
0.040284208105927664
0.04057023963892962
0.04129379181893662
0.04016721380590256
0.03872530741310732
0.03784831417730192
0.039426133562695774
0.039419260884194084
0.04009485304143503
0.04004763461503675
0.04073519666202582
0.04073519666202582
0.03860659307737589
0.037767079111165586
0.038641632931917885
0.039799040078194924
0.03929031350645065
0.03929031350645065
0.03991613740244345
0.0386767584209273
0.0386767584209273
0.03910834548776561
0.03910834548776561
0.03769312227563466
0.03765226644085835
0.03765226644085835
0.03765226644085835
0.0396928326538318
0.0396928326538318
0.039337327228836746
0.039666471260750985
0.039666471260750985
0.039666471260750985
0.039666471260750985
0.04096927792683444
0.04096927792683444
0.0405406346088757
0.0405406346088757
0.0405406346088757
0.04111324798483525
0.04240621289886746
0.04240621289886746
0.04240081696993617
0.04216771515575906
0.04253006188142392
0.04253006188142392
0.04253006188142392
0.04253006188142392
0.042611709697038674
0.042611709697038674
0.042893204602742936
0.042893204602742936
0.04284054176004091
0.04284054176004091
0.04284054176004091
0.04284054176004091
0.04285499000523903
0.04285499000523903
0.04285499000523903
0.04285499000523903
0.04462762875622838
0.04477951956420695
0.04477951956420695
0.04477951956420695
0.04477951956420695
0.04477951956420695
0.04491186378708297
0.04532663865617196
0.04532663865617196
0.04532663865617196
0.047550236592555806
0.04762163544568502
0.04762163544568502
0.049186005066856574
0.049186005066856574
0.049186005066856574
0.049186005066856574
0.049186005066856574
0.048942758069343645
0.04896553022309193
0.04896553022309193
0.04896553022309193
0.04896553022309193
0.04896553022309193
0.04992048303981296
0.04992048303981296
0.04992048303981296
0.051592386872795735
0.051592386872795735
0.051592386872795735
0.051592386872795735
0.051592386872795735
0.051592386872795735
0.052811192615955
0.05462312140089448
0.054833734360327
0.054833734360327
0.055151893874441874
0.055151893874441874
0.055151893874441874
0.055151893874441874
0.055151893874441874
0.055151893874441874
0.05520879770679415
0.05648027971103038
0.0566349800584778
0.0566349800584778
0.0566349800584778
0.056953851694576535
0.056953851694576535
0.056953851694576535
0.057187369911771306
0.057187369911771306
0.057187369911771306
0.05887980346533793
0.05887980346533793
0.05887980346533793
0.05887980346533793
0.05887980346533793
0.05933592567074383
0.05933592567074383
0.05933592567074383
0.05933592567074383
0.05933592567074383
0.05933592567074383
0.05933592567074383
0.05933592567074383
0.060530102507824396
0.060530102507824396
0.060530102507824396
0.060530102507824396
0.060530102507824396
0.060530102507824396
0.060530102507824396
0.06110224236165908
0.06110224236165908
0.06110224236165908
0.06110224236165908
0.06258085088220613
0.06347175949007328
0.06347175949007328
0.06347175949007328
0.06356702129365674
0.06356702129365674
0.06356702129365674
0.06356702129365674
0.06356702129365674
0.06356702129365674
0.06356702129365674
0.06356702129365674
0.06356702129365674
0.06356702129365674
0.06356702129365674
0.06356702129365674
0.06356702129365674
0.06356702129365674
0.06356702129365674
0.06356702129365674
0.06356702129365674
0.0636857891499864
0.0636857891499864
0.0636857891499864
0.0636857891499864
0.0636857891499864
0.0636857891499864
0.0636857891499864
0.0636857891499864
0.0636857891499864
0.0636857891499864
0.0636857891499864
0.0636857891499864
0.0636857891499864
0.0636857891499864
0.0636857891499864
0.0642388956856359
0.0642388956856359
0.0642388956856359
0.0642388956856359
0.0642388956856359
0.06641040080959025
0.06641040080959025
0.06641040080959025
0.06641040080959025
0.06641040080959025
0.06641040080959025
0.06641040080959025
0.06641040080959025
0.06641040080959025
0.06641040080959025
0.06731295007001831
0.06731295007001831
0.06731295007001831
0.06731295007001831
0.06731295007001831
0.06731295007001831
0.06731295007001831
0.06731295007001831
0.06731295007001831
0.06731295007001831
0.06731295007001831
0.06731295007001831
0.06731295007001831
0.06731295007001831
0.06731295007001831
0.06731295007001831
0.06731295007001831
0.06731295007001831
0.06731295007001831
0.06731295007001831
0.06731295007001831
0.06731295007001831
0.06731295007001831
0.06731295007001831
0.06731295007001831
0.06731295007001831
0.06731295007001831
0.06731295007001831
0.06731295007001831
0.06731295007001831
0.06731295007001831
0.06731295007001831
0.06731295007001831
0.06731295007001831
0.06731295007001831
0.06731295007001831
0.06731295007001831
0.06731295007001831
0.06731295007001831
0.06731295007001831
0.06731295007001831
0.06731295007001831
0.06731295007001831
0.06731295007001831
0.06731295007001831
0.06731295007001831
0.06731295007001831
0.06731295007001831
0.06731295007001831
0.06731295007001831
0.06731295007001831
0.06731295007001831
0.06731295007001831
0.06731295007001831
0.06731295007001831
0.06731295007001831
0.06731295007001831
0.0674228205607252
0.0674228205607252
0.0674228205607252
0.0674228205607252
0.0674228205607252
0.0674228205607252
0.0674228205607252
0.0674228205607252
0.06790644051568452
0.06790644051568452
0.06790644051568452
0.06790644051568452
0.06790644051568452
0.06790644051568452
0.06790644051568452
0.06790644051568452
0.06790644051568452
0.06790644051568452
0.06790644051568452
0.06790644051568452
0.06790644051568452
0.06793913167814777
0.06793913167814777
0.06793913167814777
0.06793913167814777
0.06793913167814777
0.06793913167814777
0.06793913167814777
0.06793913167814777
0.06793913167814777
0.06793913167814777
0.06793913167814777
0.06793913167814777
0.06793913167814777
0.06793913167814777
0.06793913167814777
0.06793913167814777
0.06793913167814777
0.06793913167814777
0.0694494217700412
0.06956597866765853
0.06956597866765853
0.07019360270992576
0.07019360270992576
0.0706186397555213
0.0706186397555213
0.0706186397555213
0.0706186397555213
0.0706186397555213
0.0706186397555213
0.0706186397555213
0.0706186397555213
0.0706186397555213
0.0706186397555213
0.0706186397555213
0.0706186397555213
0.0706186397555213
0.0706186397555213
0.0706186397555213
0.0706186397555213
0.0706186397555213
0.07066733533923909
0.07066733533923909
0.07066733533923909
0.07066733533923909
0.07066733533923909
0.07066733533923909
0.07066733533923909
0.07066733533923909
0.07066733533923909
0.07066733533923909
0.07073688899875034
0.07073688899875034
0.07073688899875034
0.07073688899875034
0.07073688899875034
0.07073688899875034
0.07073688899875034
0.0730081055267289
0.07452736201128432
0.07452736201128432
0.07452736201128432
0.07452736201128432
0.07452736201128432
0.07452736201128432
0.07477462616606742
0.07477462616606742
0.07477462616606742
0.0760375948114472
0.0760375948114472
0.0760375948114472
0.0760375948114472
0.0760375948114472
0.0760375948114472
0.0760375948114472
0.0760375948114472
0.0760375948114472
0.0760375948114472
0.0760375948114472
0.0760375948114472
0.0760375948114472
0.0760375948114472
0.0760375948114472
0.0760375948114472
0.0760375948114472
0.07646735320521392
0.07646735320521392

Training GA
0.0473925616056797
0.05916921481856081
0.05737038659783598
0.0638001620403108
0.06579822391782325
0.07407174493049315
0.07648055617984827
0.0843526784525423
0.08806880921004012
0.08806880921004012
0.08038437649545246
0.08676612716132615
0.08614272704930162
0.08756550381337348
0.08719763427269786
0.0882752595413328
0.09140437112916529
0.09571146285492742
0.09972039214666238
0.09883100534768516
0.10190195403195519
0.10354499838041809
0.10901087848832036
0.10901087848832036
0.10310565009312374
0.11074035184371568
0.1092295029614956
0.11476489638164852
0.11199223759843417
0.11311519047585901
0.11738880671631712
0.11738880671631712
0.13662568556995286
0.13662568556995286
0.14411895478769757
0.13662568556995286
0.1496158701551409
0.14809390880995787
0.1378973736133955
0.14487459444711315
0.14515074679483378
0.14486326193754892
0.14486326193754892
0.14953665973048558
0.15015358048800648
0.15591581822751283
0.15015358048800648
0.15015358048800648
0.15015358048800648
0.15015358048800648
0.15015358048800648
0.15015358048800648
0.15015358048800648
0.15015358048800648
0.15015358048800648
0.15015358048800648
0.15015358048800648
0.15015358048800648
0.14165574199408212
0.1477729551347415
0.1477729551347415
0.1477729551347415
0.1477729551347415
0.1477729551347415
0.1477729551347415
0.147936074488499
0.147936074488499
0.14811527261529442
0.1481152726152944
0.1481152726152944
0.1477729551347415
0.1477729551347415
0.1477729551347415
0.147936074488499
0.14811527261529442
0.1477729551347415
0.1477729551347415
0.1477729551347415
0.1477729551347415
0.1477729551347415
0.1477729551347415
0.14811527261529442
0.14811527261529442
0.1477729551347415
0.1477729551347415
0.1477729551347415
0.1477729551347415
0.1477729551347415
0.1477729551347415
0.1477729551347415
0.1477729551347415
0.1477729551347415
0.1477729551347415
0.1435998523890932
0.1435998523890932
0.1435998523890932
0.1435998523890932
0.14381606361726032
0.14381606361726032
0.1394815714636308
0.1394815714636308
0.13993513094622437
0.1394815714636308
0.13948157146363077
0.13967958523656349
0.14171254733622987
0.13546405507706435
0.1418022444009285
0.1418022444009285
0.14180224440092845
0.14180224440092845
0.1385894300278156
0.13611794282199557
0.1385450492728118
0.1385450492728118
0.1385450492728118
0.1385450492728118
0.13406683688078813
0.1363667845580835
0.1430512934545624
0.1430512934545624
0.13366706594322958
0.13885404998740092
0.13866524792060125
0.1357931125602935
0.1343282177721481
0.13711721914961508
0.13711721914961508
0.1428784813585213
0.14439943126439456
0.13711721914961508
0.13711721914961508
0.14754521633082818
0.14754521633082818
0.14754521633082818
0.14754521633082818
0.14754521633082818
0.14811527261529442
0.14754521633082818
0.13626011551904213
0.14281665320627365
0.14281665320627365
0.10084786066918851
0.13385788387493833
0.13652387948502073
0.13343091451262334
0.13809886094939827
0.1371968628996042
0.1371968628996042
0.1371968628996042
0.13455513307538386
0.13897508941307102
0.1164454597469621
0.1164454597469621
0.1164454597469621
0.14239898071517773
0.14239898071517773
0.14239898071517773
0.13318814788197017
0.13725767149267948
0.13725767149267948
0.13485977801097265
0.13497283332850818
0.13222816759825132
0.13298700886767667
0.13369473360493203
0.13633260632155353
0.13898058505585784
0.13499706469785241
0.13499706469785241
0.13979484274119153
0.13499706469785244
0.1321676698048019
0.1378712039130341
0.13787120391303412
0.1405295303518574
0.13844888939354993
0.13844888939354993
0.1332091041378209
0.13487136375370218
0.1379880167353261
0.1379880167353261
0.10549908104358244
0.1380276284456372
0.1380276284456372
0.1380276284456372
0.13805545149942527
0.143191000773099
0.143191000773099
0.143191000773099
0.13620321227609228
0.13620321227609228
0.13667316818719605
0.13667316818719605
0.13667316818719608
0.13842706926479662
0.13842706926479662
0.13842706926479662
0.13740254634417234
0.13740254634417234
0.1387655908481301
0.13575224078656048
0.13783269384662522
0.13783269384662522
0.1352515382699461
0.1352515382699461
0.1352515382699461
0.14046399155093345
0.14046399155093345
0.14046399155093345
0.14046399155093345
0.14046399155093345
0.14046399155093345
0.14046399155093345
0.13200812428927886
0.13565078392199434
0.13565078392199434
0.13926711283085544
0.13015736318310128
0.13193974552562274
0.13222098473093372
0.13222098473093372
0.13653760920883767
0.13653760920883767
0.13268148961100112
0.13268148961100112
0.13268148961100112
0.13771347057780634
0.13843048575296404
0.12397322065648213
0.12397322065648213
0.12397322065648213
0.13687302733845721
0.13687302733845721
0.13705129826366477
0.1358412532166188
0.1358412532166188
0.1358412532166188
0.1330939485798395
0.13644025429989518
0.13309394857983947
0.13247227121308863
0.13846339193251558
0.13846339193251558
0.13846339193251558
0.13244807171959902
0.1385307005553031
0.13591505426994852
0.13949779526889672
0.14017631266344524
0.14017631266344524
0.1401763126634453
0.1401763126634453
0.14345303636085485
0.14345303636085485
0.14345303636085485
0.1385307005553031
0.1344777385546779
0.13575237621771166
0.13575237621771166
0.13462937196666375
0.13519184596240658
0.13519184596240658
0.13519184596240658
0.14398577744138621
0.14398577744138624
0.14536540069918227
0.14536540069918227
0.14398577744138621
0.14398577744138621
0.14398577744138621
0.14398577744138621
0.14398577744138621
0.14398577744138621
0.14398577744138621
0.14227685586424862
0.14227685586424862
0.14227685586424862
0.14227685586424862
0.14227685586424862
0.14227685586424862
0.13723652528946745
0.13917005104164853
0.13723652528946745
0.13723652528946745
0.1417994927998879
0.0955396781090336
0.13441204248624353
0.1381521008651013
0.13915602164746943
0.14604108007289301
0.14210773015366887
0.13915602164746943
0.13915602164746943
0.1381521008651013
0.1381521008651013
0.13626784078662305
0.12404313046350755
0.13889061106528786
0.13889061106528786
0.1383853434305082
0.13919633490232614
0.13919633490232616
0.13335396764029792
0.1357743924593709
0.14398577744138621
0.13407479304220876
0.13407479304220876
0.14260421068608303
0.13346827032078803
0.1340135809652069
0.1439419729204752
0.1340135809652069
0.1331087084915727
0.1331087084915727
0.13538847461705664
0.1366077755575429
0.13761965180574642
0.13761965180574642
0.13992655580773003
0.13992655580773003
0.13992655580773003
0.13501612081975928
0.13639847307714562
0.1353459627421795
0.13547805556338338
0.13661267418844553
0.13661267418844553
0.14084079464463803
0.14084079464463803
0.13850662479750528
0.13850662479750528
0.13850662479750528
0.1373971017281937
0.1373971017281937
0.13585543581653664
0.13585543581653664
0.1358554358165366
0.13585543581653664
0.13585543581653664
0.13822836311223538
0.13822836311223538
0.13822836311223538
0.1350068895475263
0.1372296082323784
0.1372296082323784
0.14158804394510885
0.13485977801097265
0.13736289016299064
0.13608447688634373
0.1372296082323784
0.1372296082323784
0.13908874235829977
0.13731371841444232
0.09970550633362646
0.13790131102913733
0.136000991265644
0.13790131102913736
0.13689794220123472
0.14005053515938373
0.14005053515938373
0.136000991265644
0.1377246482279374
0.13854477029148196
0.13854477029148196
0.13854477029148196
0.13854477029148196
0.13398755814283622
0.13546728371818623
0.13546728371818623
0.13216766980480185
0.13077874379179305
0.08709456259287846
0.13317772049522822
0.13696465941399572
0.13799252009475987
0.13799252009475987
0.1359575150023728
0.1456953126487162
0.1456953126487162
0.1456953126487162
0.1456953126487162
0.1456953126487162
0.14536540069918225
0.14185605612187285
0.14335337808046583
0.14335337808046583
0.14335337808046583
0.14335337808046583
0.14335337808046583
0.14335337808046583
0.13608506142392068
0.13715884983500923
0.14012816366605244
0.14012816366605244
0.1425118184857863
0.1425118184857863
0.1425118184857863
0.1425118184857863
0.14134575950109626
0.14040107659977483
0.13555418297337485
0.1413476969784436
0.14079502639734895
0.14079502639734895
0.1446998458658425
0.14079502639734895
0.10688239332381051
0.13997598216662654
0.13997598216662654
0.13864828271609198
0.13864828271609198
0.13990151303872225
0.13990151303872225
0.13990151303872225
0.13990151303872225
0.14386295273852845
0.14386295273852845
0.14386295273852845
0.13959210265033584
0.1397948427411915
0.13800724668459305
0.13800724668459305
0.13910327158843577
0.13945041673743114
0.13945041673743117
0.13945041673743114
0.13945041673743117
0.13945041673743117
0.13945041673743117
0.13945041673743117
0.13945041673743117
0.13813007529752472
0.13813007529752472
0.13813007529752472
0.111260061280324
0.13604734043231198
0.14151697017361273
0.13887330797278719
0.13887330797278719
0.13887330797278716
0.08016482997563353
0.13604734043231198
0.1363315042572805
0.1363315042572805
0.13604734043231198
0.13604734043231198
0.1407043635207626
0.13879169683406117
0.13246423735525006
0.136679009457938
0.136679009457938
0.1404864197615516
0.1424363298735996
0.1424363298735996
0.13769861419473547
0.1360412106327422
0.1360412106327422
0.1360412106327422
0.1360412106327422
0.1401763126634453
0.1401763126634453
0.1401763126634453
0.1401763126634453
0.13712565616147956
0.1360412106327422
0.1360412106327422
0.13473843725953313
0.13473843725953313
0.13377815546912822
0.13891799281753417
0.13891799281753417
0.13891799281753417
0.13891799281753417
0.1401763126634453
0.1401763126634453
0.1359783774544508
0.1359783774544508
0.13749642412505975
0.13790131102913733
0.13790131102913733
0.13713046438871565
0.13713046438871565
0.13713046438871565
0.14244816634116736
0.13733264393151415
0.13733264393151412
0.13568567553054472
0.1328874736463583
0.13672383194761045
0.1349794230890532
0.13497942308905317
0.10348760336305807
0.13468397172194693
0.13646160437058394
0.1364783345583264
0.13585801616475782
0.13434942516816042
0.13275066792361906
0.13263155694452092
0.14201150535942855
0.13913727516340374
0.13913727516340374
0.13913727516340374
0.13469655452013027
0.13801946914863858
0.1324479483952965
0.13635089504250214
0.13635089504250214
0.13635089504250214
0.11706040491440682
0.13858530015523582
0.13630686636838862
0.13630686636838862
0.1022520464294332
0.1441738575215075
0.13727401913248846
0.09985233354324861
0.1372968152171852
0.1372968152171852
0.09816358709039044
0.13473426889658993
0.14201150535942858
0.14201150535942858
0.10746498134020675
0.13925826360976315
0.13925826360976315
0.13951873630591624
0.13951873630591624
0.09664312740697988
0.1410722882011527
0.1410722882011527
0.14287848135852133
0.14171254733622987
0.14171254733622987
0.14171254733622987
0.14171254733622984
0.14171254733622984
0.14171254733622987
0.14171254733622987
0.14171254733622984
0.14171254733622987
0.10545498588585672
0.10545498588585672
0.1411573676717923
0.14463315170751315
0.14463315170751315
0.13962283893680474
0.13962283893680474
0.13962283893680472
0.13962283893680472
0.1337790322917798
0.13463817667463496
0.13190179613125236
0.1377287529028919
0.1383093441275382
0.1383093441275382
0.13669704427243207
0.13669704427243204
0.14040107659977483
0.14040107659977483
0.14040107659977483
0.14040107659977483
0.1404010765997748
0.13455583859566497
0.13455583859566497
0.13457438396077803
0.13619232125680647
0.1367236054659106
0.13354800725758506
0.13813937037584656
0.13813937037584656
0.13307895089097171
0.13868794832092196
0.13868794832092196
0.13868794832092196
0.13868794832092196
0.1441738575215075
0.1441738575215075
0.14152491657355704
0.13529539367697227
0.13441910051262404
0.13441910051262404
0.13441910051262404
0.1379889683549313
0.12418186920941889
0.13639086375934348
0.13639086375934348
0.13639086375934348
0.136790230365384
0.13610012892993534
0.13698596861399734
0.13610012892993534
0.13610012892993534
0.13610012892993534
0.14536540069918222
0.14536540069918222
0.14536540069918222
0.14536540069918222
0.14536540069918222
0.11120446869166851
0.14302177462386406
0.14302177462386406
0.14302177462386406
0.1373112463634301
0.13341721696618838
0.13527062138365012
0.13341721696618838
0.1395595095839724
0.13417448799570517
0.13818677075970434
0.13818677075970434
0.13818677075970434
0.11026059189068868
0.11026059189068868
0.11026059189068868
0.11026059189068868
0.13562433765604892
0.13562433765604892
0.13562433765604892
0.13647598848393797
0.13647598848393797
0.13647598848393797
0.13512357069023379
0.13647970607826196
0.13647970607826196
0.13647970607826196
0.14017963741821524
0.14017963741821524
0.13747175528271685
0.1363475385367471
0.13889626995429372
0.13712092672899237
0.13697805963908014
0.13767024285176016
0.13767024285176016
0.09980823860259498
0.09980823860259498
0.09980823860259498
0.09980823860259498
0.1353765036165826
0.13547366999556756
0.13218409198612188
0.1342961788054252
0.13440759477014652
0.1317940744640231
0.13844982421098637
0.13844982421098637
0.13844982421098637
0.14136290006232438
0.13562433765604892
0.13549451873221913
0.13397877528742927
0.13397877528742927
0.1344797337663682
0.13792965158983522
0.13393681897810972
0.13393681897810972
0.13572364280375393
0.13393681897810972
0.13393681897810972
0.1409846893876237
0.1380369120054949
0.1354547945405501
0.1354547945405501
0.1354547945405501
0.13403375143191604
0.13965526932032704
0.13965526932032704
0.13965526932032704
0.13965526932032704
0.13965526932032704
0.13965526932032704
0.13965526932032704
0.13965526932032704
0.13965526932032704
0.11113180144177764
0.11113180144177764
0.14135969366676449
0.11113180144177764
0.11113180144177764
0.11113180144177764
0.11113180144177764
0.13429617880542521
0.13811088682972583
0.13811088682972583
0.13887330797278713
0.13811088682972583
0.13811088682972583
0.13314768443115155
0.13278006982292886
0.13247187749982878
0.131688222098617
0.13533834164393682
0.1363904050829996
0.13533834164393682
0.13578887579807536
0.13578887579807536
0.13578887579807536
0.1437364228900828
0.1437364228900828
0.1437364228900828
0.1437364228900828
0.1412715416714004
0.13797781420540486
0.13813830758191983
0.13813830758191983
0.13813830758191983
0.13487058424344295
0.13487058424344295
0.13070856171005985
0.1340565569226993
0.1340565569226993
0.1340565569226993
0.13419720556273984
0.13419720556273984
0.13141988262366192
0.1329694724135586
0.13368585319324316
0.13368585319324316
0.1341195754780454
0.1352930011525766
0.13387772421325023
0.1341874845767001
0.13387772421325023
0.13591676532002311
0.13387772421325023
0.13648608459028244
0.13648608459028244
0.13648608459028244
0.1321880751690553
0.13238801093334437
0.13553179280015773
0.13504820299202322
0.1345743839607781
0.13280717458659413
0.13478650116942548
0.1367244335518968
0.1371564484614492
0.1371564484614492
0.13486295558396294
0.13486295558396294
0.13832062710184467
0.14076281020690112
0.13866639711911155
0.13866639711911155
0.13866639711911155
0.13866639711911155
0.13866639711911155
0.13866639711911155
0.13899599694972622
0.13770135109076012
0.13746164764722182
0.1362326699240006
0.13358406902006167
0.1383853434305082
0.13327159037299077
0.133433373814108
0.1365712057774699
0.1365712057774699
0.1328290330575984
0.137942945438994
0.13477225933163986
0.13477225933163986
0.13477225933163986
0.13477225933163986
0.13294289325342837
0.13294289325342837
0.13294289325342837
0.1335458802351249
0.1363156492994749
0.13979484274119153
0.13979484274119153
0.14281720252355504
0.14281720252355504
0.1363156492994749
0.1363156492994749
0.14132121438931383
0.1363156492994749
0.13697223957442162
0.14755427424772144
0.13953729600604825
0.13953729600604825
0.14028705365833222
0.13532845598076165
0.134951229571421
0.13644878658480328
0.1385307005553031
0.1385307005553031
0.13526679542415165
0.13526679542415165
0.13526679542415163
0.13647598848393794
0.13647598848393794
0.09971283220465564
0.13388624682583997
0.13702983878099043
0.13414631859493573
0.13414631859493573
0.13381851522587637
0.13725001695523462
0.13486173847898444
0.13302726613224072
0.13692057254335244
0.13380118675038474
0.13889299305486455
0.1401763126634453
0.1401763126634453
0.1401763126634453
0.1401763126634453
0.13910721337402687
0.13910721337402687
0.14129668119168395
0.14129668119168395
0.14392768332278408
0.14392768332278408
0.13569075489092824
0.13577439245937092
0.13818422993336407
0.13860017417416193
0.13860017417416193
0.14198931722039843
0.13781226604691638
0.132783883268767
0.14368794242534041
0.14368794242534041
0.13951486769723084
0.1373196088936068
0.13812870083837636
0.1373196088936068
0.1373196088936068
0.1373196088936068
0.10039841585272076
0.13239488680178077
0.13445136020428297
0.13498275498784712
0.13498275498784712
0.13432881246948916
0.13329483539457965
0.13770650343939397
0.1369949303833276
0.14198931722039843
0.1332234141911368
0.13397538003976564
0.13166466507330774
0.1340824227099559
0.13392620322832402
0.13286689732580625
0.14260421068608303
0.13842383880488354
0.13842383880488351
0.13842383880488351
0.13842383880488351
0.13842383880488351
0.13533607596566158
0.13444446009048805
0.13444446009048805
0.13476576329366682
0.1360412106327422
0.1360412106327422
0.1360412106327422
0.1360412106327422
0.1367960583959074
0.13854601741589284
0.1410042465628404
0.13843944807426564
0.14124423714861045
0.14124423714861045
0.14124423714861045
0.14124423714861045
0.13740254634417234
0.13206741442603814
0.134573623860348
0.13465184248325107
0.14004724788953082
0.14004724788953082
0.14004724788953082
0.14004724788953082
0.145745796883102
0.13636249917624432
0.13636249917624435
0.12481228007820147
0.12481228007820147
0.13435386204079222
0.13435386204079222
0.13445590300904378
0.13572090052785646
0.13572090052785646
0.13819217492306368
0.14172090324366204
0.13767929189812056
0.13460102981014863
0.13781567219233318
0.13781567219233318
0.1379889683549313
0.13799203738795476
0.13799203738795476
0.13918833162946126
0.13541645466071756
0.13758287278548276
0.13431095025616777
0.13431095025616777
0.1349208703945736
0.1349208703945736
0.14170577762280206
0.14170577762280206
0.14170577762280206
0.14170577762280206
0.14170577762280206
0.10304308985229611
0.13877288509006908
0.13877288509006908
0.14281665320627365
0.14281665320627365
0.14281665320627365
0.14281665320627365
0.14281665320627365
0.14281665320627365
0.14281665320627365
0.14281665320627365
0.14281665320627365
0.1377287529028919
0.13840928890834012
0.13840928890834012
0.13840928890834012
0.13629795666392544
0.13629795666392544
0.13290776807852006
0.13290776807852006
0.1333413286516089
0.13313764210141726
0.1433619286131242
0.1433619286131242
0.13570457574260947
0.1344659997935107
0.13533921682311298
0.1345124233620337
0.1345124233620337
0.13542659089441822
0.13542659089441822
0.13616545234466854
0.13461572289749926
0.13406624812439583
0.1360473497666891
0.1333582579802768
0.1333582579802768
0.14034245478744792
0.14034245478744792
0.14034245478744792
0.1353503220166158
0.13341149951669684
0.13341149951669684
0.1383295442965628
0.1383295442965628
0.13649632582878218
0.1393154779255009
0.1393154779255009
0.14059002869016776
0.1350482029920232
0.13362525516758658
0.13556985605883476
0.13794736587699247
0.13656056220452062
0.13780094966829787
0.13556985605883476
0.13556985605883476
0.14056486215688174
0.13953729600604825
0.13953729600604825
0.13953729600604825
0.13953729600604825
0.14536540069918222
0.14536540069918222
0.14536540069918222
0.14536540069918222
0.14536540069918227
0.14439075652816008
0.14439075652816008
0.14439075652816008
0.14439075652816008
0.13652785015898836
0.13761965180574642
0.13761965180574642
0.13907917191898292
0.13188254702034613
0.14775893476187651
0.14775893476187651
0.14764810921021723
0.14764810921021723
0.14764810921021723
0.1425791162045404
0.1425791162045404
0.10068608937029219
0.13585450711705427
0.1358545071170542
0.1358545071170542
0.1364969465354241
0.13447503569994737
0.1397076774239814
0.14685203508509906

Training MIMIC
0.04655833114691726
0.04579532376990999
0.04681553993922866
0.056315649140486757
0.055487320228118434
0.05569322271151658
0.054023545828596246
0.06137217225593917
0.058410414704760945
0.05725728812550336
0.060619287339777346
0.05902058756585857
0.06203260675360062
0.06174509632708623
0.06326574068710328
0.05725878468912409
0.058436689887882226
0.06229453459031093
0.06286904772456398
0.059547540101258525
0.06146457292529238
0.06374712460632496
0.05867263291930741
0.06068074278831005
0.062304158689089915
0.05822145247590769
0.059320986867840673
0.06069832983554172
0.05891088208166816
0.06025408666369327
0.06387645852433868
0.06087816337240978
0.0635477341943937
0.06166130008219032
0.06078884476595567
0.05946984587250158
0.061260848460100326
0.06146405649393541
0.05816967032692526
0.06282912428079554
0.06222906161042098
0.05744985897915546
0.0648525571421841
0.06389941079935373
0.06648398695628259
0.062415235990155554
0.06262397494737276
0.06321990259657002
0.06531548058766903
0.06318822633151856
0.059532030493281485
0.06259943007241749
0.06308130858067185
0.0672324647304577
0.06765197263423015
0.06397960348512013
0.06838173949458284
0.06472117636563678
0.07217754472189278
0.06224963775144512
0.06411349416737926
0.0638060021591321
0.062091801229942706
0.06435802117668232
0.06502652763119422
0.06705665846721934
0.06777993057935666
0.06427249893926375
0.06410362131735031
0.06563211741300898
0.06163839085403848
0.06620991505988805
0.06616253973616663
0.06437890363934373
0.06978022229556079
0.06622690082050306
0.06330959195380768
0.06264055688982773
0.06506384738629602
0.07295992226788207
0.06674325251741037
0.06652495994607659
0.07124620013962682
0.06520333386332294
0.06678935882304501
0.06681896006899393
0.07141444239907598
0.06730856235941376
0.07000566408790546
0.06949251513151258
0.0683038921966416
0.06717446436884048
0.07531177940716675
0.0753465390947962
0.07443698703783043
0.0702729393742796
0.06860132149382148
0.0755669389405107
0.0768473505985428
0.07252763023065699
0.06703460510753406
0.07043591578950753
0.07648865328156977
0.0753588525203499
0.07718286509688761
0.07659275769367209
0.07411245402493981
0.07777731501091895
0.07373909637871501
0.07196246616486064
0.07578333707247294
0.07140753527817896
0.0702932367707311
0.07543341683526521
0.07339261893751442
0.07500164630928242
0.0728585522361287
0.07535026416646032
0.07639878972400012
0.07524659034739739
0.07772221981140187
0.07805185486439976
0.07732782123983321
0.07271530385985489
0.0769449120926051
0.07878281594696677
0.07507204638346114
0.07217310893503485
0.07834408856062888
0.07380818839933194
0.0758452330816865
0.07675920436458654
0.07714770214769054
0.07069183168242918
0.07931359702945805
0.07503110647524895
0.07528587714543389
0.08109359246782163
0.07957529233379071
0.08072675383625494
0.07644482430129382
0.07781834360220115
0.07451625391768221
0.0782498307207619
0.07329438441896423
0.08085339784090756
0.07556350096176784
0.07669491558736706
0.07962833876079091
0.07204549084133534
0.07546516133373213
0.07993268077254764
0.08025196954593562
0.0745336141737989
0.07218709721991627
0.0800505365451686
0.08065780005242518
0.07966556505900284
0.07896391152047368
0.07674826556216609
0.07746632034384736
0.07311220798253965
0.07528336531866817
0.0849834879515163
0.07894682242349307
0.07942534577296685
0.08091955452099175
0.08388799478013656
0.07575814050236661
0.07447900779180515
0.08070355199305573
0.08296556137851306
0.08396694259371935
0.08253576604279665
0.08037619172776002
0.08177757875758673
0.0833438432594009
0.07963121885288296
0.07827315301373827
0.0769659185351148
0.07996402478985627
0.07959677374474672
0.0802974418269249
0.07989553571961344
0.08053089349705905
0.08003678379929144
0.08197828144926993
0.07837753063954296
0.07936689483026896
0.08128244748033707
0.08084279253386599
0.07694165789157871
0.0851819533077552
0.07875469074058421
0.08270218676100909
0.08041858627839339
0.0827117081171686
0.0840689115497373
0.0805040848817207
0.08442800670419931
0.08289793374170766
0.07954101666472822
0.08302223015297376
0.07727136968719435
0.07126299496668849
0.07999358840293637
0.08540973957347128
0.07572871443483353
0.0809050426047161
0.08790058173682061
0.07671511613561652
0.08238467706101911
0.08363935053159174
0.07666326309633895
0.08368377501820205
0.08246683428685672
0.08351143674042977
0.08021741395137133
0.08421672343270452
0.0828417630314784
0.07949038956722884
0.08340234325019637
0.0864740322589553
0.08471194446881286
0.08526574344159679
0.0958559160686127
0.0835978801172353
0.08227201572594
0.08921224117084357
0.08880066727035305
0.08900386592874938
0.0933740768819624
0.08639200295135965
0.08886111142438569
0.08603364953262072
0.08308080118417759
0.08249412372568797
0.08870383835304249
0.09155845572631695
0.09086747250128671
0.09082660243334169
0.08792794635338504
0.08575223192692838
0.09193411616220089
0.09048914095727775
0.08936600892429619
0.08870229495891929
0.0880099159157585
0.08873567407345556
0.09016171588673726
0.08763174576020585
0.09379680815253827
0.09457099020040631
0.09201784596319718
0.08405049601552016
0.08806654699984726
0.09257617485469385
0.09186262496226624
0.08736453876118017
0.09049792571116047
0.09636180040695215
0.09058402833347948
0.08989873745882823
0.08646876047605483
0.0945191633382555
0.09229866364758356
0.09283989655911513
0.09527564750477452
0.10068737550419272
0.09167099272736996
0.097631609988796
0.09602312984412349
0.09008923071122833
0.10005509087380776
0.0905455799010634
0.09503839108637348
0.09266744380706522
0.08954978530946975
0.09344084178570154
0.09939091433908513
0.09336663366949009
0.09273941820792433
0.0977690334471821
0.09299522000222478
0.0939349087501002
0.09819018038351301
0.09620128351620282
0.09303974031014889
0.09530353166473889
0.0968197548214327
0.09372182237717111
0.09482186739291165
0.09134943214375614
0.09465264213488267
0.0950170562910861
0.09291322477844925
0.09885720608764532
0.09456300702364806
0.0929664012149749
0.09288246418473513
0.09488545077018785
0.10019839629415703
0.09352030148617037
0.096581838675386
0.09785802225522487
0.09380447926206474
0.09458490948858024
0.09911283666359909
0.09577288675493684
0.10245760083175195
0.09656229231385542
0.09743414817792807
0.09635195128119366
0.0968446591894074
0.09497402284440505
0.09981463683730087
0.10451635422280436
0.09752135838319347
0.10101166364517501
0.09647655879051897
0.10274792788492407
0.09748292661020504
0.09700133574452358
0.09385594145445904
0.09833625163961816
0.09695754759718568
0.09501092627358945
0.10352437354886732
0.09835504255807793
0.09651148048948244
0.09510692095209204
0.09563386046401358
0.09654763355572621
0.09429131737416684
0.09375794663049711
0.1005553731073842
0.10017257697881399
0.09484162949046217
0.10144115815018262
0.10336159079501801
0.09669295090058744
0.09706888106411911
0.10048755715839047
0.10253957757495107
0.09873315513565546
0.09643031674856842
0.09813020583112907
0.09125752991987128
0.09894471583289398
0.09484679616874152
0.09667367494094888
0.10286752166965592
0.10196577203251149
0.09814018254758734
0.09479811578909784
0.09863185381850045
0.09484555175954427
0.09948544608698513
0.10330891041116547
0.10149744187628938
0.0955509192629501
0.09909552334713828
0.10062748350060563
0.09135002476624322
0.09803469693609064
0.0973443596817941
0.10318617598726756
0.09592252605423586
0.09571826469704635
0.09718006967328201
0.1013829763245985
0.09767310513332007
0.09711933855874677
0.09976559505563744
0.09785098904529198
0.09541539761997457
0.09552842296695922
0.09465250045914325
0.09923658803241814
0.09423243045031156
0.09969396940387436
0.10097961719675427
0.09997184723312433
0.09583928613884553
0.09696098184907764
0.09374475462319463
0.09805894862333082
0.09522633062548896
0.09726807272567049
0.0999614595757881
0.09873011453872178
0.10100891098841426
0.09963681477131191
0.09810336133971796
0.10008880262050494
0.10222188803634497
0.10354573490648891
0.09891623731262772
0.0999850820919116
0.09365638343167289
0.09872736691985223
0.09719602303988191
0.09195819526676881
0.0962462688795002
0.09660766967748997
0.0967434748748408
0.10382045173577945
0.10002663820545626
0.10098445992902963
0.10329864663351503
0.09636753960561878
0.10287949231178196
0.0943975103157777
0.09749608259604235
0.09767028210772248
0.09694848244584296
0.09699659937561707
0.09543197089109047
0.09391749620203309
0.0964578586908219
0.10397389152815102
0.10001767150587039
0.09319187699344823
0.09361351495494999
0.09893867335053122
0.09912301767481503
0.09603167423557274
0.10518710931556567
0.09821119322606782
0.10026486688201663
0.0991635511620933
0.09922615154803466
0.09474290838033936
0.10488952274870918
0.09923707591268764
0.10096309217769932
0.10258609036516059
0.10812588103820302
0.10243213576526411
0.10169110841515784
0.09971368443589351
0.10148869580521361
0.10219911839375447
0.09405281913506078
0.1024134192267426
0.09270512002004794
0.09524157235490513
0.09545410831803292
0.09719080444534889
0.09704825170675803
0.09859135286350186
0.10083974947716476
0.10023596728446092
0.1007271669754125
0.09364082639816167
0.09922895320422585
0.10073231423667488
0.10439821446311977
0.0953682823142672
0.09542530145999949
0.09966744010722997
0.10078103231442197
0.10092791073034313
0.10219162486439584
0.0976327936809259
0.09797817219493007
0.09505480313173204
0.09559569859361214
0.10721482089521578
0.10301346124086835
0.10932503624386139
0.09685586818400962
0.10435117151314831
0.09803468857996171
0.1021068620854655
0.103972843958727
0.0999861464698433
0.10230972275686256
0.10084316525354445
0.10353547747116698
0.10253429227894903
0.10771624520168172
0.10785783840561357
0.10375419976262647
0.10373605049540173
0.11382407367108793
0.09767032053863742
0.10583284607693792
0.10337635639494333
0.10297539073684575
0.10286340655197962
0.09951919727006206
0.10124377105152872
0.10689572771386073
0.10443162921809133
0.10282336291152999
0.10257391989259378
0.09848927246555622
0.10242061325558763
0.1002997988696256
0.11079476869929306
0.10047992200729004
0.1052581214892647
0.10600337841568062
0.104130713552683
0.10482497442802663
0.1078615394144916
0.10085656955227208
0.10290919105723159
0.10627062474427987
0.10271443189014495
0.10802800604475477
0.10203725920589372
0.10219702369235793
0.1034431092300445
0.10245054427909367
0.10936585115070493
0.10349608955089085
0.09762352748974183
0.10974449734270009
0.10282048998095607
0.10667725107932914
0.10167669705998528
0.10168471516442704
0.1043843175534014
0.10616266305792893
0.1013791491294211
0.09897710949084673
0.10438680344042742
0.10270955911751725
0.10541232790948664
0.10648946488036636
0.10234273685048549
0.10411885817336392
0.09748826537443644
0.10435098151510204
0.09815293230793225
0.10802109130556146
0.10355992590028379
0.10986843431118697
0.09958136193586542
0.0974269385517339
0.10114570038288023
0.10290503938790017
0.11389795304443198
0.10657415238202492
0.11070322016432493
0.10196383569299511
0.10685155515233015
0.10625918314140267
0.10510810807590287
0.10867770731274823
0.11090175757318994
0.10508575987601607
0.10447458244283676
0.1047210721736644
0.10444375184875694
0.10836492338197713
0.10634715225802077
0.10648344262540144
0.10286780059790306
0.10784515392915187
0.10474985792057351
0.10675558272441567
0.10150959771353324
0.1003512703712023
0.10341453728646724
0.11026708094708339
0.1063600506356368
0.10785127182444142
0.10982365148617523
0.10446942812028222
0.10448791643419256
0.10344288949752031
0.11272487877832241
0.1067620415403096
0.1030085692007661
0.10962759891374022
0.1086652029021186
0.10255738944471064
0.10191177348820565
0.1008240064932517
0.10926083235622511
0.10738424457221045
0.10394625574229716
0.11086968866389421
0.1001224207505915
0.10581533383578301
0.10379464726139599
0.11158190079015445
0.10589132974542687
0.10517678394065627
0.10307508011826065
0.1107726759525015
0.10780119201693797
0.11031286384118381
0.10704058109756044
0.11196413362219136
0.10729794319385064
0.1061470246738748
0.10238123024056206
0.10071075758919978
0.11062974350398488
0.09952184954465332
0.10744513637029106
0.10697515116782191
0.10107514513716813
0.1011308203794243
0.11239331967438272
0.10398004021011187
0.10289173964757399
0.10869194166421088
0.1114502639691838
0.10920716527563926
0.10213748581556747
0.10824408602539845
0.10830044594328651
0.10195255936539709
0.10413647713983998
0.10294795602029383
0.10462913892707527
0.11079079843386495
0.10866440408400128
0.10334265729762097
0.11132686964148111
0.10998807359732074
0.09990354899770094
0.11128638955203674
0.10341859167730771
0.10497194455983185
0.10262424839581318
0.10258660930410007
0.11065983605253218
0.1098092573707027
0.10510573830646448
0.1098878926757941
0.10833329074035454
0.10444001718753972
0.10710690585915607
0.10384375646020182
0.10660293780287299
0.1089051170610587
0.10831758047828216
0.10879318621527381
0.10354053400708178
0.1059693924012823
0.1050765250855022
0.11007015088069864
0.10821225735028181
0.11286303335376602
0.10360673805066355
0.1078966161228547
0.10466275349997399
0.10737219198080178
0.10132579330669758
0.10650666403336216
0.10277734766302206
0.10401022191420276
0.10838505260544347
0.10622351679247823
0.10366735856086577
0.10457390657809654
0.10930789619276123
0.1034893050273058
0.10218434494785533
0.10708402878559353
0.10175346423886651
0.10348898480568762
0.10917781786125483
0.10207241692879426
0.10402704276044791
0.10155567771313735
0.10695351752059834
0.10645505619698256
0.10991132600746163
0.10539730717286366
0.09997713136755906
0.10654721496484229
0.10764978515211589
0.10910236148162308
0.10419239996579595
0.10024762978777588
0.11004523765037189
0.10449625592417616
0.10239091131279164
0.10739131249503513
0.11103300245148226
0.10776841485141492
0.11231640031435561
0.10862647382208646
0.10893564448515893
0.10455362877096544
0.10179174029039076
0.1026543807657121
0.11285903203842836
0.10764170915725947
0.102962181700808
0.10477346004566883
0.10975301143577544
0.09884878255981809
0.10566522030736175
0.10064900634084634
0.10648854965741528
0.10246952134889009
0.10472245825975735
0.10563752442294623
0.10658093255250686
0.10669630422817639
0.10401658092103251
0.10350249797896109
0.10049215272118589
0.11174200226178026
0.10317316618651852
0.1072531029966906
0.10257542173923932
0.10973291786579058
0.10297979647966739
0.10820590315085803
0.11326142553952435
0.10190013404358089
0.10029450237962778
0.10875277531652203
0.10112577764651916
0.11063139476579971
0.11277248254355038
0.10453871864515304
0.10321760348209605
0.10227326007175445
0.10545244036453423
0.11663010656723173
0.10039344953945539
0.11018278714862267
0.11200345348339806
0.10775893737325666
0.107215032296453
0.10418293639566867
0.10391700313238046
0.10077734903075301
0.09571466205393192
0.10816084090696736
0.10993288046492676
0.10760992104284303
0.1022407484490849
0.09941168543749714
0.1082697883148698
0.10191814437734055
0.10746854550660524
0.11068126560506292
0.10741907035936205
0.10025404441565947
0.10535989942619589
0.10257471683440864
0.1075029051297806
0.10685872566591001
0.10575652587399045
0.10477659793714
0.10481858358288237
0.10544781989424575
0.11466804451720485
0.10873888912955317
0.10463593461001236
0.10384051787822375
0.10937782248280307
0.10092376003885174
0.10192793106776164
0.10790404602030701
0.10839958274270468
0.1020672328851883
0.10673717990393514
0.10388515698315445
0.11017909469942821
0.1046288155540401
0.10344276401641707
0.10632270040477904
0.09939855599840752
0.10336220959123145
0.10980600740611957
0.09814726852921353
0.10591182628318602
0.10580965220900755
0.10469199301443895
0.1074093069919088
0.10502272293185291
0.10754549802454931
0.10590906627016894
0.11138666646769257
0.10489063688831651
0.10549686429332537
0.10545628749737133
0.10855258648750667
0.1105143521490898
0.11305201635345534
0.10045594717473724
0.10312447876364209
0.10351864499940606
0.10672192703731666
0.1115612217222058
0.10861676250647798
0.104434182662348
0.10917960692417028
0.10018634573568662
0.10477381175549923
0.11274080097144823
0.1041940762681542
0.1025583712473994
0.10776651806641081
0.10851991365070157
0.10801150921630147
0.10785917733084817
0.11150909766505689
0.10722397867211651
0.10763226290597686
0.10508271818818894
0.10837983778075316
0.10660358575804546
0.10497575852890864
0.10808483031624558
0.10252125359613501
0.10532209276979815
0.11435744433154042
0.09895702740206803
0.10706692345689597
0.10658694648757214
0.10780937278127614
0.10095026708581699
0.10921278807255243
0.1058649962221493
0.10130781996169544
0.10836766859449219
0.10259618136389972
0.10584631399933953
0.11231427681422859
0.09991980980599689
0.10859275722093752
0.10280088852507283
0.10482624910042868
0.10568751665701097
0.1091210112175902
0.10803473019567617
0.10089748907161479
0.10402006683086457
0.10137050734512218
0.10699643281938642
0.10842182959557282
0.10626384104474236
0.10354094849683329
0.10530909472127535
0.10618334467552339
0.10804998867290382
0.11077834346720945
0.10962991674965576
0.10601288470703257
0.10181837376066344
0.10799980794379077
0.11280842684330657
0.11106435451336939
0.10789653933427297
0.10408323015539515
0.10731898558437081
0.10986176140480848
0.10483046122728693
0.10193014250117927
0.10900880893731826
0.1086922559531628
0.10726037745637644
0.10276524400168924
0.10897669847270089
0.10852671945616682
0.10801122803477964
0.1132486350157893
0.10473202995358637
0.10732791839199161
0.10733363205367123
0.10668689528830395
0.10973085019003823
0.11311424311956673
0.09894852323993808
0.10904132032891914
0.11414969694639993
0.11031903111877159
0.11010654193172707
0.10067828804091927
0.11191595410531763
0.10660648031693983
0.1095076519465856
0.1092541488617742
0.1078179833008689
0.10334589854888969
0.10301381022422891
0.11016511098955258
0.10477471490486186
0.09998927044225212
0.11136213581686777
0.10571871069589495
0.10668978249139933
0.10588508483439237
0.09820146767062735
0.10666341880521084
0.10799132425235862
0.1087242702197537
0.10299400644891649
0.1089533708462185
0.10578457549927212
0.10844782606214644
0.10520317055865375
0.1074874757579392
0.09661669408416225
0.10946663510393392
0.09827033168500435
0.1086074190584396
0.11595451172137607
0.10373521970732119
0.10900909589721787
0.11307364321631677
0.10502088726921908
0.1066421949508863
0.10869536228242747
0.10545951481469658
0.10756965411975172
0.10326675194555518
0.10917724335422369
0.10926233029328399
0.10733808324251168
0.10553606398147661
0.10303096790767785
0.1067312751681519
0.10753220410229651
0.10443088433949022
0.11042029693653939
0.1069000852291811
0.09988679769935548
0.09811497987640513
0.10945225382688575
0.10211568007453976
0.10599118870078382
0.1027954837715938
0.10987205937423467
0.10736515825349349
0.10192864778991241
0.10351307856493012
0.11135703435547892
0.11389281894300297
0.11043017098319458
0.10955721921734109
0.11287381940715244
0.10014748028353353
0.10458095987088831
0.10969412456760766
0.10369229446754276
0.10653882173895574
0.10474146784097357
0.10862383584324177
0.10300297604097197
0.1087777037660578
0.10523391251664957
0.11024176819767803
0.10545513714667187
0.1090551702029152
0.10537106261404412
0.10275554596894101
0.11144752830028375
0.1008621935500524
0.10845163320255838
0.1054928599572187
0.10926513054810927
0.1068569769686291
0.10813114114220622
0.10902254063359489
0.10967685046509353
0.09993480142607679
0.10851796139843194
0.10823042428353392
0.10925583256491979
0.10324721574079924
0.11224919890382895
0.10986258935550078
0.10578768282314521
0.11126810065537472
0.108516679953712
0.10322238845411794
0.11325274607193657
0.10597543995663569
0.10638919802012299
0.10421822776813802
0.11033554274982854
0.10512605308781925
0.10494147727590486
0.10510411317735031
0.115774819170594
0.11258873224940202
0.1065684079941218
0.10751531039466876
0.10596616220593272
0.11472751353675886
0.1055227564010035
0.109078940538474
0.10921651708269108
0.10418905198336174
0.11379192527884685
0.11609141187462299


Results for SA:
Training time: 0.068 seconds.
Optimal instance found after 0.068410112 seconds.
Final optimal solution found: 0.07646735320521392

Results for GA:
Training time: 0.457 seconds.
Optimal instance found after 0.166913024 seconds.
Final optimal solution found: 0.15591581822751283

Results for MIMIC:
Training time: 31.590 seconds.
Optimal instance found after 23.15230208 seconds.
Final optimal solution found: 0.11663010656723173
