-i 1000 -algo sa -opt -problem tsp -alpha .85 
Iterations: 1000
Optimization expirement
Problem set to: tsp
Cooling alpha: 0.85

Training SA
0.03675093200210645
0.037892499410753955
0.04028230326892292
0.04034634249213981
0.04028026423364375
0.04077459132948941
0.04024668841116065
0.04024668841116065
0.040654225664767396
0.04103208845063197
0.04094684046832358
0.04225774047702085
0.04169165407085577
0.041990577742829445
0.041990577742829445
0.03970649685477443
0.03943761509988564
0.039560886237497206
0.039060567555807495
0.04149247574055004
0.04249753893398182
0.04163051470440457
0.04096391056318442
0.03895479096887727
0.04014821210445642
0.03963874266723597
0.03896470576551322
0.038606461577530816
0.03819326828584807
0.03799568048812986
0.03862810587513329
0.03920371061340102
0.039016983197663634
0.040664817152377075
0.039456699613013
0.04030075156147049
0.04085676884954633
0.04258567092242045
0.04198803971114093
0.04179637626868663
0.04187067970481399
0.04207207935894203
0.042837619111435445
0.043403560134867014
0.043728759601572166
0.043728759601572166
0.04340377002290349
0.04356655577024159
0.042523498567279966
0.04264866316069451
0.04025519289386757
0.039614105230345496
0.03970471429443622
0.040143299362783984
0.04150995529935341
0.039836909738671315
0.03937969186276801
0.040216626458512345
0.04053877599973304
0.03785012851713555
0.037816423595023636
0.037865429191719924
0.03808470844538374
0.03724882711177844
0.037310243236061254
0.0376481197325339
0.0374537417607266
0.03761827308011294
0.03792490254301233
0.03742092231276991
0.03802692413071281
0.0381631791895284
0.03814869868832986
0.037686364032264705
0.03801184000914404
0.03827975994331606
0.03850434668998091
0.03891891803159341
0.038885629906442
0.03909491257161669
0.0388949006803651
0.040453114688557376
0.040253680436789896
0.03785565462829848
0.03677814643806518
0.03658513447451265
0.03685465343140945
0.03807636084447045
0.03915624909379106
0.03915624909379106
0.039901179565397446
0.03967656984561041
0.03901186259747329
0.03819359981645366
0.03804254340833423
0.038481474719035375
0.038481474719035375
0.03882969583572165
0.03861528285683073
0.03850289466409992
0.038826539121755384
0.039814750475421885
0.03881157184535134
0.040661661363504506
0.04099203359075296
0.040700990812553836
0.04001338023781616
0.03964380139391387
0.04200148770676058
0.04117087470390859
0.04056537503959032
0.04109481108082501
0.040291310263455976
0.040625648015602124
0.040059386845328275
0.040269957843571146
0.04076727053407448
0.0406129533558912
0.03903778205769336
0.039578885394943884
0.04016435584346676
0.04005420882399978
0.04021239309549559
0.04066392525494669
0.04179291420172298
0.04213832654796852
0.042808428909134055
0.042563376442216305
0.04419488330532935
0.04299681756471357
0.04220751065509045
0.04066535831597229
0.04072517731741143
0.04151697776720516
0.04295806605589491
0.04372124974426607
0.04383440370997777
0.04027770847716252
0.04166469040818927
0.04053499472463526
0.040342413604300034
0.03917215181253313
0.039117052748981106
0.03965622938958443
0.0390212327048946
0.0390212327048946
0.03983241178119814
0.04080785874150181
0.04110554825841589
0.04197640167400632
0.04298348647870573
0.04229027821250346
0.04254030362382386
0.04228768404132625
0.04270331042185245
0.043796732806440634
0.043919127821418665
0.04359671766246831
0.04474936001083575
0.04567815584008388
0.04521681513900825
0.04325868877865412
0.04169487968746024
0.0400841084948728
0.03938797330819787
0.039905477308553684
0.039237557365407384
0.03995563431719026
0.04064988539024267
0.04028028561099851
0.038506376817247424
0.036774606896568224
0.03734518183045451
0.036893195944524775
0.036914264158106065
0.03689942113778632
0.037660391891973004
0.03799853037872623
0.038086346076849735
0.03920567697909099
0.03920567697909099
0.03850755713040514
0.04007280736115935
0.03979801129319205
0.04090172804883941
0.04094971949707264
0.04012071585673915
0.03935253369901282
0.03929077761029106
0.04192824403106085
0.04028247040169887
0.03931292524366212
0.03935003922840872
0.03944711992486421
0.03850718584854732
0.03862149520787383
0.038740450388912454
0.03883685421907412
0.03807109369084018
0.03807109369084018
0.038476554189861734
0.03826484156585417
0.040120549218227525
0.039983594872422853
0.040423102543300844
0.04053201771545657
0.0399828589172593
0.040748445259696786
0.042005767449029285
0.042455833121892904
0.042455833121892904
0.042252104038453184
0.042714784271897566
0.04320578998020596
0.04320578998020596
0.04340426461206532
0.04348339783293817
0.04348339783293817
0.04348339783293817
0.04348339783293817
0.04348339783293817
0.04348339783293817
0.04348339783293817
0.04348339783293817
0.04348339783293817
0.04348339783293817
0.04359450680438546
0.04359450680438546
0.04375746556348538
0.04455424754295948
0.04455424754295948
0.04455424754295948
0.04463731795011543
0.04463731795011543
0.04463731795011543
0.04463731795011543
0.04490699728136913
0.04490699728136913
0.04490699728136913
0.046080385892138226
0.046080385892138226
0.046080385892138226
0.046080385892138226
0.046080385892138226
0.04639562249340512
0.04639562249340512
0.04651472905050595
0.04651472905050595
0.04651472905050595
0.04651472905050595
0.04651472905050595
0.046623831859585046
0.046623831859585046
0.046623831859585046
0.04682534934015339
0.04729216391680759
0.04729216391680759
0.047789910370773715
0.04787193865341573
0.048891802694192674
0.048891802694192674
0.048891802694192674
0.04910963850794793
0.049350148161301136
0.04988804095003224
0.04988804095003224
0.04988804095003224
0.04988804095003224
0.04988804095003224
0.050434377993910366
0.050434377993910366
0.050434377993910366
0.050434377993910366
0.05043793673578901
0.05043793673578901
0.05088205092384512
0.05088205092384512
0.05088205092384512
0.05088205092384512
0.05088205092384512
0.05362352788349108
0.05362352788349108
0.05362352788349108
0.05362352788349108
0.05362352788349108
0.05362352788349108
0.05362352788349108
0.05389478495723086
0.05620249271203348
0.05620249271203348
0.056232491261449385
0.056232491261449385
0.056232491261449385
0.056232491261449385
0.056232491261449385
0.056232491261449385
0.056232491261449385
0.05625163828807658
0.05625163828807658
0.05625163828807658
0.05704159116969133
0.05704159116969133
0.05704159116969133
0.05704159116969133
0.05704159116969133
0.05704159116969133
0.05704159116969133
0.05704159116969133
0.05704159116969133
0.05704159116969133
0.05704159116969133
0.05704159116969133
0.05704159116969133
0.05704159116969133
0.05704159116969133
0.05704159116969133
0.05704159116969133
0.05704159116969133
0.05704159116969133
0.05704159116969133
0.05704159116969133
0.05704159116969133
0.057142367492321704
0.057142367492321704
0.057142367492321704
0.057142367492321704
0.0572089757147494
0.05734095652092686
0.05734095652092686
0.05773182282675551
0.05773182282675551
0.05773182282675551
0.05773182282675551
0.05807563553591117
0.05807563553591117
0.05807563553591117
0.05807563553591117
0.05807563553591117
0.0583994162089691
0.0583994162089691
0.0583994162089691
0.0583994162089691
0.0583994162089691
0.0583994162089691
0.0583994162089691
0.0583994162089691
0.0583994162089691
0.0583994162089691
0.05857445698872616
0.05857445698872616
0.05857445698872616
0.05857445698872616
0.05857445698872616
0.05857445698872616
0.05857445698872616
0.05857445698872616
0.05857445698872616
0.05857445698872616
0.05857445698872616
0.05857445698872616
0.05857445698872616
0.05857445698872616
0.05857445698872616
0.05857445698872616
0.05857445698872616
0.05857445698872616
0.05857445698872616
0.05857445698872616
0.058976115914476886
0.058976115914476886
0.058976115914476886
0.058976115914476886
0.058976115914476886
0.058976115914476886
0.058976115914476886
0.058976115914476886
0.059251770614127244
0.059251770614127244
0.059251770614127244
0.059251770614127244
0.059251770614127244
0.059251770614127244
0.059251770614127244
0.059251770614127244
0.059251770614127244
0.059251770614127244
0.059251770614127244
0.059251770614127244
0.059251770614127244
0.059251770614127244
0.059251770614127244
0.059251770614127244
0.059251770614127244
0.059251770614127244
0.059251770614127244
0.059251770614127244
0.059251770614127244
0.059251770614127244
0.059251770614127244
0.059251770614127244
0.059251770614127244
0.059251770614127244
0.059251770614127244
0.05999137996951203
0.05999137996951203
0.05999137996951203
0.05999137996951203
0.05999137996951203
0.05999137996951203
0.06237945048088133
0.06237945048088133
0.06237945048088133
0.06237945048088133
0.06237945048088133
0.06237945048088133
0.06237945048088133
0.06237945048088133
0.06408026190870783
0.06408026190870783
0.06408026190870783
0.06408026190870783
0.06408026190870783
0.06408026190870783
0.06408026190870783
0.06408026190870783
0.06408026190870783
0.06528751354638455
0.06528751354638455
0.06528751354638455
0.06528751354638455
0.06528751354638455
0.06528751354638455
0.06528751354638455
0.06528751354638455
0.06528751354638455
0.06528751354638455
0.06528751354638455
0.06528751354638455
0.06528751354638455
0.06528751354638455
0.06528751354638455
0.06546776954441158
0.06638544498803216
0.06656779996001844
0.06656779996001844
0.06656779996001844
0.06656779996001844
0.06656779996001844
0.06656779996001844
0.06656779996001844
0.06656779996001844
0.06656779996001844
0.06717756805777558
0.06717756805777558
0.06717756805777558
0.06717756805777558
0.06787933596462735
0.06787933596462735
0.06787933596462735
0.06787933596462735
0.06787933596462735
0.06787933596462735
0.06787933596462735
0.06787933596462735
0.06787933596462735
0.06787933596462735
0.06787933596462735
0.06787933596462735
0.06787933596462735
0.06787933596462735
0.06787933596462735
0.06787933596462735
0.06787933596462735
0.06787933596462735
0.06787933596462735
0.06787933596462735
0.06787933596462735
0.06787933596462735
0.06787933596462735
0.06787933596462735
0.06787933596462735
0.06787933596462735
0.06787933596462735
0.06787933596462735
0.06787933596462735
0.06787933596462735
0.06787933596462735
0.06787933596462735
0.06787933596462735
0.06787933596462735
0.06787933596462735
0.06787933596462735
0.06787933596462735
0.06787933596462735
0.06787933596462735
0.06787933596462735
0.06787933596462735
0.06787933596462735
0.06787933596462735
0.06787933596462735
0.06787933596462735
0.06787933596462735
0.06787933596462735
0.06787933596462735
0.06787933596462735
0.06787933596462735
0.06787933596462735
0.06787933596462735
0.06787933596462735
0.06787933596462735
0.06787933596462735
0.06787933596462735
0.06787933596462735
0.06787933596462735
0.06787933596462735
0.06787933596462735
0.06863506194266494
0.06863506194266494
0.06863506194266494
0.06863506194266494
0.06863506194266494
0.06863506194266494
0.06863506194266494
0.06863506194266494
0.06863506194266494
0.06863506194266494
0.06863506194266494
0.06863506194266494
0.06863506194266494
0.06863506194266494
0.07125022597422075
0.07125022597422075
0.07125022597422075
0.07125022597422075
0.07125022597422075
0.07125022597422075
0.07125022597422075
0.07125022597422075
0.07125022597422075
0.07125022597422075
0.07147767746745846
0.07147767746745846
0.07147767746745846
0.07147767746745846
0.07147767746745846
0.07147767746745846
0.07147767746745846
0.07205923134392939
0.07205923134392939
0.07205923134392939
0.07205923134392939
0.07205923134392939
0.07205923134392939
0.07220128586243252
0.07220128586243252
0.07220128586243252
0.07220128586243252
0.07220128586243252
0.07220128586243252
0.07220128586243252
0.07220128586243252
0.07220128586243252
0.07220128586243252
0.07220128586243252
0.07220128586243252
0.07220128586243252
0.07220128586243252
0.07220128586243252
0.07220128586243252
0.07220128586243252
0.07220128586243252
0.07220128586243252
0.07220128586243252
0.07220128586243252
0.07220128586243252
0.07220128586243252
0.0737628016446264
0.0742939581310306
0.0742939581310306
0.0742939581310306
0.0742939581310306
0.0742939581310306
0.0742939581310306
0.0742939581310306
0.0742939581310306
0.0742939581310306
0.0742939581310306
0.0742939581310306
0.0742939581310306
0.0742939581310306
0.0742939581310306
0.0742939581310306
0.0742939581310306
0.0742939581310306
0.0742939581310306
0.0742939581310306
0.0742939581310306
0.0742939581310306
0.0742939581310306
0.0742939581310306
0.0742939581310306
0.0742939581310306
0.0742939581310306
0.0742939581310306
0.0742939581310306
0.0742939581310306
0.0742939581310306
0.0742939581310306
0.0742939581310306
0.0742939581310306
0.0742939581310306
0.0742939581310306
0.0742939581310306
0.0742939581310306
0.0742939581310306
0.0742939581310306
0.0742939581310306
0.0742939581310306
0.0742939581310306
0.0742939581310306
0.0742939581310306
0.0742939581310306
0.0742939581310306
0.0742939581310306
0.0742939581310306
0.07430425155062201
0.07430425155062201
0.07430425155062201
0.07430425155062201
0.07430425155062201
0.07430425155062201
0.07430425155062201
0.07430425155062201
0.07430425155062201
0.07430425155062201
0.07430425155062201
0.07430425155062201
0.07430425155062201
0.07430425155062201
0.07430425155062201
0.07430425155062201
0.07430425155062201
0.07430425155062201
0.07430425155062201
0.0753027098417736
0.0753027098417736
0.0753027098417736
0.0753027098417736
0.0753027098417736
0.0753027098417736
0.0753027098417736
0.0753027098417736
0.0753027098417736
0.0753027098417736
0.0753027098417736
0.0753027098417736
0.0753027098417736
0.0753027098417736
0.0753027098417736
0.0753027098417736
0.0753027098417736
0.0753027098417736
0.0753027098417736
0.0753027098417736
0.0753027098417736
0.0753027098417736
0.0753027098417736
0.0753027098417736
0.0753027098417736
0.0753027098417736
0.0753027098417736
0.0753027098417736
0.0753027098417736
0.0753027098417736
0.0753027098417736
0.0753027098417736
0.0753027098417736
0.0753027098417736
0.0753027098417736
0.0753027098417736
0.0753027098417736
0.0753027098417736
0.0753027098417736
0.0753027098417736
0.0753027098417736
0.0753027098417736
0.0753027098417736
0.0753027098417736
0.0753027098417736
0.0753027098417736
0.0753027098417736
0.07539627220983723
0.07539627220983723
0.07539627220983723
0.07539627220983723
0.07539627220983723
0.07772015194178569
0.07772015194178569
0.07772015194178569
0.07772015194178569
0.07772015194178569
0.07772015194178569
0.07772015194178569
0.07772015194178569
0.07772015194178569
0.07772015194178569
0.07772015194178569
0.07772015194178569
0.07845855248836295
0.07845855248836295
0.07845855248836295
0.07845855248836295
0.07845855248836295
0.07845855248836295
0.07845855248836295
0.07845855248836295
0.07845855248836295
0.07845855248836295
0.07845855248836295
0.07942380690259782
0.07942380690259782
0.07942380690259782
0.07942380690259782
0.07942380690259782
0.07964795808374756
0.07964795808374756
0.07964795808374756
0.07964795808374756
0.07964795808374756
0.07964795808374756
0.07964795808374756
0.07964795808374756
0.07964795808374756
0.07964795808374756
0.07964795808374756
0.07964795808374756
0.07964795808374756
0.07964795808374756
0.07964795808374756
0.07964795808374756
0.07964795808374756
0.07964795808374756
0.07964795808374756
0.07964795808374756
0.07964795808374756
0.07964795808374756
0.07964795808374756
0.07964795808374756
0.07964795808374756
0.07964795808374756
0.07964795808374756
0.07964795808374756
0.07964795808374756
0.07964795808374756
0.07964795808374756
0.07964795808374756
0.07964795808374756
0.07964795808374756
0.07964795808374756
0.07964795808374756
0.07964795808374756
0.07964795808374756
0.07964795808374756
0.07964795808374756
0.07964795808374756
0.07964795808374756
0.07964795808374756
0.07964795808374756
0.07964795808374756
0.07964795808374756
0.07964795808374756
0.07964795808374756
0.07964795808374756
0.07964795808374756
0.07964795808374756
0.07964795808374756
0.07964795808374756
0.07964795808374756
0.07964795808374756
0.07964795808374756
0.07964795808374756
0.07964795808374756
0.07964795808374756
0.07964795808374756
0.07964795808374756
0.07964795808374756
0.07964795808374756
0.07964795808374756
0.07964795808374756
0.07964795808374756
0.07964795808374756
0.07964795808374756
0.07964795808374756
0.07972855704668454
0.07972855704668454
0.07972855704668454
0.07972855704668454
0.07972855704668454
0.07972855704668454
0.07972855704668454
0.07972855704668454
0.07972855704668454
0.07972855704668454
0.07972855704668454
0.07972855704668454
0.07972855704668454
0.07972855704668454
0.07972855704668454
0.07972855704668454
0.07972855704668454
0.07972855704668454
0.07972855704668454
0.07972855704668454
0.07972855704668454
0.07972855704668454
0.07972855704668454
0.07972855704668454
0.07972855704668454
0.07972855704668454
0.07972855704668454
0.07972855704668454
0.07972855704668454
0.07972855704668454
0.07972855704668454
0.07972855704668454
0.07972855704668454
0.07972855704668454
0.07972855704668454
0.07972855704668454
0.07972855704668454
0.07972855704668454
0.07972855704668454
0.07972855704668454
0.07972855704668454
0.07972855704668454
0.07972855704668454
0.07972855704668454
0.07972855704668454
0.07972855704668454
0.07972855704668454
0.07972855704668454
0.07972855704668454
0.07972855704668454
0.08069688981939302
0.08069688981939302
0.08069688981939302
0.08069688981939302
0.08069688981939302
0.08069688981939302
0.08069688981939302
0.08069688981939302
0.08069688981939302
0.08069688981939302
0.08069688981939302
0.08069688981939302
0.08069688981939302
0.08069688981939302
0.08069688981939302
0.08069688981939302
0.08069688981939302
0.08069688981939302
0.08069688981939302
0.08069688981939302
0.08069688981939302
0.08069688981939302
0.08069688981939302
0.08069688981939302
0.08069688981939302
0.08069688981939302
0.08069688981939302
0.08069688981939302
0.08069688981939302
0.08145852877460295
0.08145852877460295
0.08145852877460295
0.08145852877460295
0.08145852877460295
0.08145852877460295
0.08145852877460295
0.08145852877460295
0.08145852877460295
0.08177925627573619
0.08177925627573619
0.08177925627573619
0.08177925627573619
0.08177925627573619
0.08177925627573619
0.08177925627573619
0.08177925627573619
0.08177925627573619
0.08177925627573619
0.08177925627573619
0.08177925627573619
0.08177925627573619
0.08177925627573619
0.08183857247307061
0.08183857247307061
0.08183857247307061
0.08183857247307061
0.08183857247307061
0.08183857247307061
0.08183857247307061
0.08183857247307061
0.08183857247307061
0.08250034418067442
0.08250034418067442
0.08250034418067442
0.08250034418067442
0.08250034418067442
0.08250034418067442
0.08250034418067442
0.08250398137385753
0.08274962267525869
0.08274962267525869
0.08274962267525869
0.08274962267525869
0.08274962267525869
0.08274962267525869
0.08274962267525869
0.08274962267525869
0.08274962267525869
0.08274962267525869
0.08274962267525869
0.08274962267525869
0.08274962267525869
0.08274962267525869
0.08444736028173702
0.08444736028173702
0.08470211620376328
0.08470211620376328
0.08470211620376328
0.08470211620376328
0.08470211620376328
0.08470211620376328
0.08470211620376328
0.08470211620376328
0.08470211620376328
0.08470211620376328
0.08470211620376328
0.08470211620376328
0.08470211620376328
0.08470211620376328
0.08470211620376328
0.08470211620376328
0.08470211620376328
0.08470211620376328
0.08470211620376328
0.08470211620376328
0.08470211620376328
0.08470211620376328
0.08577389943332762
0.08577389943332762
0.08577389943332762
0.08577389943332762
0.08577389943332762
0.08577389943332762
0.08577389943332762
0.08577389943332762
0.08577389943332762
0.08577389943332762
0.08577389943332762
0.08577389943332762
0.08577389943332762
0.08617902487005562
0.08617902487005562
0.08617902487005562
0.08617902487005562
0.08617902487005562
0.08617902487005562
0.08617902487005562
0.08617902487005562
0.08617902487005562
0.08617902487005562
0.08617902487005562
0.08617902487005562
0.08617902487005562
0.08617902487005562
0.08617902487005562
0.08617902487005562
0.08617902487005562
0.08617902487005562
0.08617902487005562
0.08617902487005562
0.08617902487005562
0.08617902487005562
0.08617902487005562
0.08617902487005562
0.08617902487005562
0.08653327732605633
0.08653327732605633
0.08653327732605633
0.08653327732605633
0.08653327732605633
0.08653327732605633
0.08653327732605633
0.08653327732605633
0.08653327732605633
0.08653327732605633
0.08696218878194772
0.08696218878194772


Results for SA:
Training time: 0.062 seconds.
Optimal instance found after 0.061883136 seconds.
Final optimal solution found: 0.08696218878194772
