-i 1000 -algo ga -opt -problem tsp -tomutate 10 
Iterations: 1000
Optimization expirement
Problem set to: tsp
toMutate: 10

Training GA
0.052489340919504725
0.05375744633661026
0.0575256162103283
0.06076455890990317
0.06847727377076755
0.07092094303283458
0.07197192466342796
0.07845159619067628
0.0782823676404887
0.07920037062365443
0.08160505554332866
0.09309280842763365
0.08584060373931651
0.08904387589977225
0.09500358659451842
0.09500358659451842
0.10139121512838915
0.10253634285336372
0.08409638070246293
0.08409638070246293
0.09577095498102507
0.09662825591197693
0.10288388069046546
0.10535470681963714
0.0889789899484818
0.10665639536596504
0.10954850121314734
0.11510077842239787
0.11510077842239787
0.11833247038495284
0.12296932934758201
0.1178451230080232
0.11551754479908462
0.11200397697061479
0.11200397697061479
0.11582143847218977
0.11200397697061479
0.11143144625671617
0.11945253055064117
0.11945253055064117
0.1243222936844775
0.12090463617973443
0.12112905021328012
0.12785607598258267
0.1278560759825827
0.12297883187725607
0.12623982249772722
0.12623982249772722
0.12970963651003128
0.13519658622291345
0.13972776963632302
0.13519658622291345
0.13407988526841524
0.1407501484359036
0.12279814167881223
0.12279814167881223
0.12279814167881223
0.14097431246178524
0.12279814167881223
0.12279814167881223
0.12279814167881223
0.14352707727735511
0.14352707727735511
0.143255971231234
0.14572404613706363
0.15155836270050557
0.1407729938370185
0.14857858146306424
0.14483230069097494
0.15064407246216524
0.15214340138822793
0.15214340138822793
0.15214340138822793
0.15214340138822793
0.1518400798666413
0.15789808615934212
0.15789808615934212
0.1569020959819468
0.1569020959819468
0.1606160903038055
0.1605380167060505
0.1605380167060505
0.16332448865235705
0.16371494821154337
0.1633244886523571
0.1633244886523571
0.1633244886523571
0.1633244886523571
0.15886592204996247
0.15886592204996247
0.15566235380104912
0.15566235380104912
0.1293053710667749
0.1293053710667749
0.1293053710667749
0.14694844934420778
0.14694844934420778
0.14694844934420778
0.14694844934420778
0.14694844934420778
0.13967269446506356
0.13934434897181194
0.13925017224084413
0.14083938846300975
0.14083938846300975
0.14083938846300975
0.1408393884630098
0.14083938846300975
0.14083938846300975
0.14083938846300975
0.10852189765501442
0.1313846725501701
0.13159082621347123
0.13265513141311344
0.14259132080894535
0.14259132080894535
0.14259132080894535
0.14259132080894535
0.13982994598359283
0.13929483752108301
0.14165087467598406
0.14165087467598406
0.14165087467598406
0.141650874675984
0.141650874675984
0.1368578886121755
0.1353945321820401
0.13705335798641935
0.14379454254407043
0.13806032965434525
0.13806032965434525
0.13776482536149715
0.13735223414193667
0.1371719795211507
0.13757657310316548
0.13757657310316548
0.13757657310316548
0.13757657310316548
0.13757657310316548
0.1370134155773989
0.13702032222586213
0.14252360258425883
0.14252360258425883
0.14252360258425883
0.13598171735763714
0.11333714169938129
0.1367417872975238
0.13745428067098306
0.13745428067098306
0.13745428067098306
0.1400182937960446
0.1367417872975238
0.1361620072478843
0.13524691574557596
0.10310850221921851
0.13871372261921017
0.10310850221921851
0.13590266882588267
0.136015704448174
0.136015704448174
0.13505262834674595
0.1338155787230001
0.1338155787230001
0.1346101032180539
0.1330941851375208
0.13429474658335694
0.13701433016484824
0.13701433016484824
0.13701433016484824
0.13701433016484824
0.13242263071039495
0.13605758155426736
0.14047710189322832
0.14047710189322832
0.13789336646431963
0.14361030943049896
0.13740431098523964
0.13740431098523964
0.13740431098523964
0.13790251604072096
0.14020554678116343
0.14020554678116343
0.1414520151250624
0.1420654121177364
0.14145201512506242
0.12442251821676173
0.13831602679083616
0.13633689410921043
0.13633689410921043
0.13701342964965307
0.13738832965489778
0.1335484828914605
0.1388948629510795
0.1388948629510795
0.1388948629510795
0.13866064908773387
0.13865826197569867
0.13865826197569867
0.1360797676292468
0.1430696194804546
0.1430696194804546
0.14266654293786718
0.10358575643538366
0.10358575643538366
0.13724421275255233
0.1378520846501195
0.1378520846501195
0.13889608405953255
0.14416867512110051
0.1378520846501195
0.13785208465011953
0.13785208465011953
0.10595341733310984
0.10595341733310984
0.13773731019644597
0.14684699599759152
0.13925885720772532
0.1304388509197003
0.1296192540235938
0.13041386378572067
0.12916170389750053
0.135999900222039
0.1385809770350458
0.14467433933034202
0.14467433933034202
0.14467433933034202
0.14467433933034202
0.14467433933034202
0.13583595915785648
0.13583595915785648
0.13588372266196888
0.13588372266196888
0.14009700138511003
0.13961716058332777
0.13961716058332777
0.13961716058332777
0.1358837226619689
0.1347946727225565
0.13594838349605196
0.13839366786897123
0.13839366786897123
0.13839366786897123
0.13834143238519606
0.14244756438159548
0.14244756438159545
0.14244756438159545
0.14244756438159545
0.14244756438159545
0.14244756438159545
0.14244756438159545
0.14380250890566182
0.14380250890566182
0.11154471123554294
0.14140858397761066
0.14140858397761066
0.13392899330245706
0.13834290300050456
0.13936036341002425
0.13936036341002425
0.13936036341002425
0.13936036341002425
0.14055818552589897
0.1395322675026999
0.1395322675026999
0.1397205554815091
0.13972055548150905
0.14123661139388774
0.1480676703462106
0.1480676703462106
0.1381206670548639
0.12608940915600525
0.12608940915600525
0.12843822558372475
0.12631804194989102
0.13036485112105675
0.13407920456269798
0.12959420502569693
0.13413493013626607
0.13165035779266532
0.12398180201691776
0.13398059225092648
0.12471668156483817
0.12814769624571257
0.12560726993864643
0.1272548154807477
0.13493308609324225
0.13493308609324225
0.1272548154807477
0.1272548154807477
0.12632178356183688
0.1301169854504575
0.12514105302818357
0.12514105302818357
0.12707619409894189
0.12514105302818357
0.12514105302818357
0.12514105302818357
0.12514105302818357
0.12336381354972589
0.12748523770472373
0.12820093777339145
0.12820093777339145
0.13374914913009878
0.13374914913009878
0.13374914913009878
0.13374914913009878
0.13374914913009878
0.11475034263147257
0.11475034263147257
0.11475034263147257
0.08905129235346128
0.08905129235346128
0.08905129235346128
0.1276089432607519
0.12913087805762422
0.11839184973713175
0.11839184973713175
0.12939856325279092
0.12939856325279092
0.12939856325279095
0.1289108075874877
0.13010614700723658
0.12793363416400969
0.1298143731636131
0.13312982220019762
0.12002185891950055
0.12534573762877113
0.12617422232261788
0.1293459663324965
0.1293459663324965
0.1293459663324965
0.1293459663324965
0.12396224844375543
0.12180460995714106
0.1268131035449729
0.1324093945027149
0.10541708201423913
0.12773935665582167
0.13267838702751528
0.13267838702751525
0.13593611228236147
0.13593611228236147
0.13267838702751525
0.12547724604190777
0.12563721758143212
0.12563721758143212
0.12946469605649608
0.13604788299913864
0.13604788299913861
0.13684010206978076
0.1312166750815315
0.13224422356384835
0.13224422356384835
0.13351242080447928
0.13489440503163777
0.13634502583289446
0.14039221866201465
0.12942479771477253
0.13422869737908377
0.13058929087979226
0.13428575480714813
0.13428575480714813
0.13428575480714813
0.13058929087979226
0.13058929087979226
0.13058929087979226
0.1281835220526456
0.14323974509128415
0.14323974509128415
0.14323974509128418
0.12575220195319484
0.13001990305514355
0.13032335372052073
0.13207553145645407
0.13207553145645407
0.13856657706918463
0.13207553145645412
0.13207553145645412
0.13207553145645412
0.13834851705343254
0.12866636232727374
0.12866636232727374
0.09391603048634496
0.09391603048634496
0.09591193004026899
0.13787474006537861
0.13346446761679795
0.13346446761679795
0.13346446761679795
0.13850819463295197
0.13850819463295197
0.13850819463295197
0.1371243888068985
0.13074133380120165
0.13258501400633033
0.14053101632656434
0.14053101632656434
0.14053101632656434
0.14053101632656434
0.14053101632656434
0.12881254003164616
0.12826529046212615
0.14044916237341135
0.14044916237341135
0.14044916237341135
0.13812816231270686
0.1381281623127069
0.1381281623127069
0.13571165553418982
0.1353317017213595
0.13331514297688532
0.1323716196828378
0.1323716196828378
0.1428500222778649
0.13360411943343753
0.13360411943343753
0.1371007298100727
0.14290420903331652
0.14290420903331652
0.09043921402490879
0.09043921402490879
0.13468658275778334
0.13686609528694227
0.13686609528694227
0.13686609528694227
0.1416925033107759
0.1279640038496998
0.14241917151570344
0.14241917151570344
0.13402991846391174
0.13402991846391174
0.13402991846391174
0.13665681981461086
0.13665681981461086
0.13637810782474685
0.1346642998764923
0.13397541538392915
0.13500866368133269
0.13500866368133269
0.13479946513311394
0.13479946513311394
0.1375660849371019
0.1375660849371019
0.1403812827405514
0.1403812827405514
0.1403812827405514
0.1403812827405514
0.1403812827405514
0.1403812827405514
0.1403812827405514
0.13403121172484447
0.13259135911953915
0.13259135911953915
0.13682190238603953
0.13108375732361516
0.13829294820735077
0.1379780633385998
0.1379780633385998
0.12295133937240153
0.1267942183518013
0.12863590682192683
0.13146790872247366
0.13146790872247366
0.140670877135751
0.140670877135751
0.13681042315681466
0.13681042315681466
0.1390697535086404
0.14851989127703383
0.13755933744298313
0.13755933744298313
0.09649410390697374
0.09649410390697374
0.09649410390697374
0.12961024518523465
0.12961024518523465
0.12961024518523465
0.13346908589840753
0.13392526413065658
0.13682917939625036
0.1415896781138879
0.10727908529149445
0.13033008961239134
0.13501976374099045
0.13501976374099045
0.13501976374099045
0.13501976374099045
0.13501976374099045
0.13279099855889795
0.07008920289596172
0.13055580256635427
0.1320764217593789
0.13296862762999195
0.13518212038208388
0.13518212038208388
0.13518212038208388
0.13518212038208388
0.13518212038208388
0.13803374301714405
0.1335458634888471
0.1335458634888471
0.1335458634888471
0.13031168267956683
0.13087734816866517
0.12687666611726262
0.13185453316088747
0.1370741311844601
0.13838838658228017
0.1243583053470371
0.14023732317520032
0.13543230438602238
0.13543230438602244
0.13543230438602244
0.1393901728125226
0.13242408884712567
0.13304392166203013
0.13417947155698762
0.13665759401182498
0.13665759401182498
0.13417947155698762
0.1332570989903246
0.13156826707475758
0.07924045503321742
0.07924045503321742
0.07924045503321742
0.1347564445345898
0.07924045503321742
0.14355374811136748
0.14355374811136748
0.13789944328518883
0.13789944328518883
0.14969505058898527
0.13219059516266524
0.13219059516266524
0.1356193787470874
0.1356193787470874
0.13980626577200903
0.13980626577200903
0.1402707153262071
0.13980626577200903
0.13550382197257713
0.138687431225881
0.13993168721415936
0.13626578926359975
0.16155345837758514
0.16155345837758514
0.16155345837758514
0.16155345837758514
0.16155345837758514
0.16155345837758514
0.16155345837758514
0.16155345837758514
0.16155345837758514
0.1639809938452432
0.1639809938452432
0.15895653261420375
0.15895653261420375
0.15895653261420375
0.15895653261420375
0.15895653261420375
0.14153841734921202
0.15403618448364403
0.15403618448364403
0.1508457833572453
0.14083381395596764
0.1428645522006537
0.1556550381065397
0.1428645522006537
0.11472623592711333
0.14371961283565765
0.11472623592711333
0.13705394505472884
0.15416499394232833
0.15358884505547582
0.15358884505547582
0.15358884505547582
0.14009108966384165
0.14349004027557177
0.14349004027557177
0.1479862336791457
0.14674750762919386
0.14674750762919386
0.14674750762919386
0.14674750762919386
0.14674750762919386
0.14674750762919386
0.14674750762919386
0.14367839109537184
0.14079574907496606
0.14021421663652273
0.1402735219007808
0.13971319653653458
0.13971319653653458
0.13971319653653458
0.13971319653653458
0.13750912264021364
0.13380016417812107
0.13589084393769443
0.1381683985139571
0.13889742137281358
0.11814239845982166
0.14318046422877614
0.1042990401265846
0.1042990401265846
0.1042990401265846
0.13704550719052103
0.13704550719052103
0.0995874527339135
0.1378493519165025
0.1378493519165025
0.13692875802714338
0.13789913316240707
0.14352819660818814
0.14352819660818814
0.14352819660818814
0.13873487524918215
0.1371058431038576
0.1371058431038576
0.1386398017759738
0.1437075526732737
0.14331417389261322
0.1386398017759738
0.14156708308613075
0.1431971896340347
0.1431971896340347
0.1431971896340347
0.14319718963403472
0.1437661190165931
0.1437661190165931
0.1437661190165931
0.14431967727783174
0.14343399034169024
0.14048761732383722
0.14048761732383722
0.14048761732383722
0.14048761732383722
0.14048761732383722
0.14186473997546434
0.12055622167770924
0.14485588216330172
0.09186612131971832
0.09186612131971832
0.09186612131971832
0.13687222676943542
0.13687222676943545
0.14025953653381132
0.14025953653381132
0.14242098088804642
0.14242098088804642
0.14242098088804642
0.14242098088804642
0.1398621429535698
0.10827794774656743
0.14720345315458166
0.14720345315458166
0.10827794774656743
0.14279677647019748
0.13610243088990612
0.13610243088990612
0.13610243088990612
0.13610243088990612
0.13610243088990612
0.13826717826458793
0.14125145258279836
0.13826717826458793
0.1345264695900463
0.1351037623389338
0.1345264695900463
0.13772199136578453
0.1345264695900463
0.08296007939617897
0.13128056356066942
0.13128056356066942
0.14358976516065497
0.14358976516065497
0.14358976516065497
0.13402818253227855
0.1303292978600841
0.1303292978600841
0.13331670462798403
0.1303292978600841
0.12720612852164526
0.13034824319890523
0.14247699700750227
0.1424769970075023
0.14410336769901677
0.13235698244215957
0.1349899925715091
0.13708040468391286
0.12976587919764798
0.12976587919764798
0.14212831797049033
0.1426105188335382
0.14335648877733861
0.14335648877733861
0.14774958849911737
0.14774958849911737
0.14774958849911737
0.1426105188335382
0.1416616260089914
0.12995052991809034
0.1307411354140812
0.1307411354140812
0.1307411354140812
0.12964770802684486
0.12537250277890374
0.12537250277890374
0.12900275604537284
0.13088565361516996
0.13088565361516996
0.13088565361516996
0.13965995497169043
0.13965995497169043
0.1400744769311556
0.1400744769311556
0.1400744769311556
0.13965995497169043
0.12385198899658753
0.1235915912422166
0.12810617257006965
0.12810617257006965
0.12810617257006965
0.12810617257006962
0.1258118007003373
0.1384317115365779
0.1384317115365779
0.1384317115365779
0.12953124115660336
0.12539280742146386
0.12539280742146386
0.12854187332495629
0.12911361463246487
0.12911361463246487
0.12746780404799313
0.13509532291580817
0.13432939097122018
0.13432939097122015
0.13432939097122018
0.13835187693988296
0.12746780404799313
0.13518882746333713
0.13518882746333716
0.13518882746333716
0.12921010285437196
0.12921010285437196
0.12921010285437196
0.1298172187874262
0.1298172187874262
0.12921010285437198
0.13260451756337083
0.13215398387420763
0.13215398387420763
0.13215398387420763
0.13215398387420763
0.12702393026368786
0.13890794224238376
0.13890794224238376
0.13787334812372823
0.1425852893539657
0.12864173675394922
0.12864173675394922
0.09478544895369365
0.09478544895369365
0.09478544895369365
0.08988060251887488
0.08988060251887488
0.1373481702902562
0.1373481702902562
0.148180154703517
0.148180154703517
0.148180154703517
0.13985565652285264
0.13985565652285264
0.13871520325480988
0.13845411691730677
0.13845411691730677
0.1399282414614106
0.14158535357233393
0.1399282414614106
0.1399282414614106
0.1424872967348801
0.13237986554924772
0.13237986554924772
0.13562449710982308
0.13600392134629788
0.13600392134629788
0.13650091784608803
0.1395339559885538
0.1395339559885538
0.1400072760761986
0.1400072760761986
0.13650091784608803
0.1439349053316921
0.1439349053316921
0.1439349053316921
0.13039767331648258
0.13039767331648258
0.12936367561198547
0.13648347439289107
0.13103259081149912
0.1275982197663932
0.13635062369748413
0.14259196731659726
0.14259196731659726
0.1410877499664665
0.14644638030354543
0.14644638030354543
0.14644638030354537
0.14644638030354543
0.14644638030354543
0.14644638030354543
0.14644638030354543
0.1373642523986277
0.15036066663006187
0.1373642523986277
0.11159272178166754
0.15138471259034506
0.14808250036008705
0.14808250036008705
0.11159272178166754
0.11159272178166754
0.11159272178166754
0.11159272178166754
0.141298221962192
0.14086836029611938
0.14150116012241964
0.14086836029611938
0.14086836029611938
0.14086836029611938
0.1404709123418535
0.1404709123418535
0.14800863544402434
0.14800863544402434
0.14800863544402434
0.14800863544402437
0.13931305591328966
0.14344656482087992
0.14471757065158092
0.14471757065158092
0.15055159894306028
0.14713285803234777
0.15055159894306028
0.1505515989430603
0.1505515989430603
0.15055159894306028
0.15055159894306028
0.1505515989430603
0.1505515989430603
0.1505515989430603
0.1505515989430603
0.1505515989430603
0.1505515989430603
0.1505515989430603
0.1505515989430603
0.1505515989430603
0.1505515989430603
0.1534956386583347
0.1534956386583347
0.1505515989430603
0.1505515989430603
0.1505515989430603
0.15121511976453436
0.10719467082649213
0.10719467082649213
0.10719467082649213
0.15055159894306028
0.14593523030757782
0.14593523030757782
0.14471757065158092
0.1448187643773269
0.1448187643773269
0.1398461066489377
0.1398461066489377
0.1398461066489377
0.13221749248139505
0.13221749248139505
0.13391975750853022
0.13933498084898116
0.13933498084898116
0.13321133398240537
0.1392790175267378
0.13927901752673777
0.13927901752673777
0.13927901752673777
0.13927901752673777
0.1392790175267378
0.13927901752673774
0.13927901752673774
0.13927901752673774
0.1392790175267378
0.10310410603688232
0.13927901752673774
0.13927901752673777
0.13927901752673777
0.13927901752673777
0.13927901752673777
0.13927901752673777
0.13927901752673777
0.13927901752673777
0.13927901752673774
0.13927901752673774
0.13927901752673774
0.13927901752673777
0.1351524850838215
0.1351524850838215
0.1351524850838215
0.1351524850838215
0.1351524850838215
0.13275398014083675
0.13479062075506185
0.13250100814331744
0.13383608754003443
0.135675457667713
0.13636394964662077
0.135675457667713
0.135675457667713
0.13250100814331744
0.13250100814331744
0.13250100814331744
0.1347046044044678
0.13394216592073863
0.13448183394939797
0.13394216592073863
0.13669238511725246
0.1366923851172524
0.1366923851172524
0.13910868656971942
0.13910868656971942
0.13910868656971942
0.13910868656971942
0.13910868656971942
0.13910868656971945
0.13910868656971945
0.13910868656971945
0.13910868656971945
0.13910868656971945
0.10469454747730512
0.13910868656971945
0.13910868656971945
0.1397014380827081
0.13964796116511216
0.09508782114049207
0.13910868656971945
0.13910868656971945
0.13910868656971945
0.13970143808270813
0.13970143808270813
0.14068300254026123
0.14177093051870127
0.14177093051870127
0.14177093051870127
0.14177093051870127
0.14344023812501866
0.14344023812501866
0.1425948742969581
0.1425948742969581
0.14177093051870127
0.14812905112477162
0.14812905112477162
0.14812905112477162
0.14812905112477162
0.14812905112477162
0.14812905112477162
0.1426422349081555
0.14535865554783128
0.1423866373439294
0.1423866373439294
0.1423866373439294
0.1423866373439294
0.1423866373439294
0.1423866373439294
0.1423866373439294
0.1423866373439294
0.15086284209546666
0.1525536380188331
0.15255363801883312
0.151954529500332
0.151954529500332
0.151954529500332
0.1423866373439294
0.1423866373439294
0.1423866373439294
0.1423866373439294
0.1479670017780955
0.1479670017780955
0.14425421950497389
0.1525536380188331
0.14556745715322042
0.15615863950170267
0.1423866373439294
0.1423866373439294
0.1423866373439294
0.1423866373439294
0.1423866373439294
0.13868080736549285
0.13868080736549285
0.15075681015121342
0.15075681015121342
0.1376289366276115
0.1376289366276115


Results for GA:
Training time: 0.523 seconds.
Optimal instance found after 0.373385984 seconds.
Final optimal solution found: 0.1639809938452432
