-i 1000 -algo sa -opt -problem tsp -alpha .95 
Iterations: 1000
Optimization expirement
Problem set to: tsp
Cooling alpha: 0.95

Training SA
0.039962218314967636
0.039998805889897744
0.040007099855634214
0.03980340239333798
0.0401598985756728
0.0402369970293502
0.040301560103854335
0.04126764182376432
0.04041565758753559
0.04014018809472163
0.04086515765541686
0.040425019355486
0.04028823030731077
0.04048390028462081
0.041193403142301264
0.039266824911115446
0.03905865320593447
0.040462257700861086
0.04093028605514585
0.04093028605514585
0.04078750823470124
0.04076493315358585
0.04070123940621895
0.038863116942483955
0.03926635533145161
0.03996627143013808
0.04102318619777213
0.04019379479508884
0.04004635997310427
0.04111169501878143
0.04137237911795876
0.04137237911795876
0.039886751940832
0.038733311367122804
0.0387104804926674
0.03880283744977504
0.03801899344920395
0.03804773538247692
0.03950862743506489
0.040338136927259176
0.03884180363581638
0.038435961112036385
0.03733626473337265
0.037788924269708715
0.03817134796032348
0.03839568452463544
0.03776034267649697
0.037700501466432695
0.037946216563127966
0.03712104789874841
0.036170110495297
0.0366868338492141
0.036095941897975284
0.03503019441850965
0.037098776198687636
0.03789862691738404
0.03835936407179035
0.03823704945933904
0.039212395646355966
0.039268947224977035
0.039225351551765084
0.03771360126644544
0.03772861375536323
0.03936779969756109
0.03899790789018607
0.03900076410360506
0.03922531806421952
0.03954939636085607
0.03936465531705183
0.03898833379888479
0.03946121526467938
0.039615244053189703
0.03954938865529793
0.03953800280089907
0.03887587668506996
0.037919749209122854
0.03735533567501525
0.03594076404262351
0.035909006548439044
0.03688668697702915
0.03723191538908139
0.03729585168260265
0.036436634545822494
0.03732625871268266
0.03739568104022689
0.03793383775089675
0.03744917095078741
0.03814613202636048
0.03730895414816646
0.03860963343505518
0.03755437790874977
0.037772086985130536
0.03629215096358054
0.03713705481475013
0.038242201375520445
0.03903618067183991
0.039836196360133254
0.040047871295700664
0.040047871295700664
0.04142535083097792
0.04251045365648046
0.04164623693562748
0.04141760985457161
0.041385142478231024
0.04303284584163329
0.043751296089611216
0.04328168619521371
0.04332129910534865
0.04329257699303047
0.04424777659024341
0.04341459541994173
0.04178927993289059
0.03899042444184043
0.0389336394497507
0.038917531521140254
0.03800920472227139
0.03713015842806983
0.03703929956927241
0.036996017033501284
0.03873735188093856
0.038485760911185676
0.038069218136656764
0.037137312562529744
0.03746355250709308
0.038378777921855324
0.03902950868572198
0.039078848619915674
0.03937936188479876
0.04202259755110147
0.04133432107999868
0.041091752819028445
0.04081132045590594
0.03971235773889336
0.04145803228651282
0.040949205944293084
0.039590774894570246
0.039437124560122536
0.04014421134942264
0.03992742379174272
0.04073272462843986
0.038366494002832464
0.03761586837758166
0.0392999710249795
0.03957374787510336
0.03854825480153332
0.03916279269488986
0.03920839071316611
0.03845906727715723
0.03880451616559852
0.03817803133012795
0.039134131885262394
0.03987016678862396
0.03920108348971125
0.03947794598780942
0.04117286443560115
0.04246011688061748
0.040344435169367594
0.039105571718399866
0.03909910851384916
0.03929772449286876
0.03794328034134047
0.03780792667211015
0.03717131801158609
0.03717131801158609
0.03841881828218489
0.03844953344082969
0.03922428537958914
0.03905364635116215
0.03841910383512216
0.038058671910830046
0.03766501467020393
0.03767405823827273
0.037227175337088955
0.036520504559235875
0.03650498225081749
0.037130013912515004
0.03558297077766299
0.03558297077766299
0.03555656844855339
0.03450059629473206
0.03586808880795455
0.03603074883356752
0.03567570417733539
0.0369976898076104
0.036489081498882366
0.03582920852414596
0.03541265981205371
0.03541265981205371
0.034354545647427605
0.03472955139353163
0.03412162547701487
0.03458071106641918
0.03519039907190184
0.035310305365449816
0.03522445964918476
0.035647027901879076
0.036295641946989046
0.03581957711868648
0.03584046458737277
0.036107484340369804
0.0373050505474343
0.036684213762411204
0.03633515098023643
0.03620414605767634
0.034103609134289316
0.03418283179806474
0.033710192614916555
0.03373720810046671
0.03593589631518808
0.03614197915912641
0.03628582637130243
0.037124268113816215
0.03710706554411837
0.03632375106922448
0.03841235949133239
0.038300159527403226
0.03865468165421471
0.038565395982130796
0.03811174964947367
0.03956270710024095
0.039647301422029935
0.04041903808590121
0.03763579883141156
0.03584361473353519
0.03588125185681006
0.035887497543594035
0.03644457156068472
0.036462266935362544
0.036433620263027794
0.037064735146847466
0.03786639742670486
0.038263299511237865
0.03848477753377804
0.038011567348452915
0.03814811807663147
0.037003643770032214
0.03706622504325955
0.03485891553696077
0.036591920289813805
0.037136101825481466
0.036431366429775715
0.036431366429775715
0.036431366429775715
0.0363451209490994
0.03649846592207464
0.03646733145877477
0.035114562818884046
0.035114562818884046
0.03500638642348141
0.03436795881919989
0.03458454772447397
0.034859168061243874
0.03489415232897872
0.034085810670610936
0.034085810670610936
0.03482437384522281
0.03528349586723228
0.03523976976078795
0.035403161486951336
0.03662724959524402
0.036371489467772994
0.03747049409581303
0.03757069213953688
0.0373093508422963
0.0386169918440533
0.0399276170244411
0.0391025671333592
0.04082678346286006
0.04205264812480359
0.03992191491969648
0.039527564430884336
0.04037083974719726
0.038478728640062576
0.03834364720199111
0.038241397019232896
0.038247701051404424
0.03834812385698461
0.0384631640750612
0.039311742546734675
0.04036536640223438
0.0394096712405598
0.0378537834586129
0.0379540781330093
0.038012273777326126
0.038207773761039336
0.03985060765664209
0.0393496852584186
0.03751995078520632
0.03751995078520632
0.03900991769591942
0.039865163716370076
0.039911821371564904
0.04071943106773146
0.0406812945919605
0.04149863879121018
0.04046072042362324
0.039445017800000655
0.03984721204269068
0.04003731636714333
0.040283426011251296
0.04055531007060319
0.04106094883198537
0.041973015393054584
0.0429651563547517
0.0427391670634479
0.04251161568375096
0.04251161568375096
0.04184454342157214
0.04035868786655558
0.03953037148899612
0.04013013805758524
0.03919156568228042
0.03919388396040466
0.03908521733303368
0.03926220327943994
0.039505282485135636
0.03879894787280961
0.03993286330012601
0.04031009377675488
0.03890362620203126
0.03869153958770928
0.03953045112286331
0.03937641945146956
0.040397034287670816
0.04041795432424371
0.03873743339850097
0.0389169209300713
0.03811014450557575
0.03877791445216074
0.038522767446826055
0.037442522297419956
0.03759270250460358
0.03688250645324061
0.037163547663381785
0.037506041033729294
0.03840559651057981
0.037896135519500315
0.03868262924336809
0.03951812866574688
0.03833192007341957
0.03822599026104707
0.03888834919251306
0.03826706461466037
0.039396975962267836
0.039029192276439764
0.03854731176958335
0.03914270845810093
0.03878814528585314
0.03800962677681817
0.03700946547431069
0.035224241209700795
0.03545574557133954
0.03490386044298754
0.0367819566681016
0.03673087620044418
0.03717068654428098
0.037051428093714686
0.036925845268119005
0.03690195338024812
0.03694101368243992
0.036791160430199456
0.03922890810140233
0.03725332121452618
0.03759634844076842
0.03760753130261981
0.036437034221277566
0.036437034221277566
0.035149936039947954
0.034972047545273305
0.035826556962273964
0.03600953380321835
0.03554863915901975
0.035723702847958526
0.035466698206450306
0.0353153923227014
0.035211112233140746
0.03594235559585415
0.036129534947252386
0.03714135843573459
0.03623793404662593
0.03609895875565988
0.035261712110621665
0.03546661127044723
0.03607457438131583
0.036337438653817236
0.03763108296609521
0.03714103718539671
0.03709575678081967
0.03718213176518275
0.036090490644708914
0.03602686752821788
0.03603550266951837
0.036496204261296517
0.03628237963546778
0.0363047378036884
0.03670048690081976
0.03665322938237518
0.037277531067740274
0.03746864309668586
0.03649970423038607
0.0366790491753263
0.03661193629949205
0.03658335431616022
0.03670755718943108
0.03512474607971235
0.03512971592785244
0.03525397509028344
0.03592249262138277
0.037097734941385005
0.038470410828063205
0.037429355475581856
0.03915172793310216
0.03946992518208175
0.03921612610683124
0.03903597515892135
0.041021939706020916
0.04041920908642265
0.04041920908642265
0.03851741321601249
0.037781606261617307
0.039195189580594626
0.03906619015792548
0.038707120644832956
0.040743515838419224
0.040240649509816005
0.03962100708946981
0.03950801805047072
0.0392751141568998
0.038367619401638076
0.035878868505146023
0.03672460410263155
0.03825308963630551
0.03838954826605466
0.040718760874050096
0.040281118315919
0.03889538412833236
0.03881981799522794
0.03785348881352856
0.03694840707052294
0.03571049667657451
0.036801158904122354
0.03694539997192982
0.03745203630005197
0.03708499995751623
0.03618295934614771
0.036532273460589904
0.03460518300488314
0.03394751538723697
0.03424318317372975
0.03432597197469687
0.033728862492331646
0.034712944537133604
0.03456083983051238
0.035490431573589845
0.035934018482268626
0.035817934291533175
0.03720386415852773
0.037272752473289504
0.0348638185420039
0.03470803388168905
0.03493260748117416
0.0354735326516207
0.0361327342461343
0.03526000273661817
0.03532124883067137
0.03664029721512287
0.036893637092582914
0.03762159643479979
0.03707828156870364
0.03709020424259846
0.03709518989542254
0.036379059361147194
0.0367240024183226
0.03819328323930247
0.037881511477983694
0.03683487383274446
0.037210078990917266
0.03738793527706581
0.03889938221800276
0.03805499856799038
0.03811075525601028
0.037970269569949464
0.038098630778716905
0.03842699552079214
0.038756786789367
0.03866130665451258
0.038564197972796574
0.038779781279562726
0.03852421692326931
0.038128242216675136
0.037596494496937055
0.03743491852706166
0.038738710960025
0.03833792310379167
0.03760099611217733
0.03987273501092061
0.03823274466546131
0.038266272823011586
0.04014571175138273
0.040810438029884884
0.03907631254620594
0.038926069436172835
0.03821127282361528
0.03644712663642585
0.03635761510357441
0.03683489491570753
0.03968675411072601
0.039363787286004245
0.0398542324766192
0.04111080568485958
0.04090588211104532
0.04051308914981732
0.039482714350506286
0.040639600980577756
0.04112446366571723
0.04144857957005579
0.04153993521549342
0.041494499019391944
0.04040644389426108
0.0400204574985577
0.04024041472985843
0.04107071532947605
0.040736020727867535
0.04111274885884779
0.04179803255736811
0.043222977436058456
0.04218775892822725
0.042525526102883834
0.042384800569357485
0.04316370272228658
0.04300430423016089
0.04257129003037527
0.04224562296226146
0.04294314676355305
0.043328649360894145
0.04074501140695999
0.04079905660118157
0.04298912169219988
0.04324204828186564
0.0422471525076077
0.04283618214569744
0.04242751632906832
0.04393354737086977
0.04365971324123311
0.04328708435086852
0.040054502895568826
0.03857912042961892
0.039532775410915634
0.03919194624869535
0.03963837971510905
0.040078544442207015
0.04056552023204968
0.039661157416126136
0.038411182148163754
0.0387112850602028
0.039542130154173655
0.03824041433969838
0.03817173815611948
0.03771711180909158
0.0377460785270704
0.0373035470846
0.03742629392699479
0.03674935760387458
0.037732704375237756
0.037565071285191286
0.03738708972663204
0.03748632799292035
0.04007054336748774
0.04010642339995216
0.04070172569681873
0.040634076200661756
0.04077312885937263
0.039079402394370175
0.040882381818871494
0.04007689994436846
0.03977417597458883
0.039030838000589464
0.04108987106175342
0.0409627514086485
0.040190326729733036
0.03941257142063564
0.039734051799056334
0.03972249233409575
0.03970592957017747
0.03989235787865518
0.0395093598515604
0.04032881804156013
0.04198141827517786
0.0420093601618965
0.04246637840815119
0.04179427057981016
0.042580981808405825
0.043018631890086236
0.04312872842415937
0.040256025473916844
0.039969874521041934
0.03955340865569488
0.04028558043592561
0.04122212324382102
0.041784233609564944
0.04361502430154878
0.043406920817827224
0.04346296097580583
0.04350301610001357
0.04400091321446008
0.04416615026032411
0.04220213676073464
0.0408116327833042
0.039958875401043446
0.040259436224728225
0.03805965525217331
0.03888799510341692
0.03879705500552307
0.03879901954327572
0.039147576421454625
0.038793481543481785
0.03732814485440009
0.03661312592348456
0.03711382723634942
0.03682278698658905
0.035737054677739515
0.03657264878411101
0.03878325077936379
0.03784213450208509
0.03763076839429552
0.038443448443929294
0.03928141357092233
0.03932057384950432
0.039378422534965485
0.0401829580680896
0.04135949644372554
0.04271494993405455
0.04289733663682374
0.04110247826203815
0.04057199633027108
0.040363160601239866
0.0384283510352775
0.03877131948469522
0.03734048529313805
0.03772360500256571
0.03816941813654398
0.038968570457329155
0.03823067012226628
0.03872926020318594
0.03977194828359677
0.04015660444848625
0.040311694969867064
0.039484393466494336
0.040049011225833875
0.03960101940740558
0.03960101940740558
0.03965224216992483
0.04012887185846501
0.04012887185846501
0.04012887185846501
0.04093149330669107
0.04073795666066261
0.03960531370077679
0.038506802944859385
0.03827139991631041
0.03827139991631041
0.038674237079067315
0.04007795643019201
0.04007795643019201
0.040155055288549686
0.03974811394792342
0.0408690490261523
0.0408690490261523
0.0408263061483496
0.0408408789655577
0.040879692627544525
0.040879692627544525
0.041272069365846306
0.041272069365846306
0.04114748905565171
0.04182332207933693
0.04182332207933693
0.04182332207933693
0.04279631714220147
0.04316913663521794
0.04308332938407895
0.04319721999861323
0.04319721999861323
0.0406507167897974
0.0406507167897974
0.04165529776606495
0.04180656081643362
0.04169037088704653
0.04165902574080661
0.04165902574080661
0.04175600466827809
0.04150589897169166
0.0415779582223695
0.0415779582223695
0.04184727173833679
0.04184727173833679
0.04184332467764451
0.041620169757513426
0.04399110173520051
0.044505933088593005
0.044505933088593005
0.044505933088593005
0.04638148318835062
0.04621457224226948
0.04621457224226948
0.04621457224226948
0.04621457224226948
0.04621457224226948
0.04690159315200634
0.04690159315200634
0.04690159315200634
0.04711712269739526
0.04711712269739526
0.04711712269739526
0.04711712269739526
0.04711712269739526
0.04711712269739526
0.04711712269739526
0.04711712269739526
0.04711712269739526
0.04711712269739526
0.04711712269739526
0.04711712269739526
0.04731184449683715
0.0484428661260131
0.0484428661260131
0.0484428661260131
0.0484428661260131
0.0484428661260131
0.0484428661260131
0.0484428661260131
0.0484428661260131
0.04915211333692036
0.04915211333692036
0.04915211333692036
0.04915211333692036
0.04915211333692036
0.04915211333692036
0.04937276556865364
0.05062117606029276
0.05062117606029276
0.05162314446348705
0.05162314446348705
0.05162314446348705
0.05162314446348705
0.05162314446348705
0.05162314446348705
0.05162314446348705
0.05162314446348705
0.05162314446348705
0.05162314446348705
0.051818480120132085
0.051818480120132085
0.051818480120132085
0.05255597890439244
0.05255597890439244
0.05255597890439244
0.05255597890439244
0.05255597890439244
0.05255597890439244
0.05255597890439244
0.05255597890439244
0.05255597890439244
0.05255597890439244
0.05255597890439244
0.05259887411467648
0.05259887411467648
0.05259887411467648
0.05259887411467648
0.05259887411467648
0.05259887411467648
0.05259887411467648
0.05259887411467648
0.05297615151350013
0.05301062627539104
0.05301062627539104
0.05301062627539104
0.05308600848682741
0.05308600848682741
0.05308600848682741
0.05308600848682741
0.05308600848682741
0.05308600848682741
0.05308600848682741
0.05308600848682741
0.05308600848682741
0.053187283808866524
0.053187283808866524
0.053187283808866524
0.053187283808866524
0.053187283808866524
0.05383719566531484
0.05383719566531484
0.05383719566531484
0.05383719566531484
0.05383719566531484
0.05383719566531484
0.05383719566531484
0.05383719566531484
0.05383719566531484
0.05383719566531484
0.05383719566531484
0.05383719566531484
0.05383719566531484
0.05383719566531484
0.05383719566531484
0.05393128892495696
0.05393128892495696
0.05393128892495696
0.05393128892495696
0.05400408840504679
0.05400408840504679
0.056690234401216046
0.056690234401216046
0.056690234401216046
0.058181101860159665
0.058181101860159665
0.058181101860159665
0.058181101860159665
0.058181101860159665
0.058181101860159665
0.058181101860159665
0.058181101860159665
0.058181101860159665
0.05865239338178313
0.05865239338178313
0.05865239338178313
0.05890555583119064
0.05890555583119064
0.05890555583119064
0.05890555583119064
0.05890664955206861
0.05890664955206861
0.05890664955206861
0.05890664955206861
0.05890664955206861
0.05890664955206861
0.05890664955206861
0.05890664955206861
0.05890664955206861
0.05890664955206861
0.05890664955206861
0.05890664955206861
0.05890664955206861
0.05890664955206861
0.05892459999448204
0.05892459999448204
0.05892459999448204
0.05892459999448204
0.05896995018477965
0.05896995018477965
0.05896995018477965
0.05896995018477965
0.05896995018477965
0.05896995018477965
0.05896995018477965
0.05896995018477965
0.05896995018477965
0.05896995018477965
0.05896995018477965
0.05896995018477965
0.05896995018477965
0.05896995018477965
0.05896995018477965
0.05896995018477965
0.05896995018477965
0.05896995018477965
0.05896995018477965
0.05896995018477965
0.05896995018477965
0.05896995018477965
0.05896995018477965
0.05986702693734435
0.05986702693734435
0.05986702693734435
0.05986702693734435
0.05986702693734435
0.05986702693734435
0.05986702693734435
0.05986702693734435
0.05986702693734435
0.05986702693734435
0.05986702693734435
0.05986702693734435
0.05986702693734435
0.05986702693734435
0.05986702693734435
0.05986702693734435
0.05986702693734435
0.05986702693734435
0.05986702693734435
0.05986702693734435
0.05986702693734435
0.05986702693734435
0.05986702693734435
0.05986702693734435
0.05986702693734435
0.05986702693734435
0.05986702693734435
0.05986702693734435
0.061018892034934685
0.061018892034934685
0.061018892034934685
0.061018892034934685
0.061018892034934685
0.061018892034934685
0.061018892034934685
0.061018892034934685
0.061018892034934685
0.061018892034934685
0.061018892034934685
0.061018892034934685
0.061018892034934685
0.061018892034934685
0.061018892034934685
0.061018892034934685
0.061018892034934685
0.06135107546047696
0.06135107546047696
0.06135107546047696
0.06135107546047696
0.06135107546047696
0.06135107546047696
0.06135107546047696
0.06135107546047696
0.06135107546047696
0.06135107546047696
0.06135107546047696
0.06135107546047696
0.06135107546047696
0.06135107546047696
0.06135107546047696
0.06135107546047696
0.06135107546047696
0.06135107546047696
0.06135107546047696
0.06135107546047696
0.06135107546047696
0.06135107546047696
0.06135107546047696
0.06135107546047696
0.06135107546047696
0.06135107546047696
0.06135107546047696
0.06135107546047696
0.06135107546047696
0.06135107546047696
0.06135107546047696
0.06135107546047696
0.06135107546047696
0.06135107546047696
0.06135107546047696
0.06135107546047696
0.06135107546047696
0.06135107546047696
0.06135107546047696
0.06135107546047696
0.06135107546047696
0.06135107546047696
0.06135107546047696
0.06135107546047696
0.06135107546047696
0.06135107546047696
0.06135107546047696
0.06135107546047696
0.06135107546047696
0.06135107546047696
0.06135107546047696
0.06135107546047696
0.06135107546047696
0.06135107546047696
0.06135107546047696
0.06135107546047696
0.06135107546047696
0.06135107546047696
0.06135107546047696
0.06135107546047696
0.06135107546047696
0.06135107546047696
0.06135107546047696
0.06135107546047696
0.06135107546047696
0.0626431005763865
0.0626431005763865
0.0626431005763865
0.0626431005763865
0.0626431005763865
0.0626431005763865
0.0626431005763865
0.0626431005763865
0.0626431005763865
0.06282585608061829
0.06282585608061829
0.06282585608061829
0.06282585608061829
0.06282585608061829
0.06282585608061829
0.06282585608061829
0.06282585608061829
0.06282585608061829


Results for SA:
Training time: 0.065 seconds.
Optimal instance found after 0.064752128 seconds.
Final optimal solution found: 0.06282585608061829
