-i 1000 -algo ga -opt -problem tsp -tomutate 100 
Iterations: 1000
Optimization expirement
Problem set to: tsp
toMutate: 100

Training GA
0.05023924218643006
0.05203794920482922
0.06093788508920592
0.06537843047472242
0.06729938168879127
0.05627018699459761
0.07090129180389239
0.07421109423924022
0.07399382061692761
0.07436013316656549
0.07600003654128244
0.07979705030429603
0.08395854220893573
0.07707714837308915
0.07707714837308915
0.08402241139990697
0.08402241139990697
0.09521361924032988
0.07362401493168497
0.07362401493168497
0.07362401493168497
0.07362401493168497
0.0953412811763295
0.0953412811763295
0.09431656407828799
0.09472667037053949
0.1056832723277487
0.1056832723277487
0.10100842065708812
0.07850242680219871
0.10673279275411797
0.10673279275411797
0.06482378296609817
0.049555504544727014
0.04923990562424076
0.04472020616133136
0.04321147863693593
0.04333216516874177
0.04333216516874177
0.08572432738877464
0.11375695081745754
0.12517888258793586
0.09848900947444263
0.08041938157472714
0.11058868409506976
0.11058868409506976
0.10916014795762395
0.0823206028753199
0.10469580103828283
0.10768645430556179
0.10255888373428859
0.10025497181298262
0.10570260667693795
0.107851630731681
0.10410141866173024
0.10441891519396794
0.11167387948612144
0.09892946919188915
0.11490422041846582
0.11490422041846582
0.10303302281685625
0.12212268122471542
0.11049740453350529
0.12144186446873287
0.11933765671274718
0.11933765671274718
0.10855005792385407
0.12077820339955182
0.12077820339955182
0.10102459283120384
0.10102459283120384
0.11021341325655572
0.11219483457017836
0.13304249980535762
0.13304249980535762
0.08856294408279074
0.11780254576922648
0.11090049123886599
0.11090049123886599
0.11860489821540622
0.11737348248419173
0.12821449522480732
0.12821449522480732
0.08876905044574558
0.12054168998321753
0.13164881009990728
0.13164881009990728
0.12691594931197334
0.13193090022069368
0.06583007811068813
0.04617670028587032
0.04617670028587032
0.04617670028587032
0.04617670028587032
0.043614114286216796
0.11746716935780124
0.11746716935780124
0.12829036135734326
0.12829036135734326
0.11467738571787635
0.11467738571787635
0.11467738571787635
0.11167590494560257
0.09835038556932792
0.13437352471546282
0.13437352471546282
0.10588599731318107
0.09835418647974582
0.09835418647974582
0.10636896750694975
0.1445982369790214
0.06134054311482912
0.04790845176943679
0.07493429109995678
0.07343235286676808
0.12990680720122386
0.10288527932763925
0.12108207416837742
0.11927751406316744
0.12175873027878122
0.12513887382440253
0.12907372081742866
0.11927955458997176
0.12462055645912058
0.13122128921184803
0.1254882602019608
0.12757151895746874
0.11957112527177953
0.11192992075763608
0.11192992075763608
0.10174455678192548
0.1202623539654091
0.12284496114186014
0.13750212074641574
0.13750212074641574
0.13750212074641574
0.12695432208577367
0.12408644436807714
0.1288048604852196
0.12432883634115867
0.12460576288781883
0.0709880428110146
0.0709880428110146
0.12605265680275557
0.1295630522827522
0.12079329588334359
0.12336960408979511
0.12100299601885173
0.11919802962892616
0.13712270229897452
0.125950016488014
0.12246695123188553
0.08148885666553114
0.1300110037207835
0.10182322095577118
0.12153961518426466
0.1198088492925206
0.12451740102493393
0.12975407170729997
0.09199797865162737
0.11915014172142045
0.13423464387094866
0.1213577503666977
0.12145493792772796
0.12310875926734936
0.129876877826114
0.129876877826114
0.1349119125471591
0.1349119125471591
0.13355192836329238
0.12320503394800396
0.08307345332001535
0.1440423098448591
0.07502540968650323
0.06055119727150583
0.055491482202303224
0.055491482202303224
0.05516376070816321
0.05858319813352864
0.13602479075041768
0.139273267132636
0.13602479075041768
0.13602479075041765
0.11064531843520084
0.13107309975074097
0.13107309975074097
0.138557121595221
0.138557121595221
0.138557121595221
0.1103899392816551
0.1103899392816551
0.10603521376823372
0.11204169265754596
0.061874576992153374
0.13332043680236247
0.13112126729008866
0.13112126729008866
0.08403513459858472
0.06432234325605911
0.06589745635449688
0.053827540320646725
0.053931437898524504
0.04849720913715982
0.04640822491181852
0.04640822491181852
0.1245331801939347
0.06683713345590939
0.08628228238092311
0.1262563523653428
0.06741269823704958
0.12349654868604383
0.09259423846648923
0.09259423846648923
0.08806281680011484
0.08806281680011484
0.12378725673929634
0.12378725673929634
0.12378725673929634
0.10613560587231698
0.13204789967449163
0.10582235983526199
0.09434811423457148
0.09434811423457148
0.08095949231026711
0.137838981300439
0.13783898130043903
0.13840710853404167
0.13840710853404167
0.10093301197315771
0.10093301197315771
0.10093301197315771
0.07592107087154173
0.05677524332363088
0.052271541178725046
0.048362871292245306
0.04247902967319765
0.04100737109897708
0.04213464373255481
0.03720926677020929
0.03746408915956266
0.03983294783245761
0.04005089034400944
0.04007029340846918
0.12295729680454096
0.12295729680454096
0.12528806024500036
0.127595903178856
0.127595903178856
0.127595903178856
0.07326536564222176
0.13133952628864404
0.10000863841470459
0.10000863841470459
0.10000863841470459
0.12898470089976244
0.13306445617604493
0.10662142872072207
0.10662142872072207
0.10232923775075484
0.06757850938225213
0.13061976290074692
0.13061976290074692
0.09293044174173437
0.09293044174173437
0.09293044174173437
0.1247982182306803
0.09786164410647438
0.07106371854294499
0.07106371854294499
0.07106371854294499
0.07106371854294499
0.07106371854294499
0.07106371854294499
0.12528714908026203
0.10857417175410136
0.12754317174146546
0.09145866220423404
0.0945132953345799
0.12352279556112607
0.12671048648990788
0.12671048648990788
0.09813184592096175
0.13396005143403056
0.13311891752850435
0.13311891752850435
0.13311891752850435
0.13311891752850435
0.10946672287475545
0.12921842432266156
0.13613153463764993
0.11598436203376851
0.11764191843214855
0.0811091930596574
0.11329814322229094
0.12230679276439808
0.12371116757824437
0.101697563554789
0.101697563554789
0.101697563554789
0.12622965512872808
0.12809319967131327
0.12515182194630942
0.1291666295705325
0.14159508949709015
0.142645357554575
0.14159508949709015
0.1008033987799966
0.06963584558523653
0.057468798667628655
0.057468798667628655
0.05266767203891166
0.13028564390605604
0.13028564390605604
0.13028564390605607
0.13028564390605607
0.14298221252371063
0.10543693272034474
0.10543693272034474
0.10543693272034474
0.05014989006770679
0.05014989006770679
0.04938986203209853
0.13200166334521793
0.15161283623349206
0.13688650964872728
0.13599592741716526
0.09914389455016939
0.13522287329514393
0.13522287329514393
0.1365603124473261
0.14328205023089474
0.10936144978043977
0.09511086453939771
0.1432820502308947
0.1413125624018023
0.1413125624018023
0.1413125624018023
0.1413125624018023
0.1499093952534379
0.1499093952534379
0.14782352079649408
0.15201430245967668
0.10069744147705699
0.10069744147705699
0.0896066812481295
0.08144398377386558
0.15216972827080721
0.05053872940141128
0.05053872940141128
0.15030662279756699
0.09835052445600118
0.1451103272063936
0.1553476155523255
0.15534761555232554
0.1553476155523255
0.09972513880472582
0.15534761555232557
0.1553476155523255
0.1553476155523255
0.12207779692170323
0.08586490051404956
0.14899136473056698
0.15534761555232557
0.14429329218236822
0.1553476155523255
0.14919959062838062
0.14989165140942662
0.0915570886978865
0.0913480931041918
0.14875922714009024
0.0913480931041918
0.08555513355430795
0.08555513355430795
0.15065496388703417
0.15065496388703417
0.07089901882809652
0.0726391636574786
0.15065365268653985
0.09760188491875843
0.09760188491875843
0.1515708721554501
0.15667199079460103
0.15667199079460103
0.156671990794601
0.13248855926405614
0.15633597592577153
0.15633597592577153
0.1055827362495036
0.1055827362495036
0.1055827362495036
0.1423843840300918
0.14394445814788398
0.1423843840300918
0.14491108606312167
0.1455086779656528
0.07622019536681827
0.05636565700568464
0.14977074634381057
0.14977074634381057
0.14977074634381057
0.14977074634381057
0.10497984393597111
0.07457487037347388
0.07457487037347388
0.06276388087968705
0.05983418404153368
0.05983418404153368
0.055826387070653516
0.04725028904778684
0.0461457409161045
0.0461457409161045
0.053453293610749374
0.05274832751107668
0.04904398778535132
0.14418962003328453
0.14968421963825015
0.1444420070452287
0.14408025459090554
0.15052182119521829
0.15052182119521829
0.15052182119521829
0.13307034371872015
0.13307034371872015
0.09397371685864986
0.11940617345693821
0.11940617345693821
0.1496581851685949
0.14977503422903798
0.1498079425889492
0.13416578085686837
0.13416578085686837
0.13416578085686837
0.13416578085686837
0.13416578085686837
0.1511485898286398
0.14825955383821715
0.10780642004130782
0.10780642004130782
0.0978313237794669
0.15754250847402076
0.15754250847402076
0.10442929923484638
0.14485273428775058
0.15307401681582847
0.1404695551364334
0.1463722394062669
0.09619101270661151
0.08618070491533035
0.14760213955653737
0.1547423232721746
0.1461774230925294
0.14825334754513958
0.15737403100865155
0.12252985387031955
0.12252985387031955
0.08043944763331705
0.1520865443323118
0.06983030959664695
0.1503514714675883
0.1503514714675883
0.156671990794601
0.14617742309252943
0.14585641199854427
0.10178880916879089
0.0997191410721155
0.08829257090669769
0.07754327528427397
0.153445298194321
0.1445871457138371
0.14663411688323544
0.1473188666538283
0.15667199079460098
0.15015216491055
0.14699816527935342
0.14213042095074385
0.14213042095074385
0.14529431335040266
0.14529431335040266
0.15189313988730463
0.15189313988730463
0.07781382938444766
0.06443865694786587
0.06430781958281936
0.05680461260034063
0.05052652193950398
0.049719588928820946
0.12657646225670877
0.12657646225670877
0.10470562518836216
0.14438535440868283
0.14085547948916796
0.14823737288966313
0.14027879368676732
0.13162416116560488
0.11297448934570892
0.14328774241060863
0.14328774241060863
0.14703904950321853
0.10136828090182025
0.09535870432899785
0.14419644121593106
0.14331337353719545
0.04830223884845899
0.14043354224026167
0.048770710777503334
0.13939364109456084
0.13939364109456084
0.14067071157197428
0.14611667302456652
0.14611667302456652
0.1402947423569891
0.10734040890697066
0.059010900920928325
0.1479470136077747
0.0570619595313722
0.0570619595313722
0.10742081816003789
0.08379940207250607
0.14073008111971191
0.12910274830610466
0.12734839042959947
0.06712442890407037
0.13766005414149457
0.14298198079904714
0.12743633872023583
0.12743633872023583
0.07986257137875998
0.06110788174747178
0.06110788174747178
0.06110788174747178
0.06110788174747178
0.09965259738658053
0.14198767829888986
0.06682652275797801
0.1383878048422727
0.14205253205948074
0.08614029694228019
0.08614029694228019
0.06246002237369125
0.06246002237369125
0.05686976848066901
0.14438535440868283
0.1443853544086828
0.05048254714214897
0.040693741723384955
0.040693741723384955
0.040693741723384955
0.13744359756601884
0.13751028582576613
0.13257258276937275
0.13854411226944374
0.13465804868376724
0.13465804868376724
0.1451578241156866
0.1451578241156866
0.1451578241156866
0.14181013755762753
0.14170930695984613
0.1432457217178591
0.1432457217178591
0.13953249608563822
0.14511050410754373
0.14219530026235255
0.14219530026235255
0.13891120135493962
0.15068220581228778
0.15068220581228778
0.1288264762340958
0.1288264762340958
0.14273965878405265
0.14273965878405268
0.14273965878405265
0.14527911122421594
0.14527911122421594
0.1406220762545909
0.09851701523948386
0.08289237717979002
0.14102340241200545
0.14102340241200545
0.15754250847402076
0.15754250847402076
0.15754250847402076
0.1575425084740208
0.07550465798715766
0.07550465798715766
0.15181904314917696
0.14175502800740844
0.12379557046636835
0.15263104599682456
0.15263104599682456
0.1362063151819073
0.1362063151819073
0.11342580926923393
0.15558877644984656
0.07316142762815725
0.06572233493590483
0.06559550441606807
0.05881152346937237
0.05881152346937237
0.05386633758896817
0.05386633758896817
0.14503013973570067
0.10862285592691921
0.10862285592691921
0.07767903640436938
0.07941065622869681
0.13849440634138852
0.1440491235167431
0.09889815456960868
0.1563359759257715
0.1563359759257715
0.14465226414891721
0.14695334876640134
0.11494312560467947
0.10003538688978411
0.14493899111149686
0.14530725684692405
0.15031469462772531
0.13176461249657326
0.1073438139930936
0.14013043850747434
0.10758861247674185
0.1405362697276483
0.1405362697276483
0.14689757279175525
0.14689757279175525
0.14689757279175525
0.14899635163006777
0.09418725187817263
0.08284601069559969
0.08284601069559969
0.08015448156002215
0.14885489769021543
0.14885489769021543
0.07325408926246474
0.07781919059353586
0.07293672616825986
0.07293672616825986
0.14366499258432372
0.14849458542387012
0.14849458542387012
0.12459286399027963
0.1490942651221675
0.1103800979513417
0.1103800979513417
0.1103800979513417
0.14572543490447099
0.15029971173267317
0.07192131832791346
0.13819206123318475
0.13579750523829184
0.13974587875309885
0.13974587875309885
0.14231437182396722
0.1352229211563972
0.14289550932173162
0.14716584399193658
0.14611870757945197
0.06495946047486759
0.14334183987119822
0.144758288714764
0.10046551919370199
0.14688161724710744
0.1461031099647557
0.1461031099647557
0.14716739375239732
0.14836653932643473
0.14836653932643473
0.1486394163019726
0.07751863373221025
0.1503446752506361
0.09825511332485336
0.09407795916862492
0.09407795916862492
0.10404048272672967
0.10404048272672967
0.08613199518916823
0.1563359759257715
0.1563359759257715
0.10422869803446426
0.1563359759257715
0.0885077519248216
0.0885077519248216
0.0695583681844678
0.060044124536161245
0.1563359759257715
0.09518926876221905
0.0935076171126659
0.057595827457886384
0.057595827457886384
0.14989165140942665
0.14989165140942665
0.09446019067177286
0.09446019067177286
0.05576127429291089
0.051015940415207316
0.14287639254780293
0.14415869568617726
0.14710948996168072
0.07781334910077273
0.0654282445918351
0.1538579362179295
0.1538579362179295
0.1492656837056825
0.14972243699655918
0.15068220581228778
0.09355189605721931
0.07426919981163657
0.07426919981163657
0.14953025238016493
0.15306484204839887
0.15306484204839887
0.11154353268041779
0.15664950577853684
0.15664950577853684
0.1404827458166419
0.1404827458166419
0.10502397271432913
0.14298198079904714
0.14484312793058604
0.12730636904262485
0.1511485898286398
0.1511485898286398
0.10752517943032372
0.14443814062169016
0.1447076340212754
0.10567408554872501
0.10567408554872501
0.14754208229575133
0.15079717617281124
0.15079717617281124
0.14470763402127532
0.11624384819284005
0.15031469462772531
0.15031469462772531
0.15031469462772531
0.07618200036219844
0.07618200036219844
0.09426970267831337
0.13905583532242172
0.14300236220027243
0.09324088455451854
0.14170795673599235
0.14901385867808328
0.14334247727242425
0.14470763402127537
0.15243006268721754
0.14792786452251266
0.14741292137666806
0.09228348452783292
0.14860177602178498
0.08343179428418783
0.14506782098835921
0.1454334480069809
0.11009028556107524
0.12663463154532204
0.14995546852155858
0.1411254855370664
0.14681927846499623
0.10864857220622681
0.1526337881862264
0.1526337881862264
0.14663411688323544
0.14663411688323544
0.14663411688323544
0.14663411688323544
0.14663411688323544
0.136711579264296
0.14531742953777013
0.14699816527935342
0.11836888162810315
0.11836888162810315
0.15243454984061688
0.08268672657206357
0.08268672657206357
0.08268672657206357
0.15337156017798728
0.15337156017798728
0.15035147146758823
0.15035147146758823
0.15035147146758823
0.14792786452251266
0.14792786452251266
0.08450214038463019
0.15230505461278415
0.15230505461278415
0.1395300224772054
0.13954978462273235
0.08313025898993592
0.14407314784680456
0.15162872971405525
0.15162872971405525
0.08283176215254291
0.08283176215254291
0.07547336204937528
0.07547336204937528
0.06527034525229165
0.06527034525229165
0.06016584905466607
0.053281413730690494
0.05103943303430332
0.1476876320738781
0.08783686556009056
0.08031549177871226
0.14584587388201561
0.14515698905117427
0.14019364965802075
0.07778385901508701
0.06601979500644384
0.1441416404432804
0.05630645665417373
0.05401704098947597
0.139406681202109
0.14343844840566414
0.1489111544344919
0.14456903147204317
0.14456903147204317
0.14297199237654823
0.15092715993879152
0.14833130274734793
0.14953025238016493
0.10469321568230805
0.103336396886431
0.15277499835009578
0.10860406959571568
0.10292814760193543
0.09894029093480637
0.15664950577853679
0.09702565172782938
0.15558877644984656
0.07733703135306287
0.07733703135306287
0.14634528336352293
0.15489821656489464
0.15489821656489464
0.1123810911621289
0.11299884678379381
0.09016380964068108
0.09016380964068108
0.10701442428592252
0.09590352922533983
0.08531597311324152
0.15754250847402082
0.15031469462772534
0.15133863336625825
0.1508154517559105
0.1508154517559105
0.1508154517559105
0.1508154517559105
0.12249083401466089
0.12249083401466089
0.15103303902482568
0.14375855594627523
0.14250400008452205
0.05409945452166107
0.1526804912627239
0.05243237028723176
0.14613035123833193
0.14613035123833193
0.14563242526223635
0.051106206596791826
0.1433920528027586
0.15558877644984653
0.1512589719372354
0.14590628218937038
0.1453194319298622
0.15031469462772534
0.1229889342620936
0.1229889342620936
0.0778417046639135
0.07419308332392376
0.14623318613063957
0.14368845988821338
0.15184665137012562
0.14769535541797077
0.14471671656560545
0.1422354967473135
0.12883223699721869
0.11950401191952344
0.14587020023188643
0.13498112281733138
0.09292832841629202
0.08248864868093395
0.1483392089304042
0.10709512937175154
0.1098651028129623
0.08233637939623493
0.08233637939623493
0.06675247131556214
0.06350222284390097
0.14318492614832634
0.14371021534809975
0.15754250847402076
0.1476165868108424
0.10063637208190473
0.14562196234355637
0.14792786452251266
0.14792786452251266
0.15318416012629052
0.10775465894028724
0.1523886905302097
0.1523886905302097
0.1433668194679104
0.14986846309011545
0.14986846309011545
0.15068220581228778
0.14986846309011548
0.1481552405651513
0.15385793621792945
0.1538579362179295
0.1538579362179295
0.1538579362179295
0.1538579362179295
0.09027917255918906
0.10955230512151963
0.10955230512151963
0.08746028548255755
0.08078133070934525
0.14860274124771347
0.07934757613075837
0.14666039571187311
0.14666039571187311
0.15558877644984656
0.1571306306765908
0.1052364931841712
0.08986623027468693
0.08265235438639122
0.06733404564006401
0.15085423276180143
0.15085423276180143
0.09788068315137696
0.14301393809375637
0.14760812014193703
0.1467217743238526
0.1384082350034847
0.10299539177708612
0.10299539177708612
0.14526461683957423
0.14860127099348006
0.14860127099348006
0.14778492351225195
0.10855506337810156
0.14660784069810104
0.1545393399098502
0.08116399856598715
0.15102903679072183
0.13879794051514474
0.14539319800029593
0.1453931980002959
0.1453931980002959
0.1453931980002959
0.1517976352858481
0.15179763528584814
0.15179763528584814
0.11154248687608667
0.14192473095704955
0.14160807711489917
0.14462559763123065
0.14160807711489917
0.12553397465955185
0.0964610602117792
0.14368239682488823
0.15063209774440459
0.08929971853428614
0.14490241621462344
0.14387036475778953
0.14387036475778953
0.12081167034477776
0.09153417591266563
0.09153417591266563
0.1462581035429395
0.1619940476765198
0.15350163060448493
0.118815454211878
0.14150439985784086
0.14444041058271853
0.14444041058271853
0.14295905720127364
0.1551647293644878
0.1450816195947163
0.15390202414687407
0.14430856503691228
0.14509232181968096
0.14509232181968096
0.10062399335764499
0.14586950998942075
0.14961069059326865
0.14961069059326865
0.14462559763123062
0.15068220581228772
0.15068220581228772
0.1462624227899762
0.15002919446284813
0.15075047210941353
0.10226675237288649
0.10226675237288649
0.08942077094149793
0.08942077094149793
0.15034706941496764
0.15034706941496764


Results for GA:
Training time: 0.543 seconds.
Optimal instance found after 0.533769216 seconds.
Final optimal solution found: 0.1619940476765198
