-i 1000 -algo sa -opt -problem tsp -alpha .80 
Iterations: 1000
Optimization expirement
Problem set to: tsp
Cooling alpha: 0.8

Training SA
0.036628632027317615
0.036982324814228716
0.036668265062911466
0.035726911779105905
0.03545103386867056
0.03581153592317227
0.03607273435551188
0.0354055342839114
0.036753649638321305
0.03567853468204599
0.035697709547830005
0.03541492393617664
0.035368495011102986
0.03527476450603626
0.03446036339210854
0.03464885822366175
0.033443728945040656
0.03367153006469366
0.033849796504307486
0.03406200147641293
0.034110733691298266
0.03425628177250417
0.03467480972990507
0.03505770247349487
0.03499283655545155
0.03476009667505505
0.0348180619366714
0.035810443375164445
0.03546389388208869
0.03690175906552955
0.03612053381053303
0.03671806894728521
0.0362088106636569
0.035912109305376784
0.03625173983352003
0.03683751081033751
0.03672524183211191
0.03672524183211191
0.037141802376259456
0.03703355861258916
0.03708097487555232
0.0361389061898315
0.0361389061898315
0.03646682754508915
0.035840845976937534
0.03548903428970881
0.03617423299351814
0.03679504054841867
0.037118555565666955
0.037631926018296014
0.03772536913129559
0.03668061186918372
0.03718390432913311
0.03718390432913311
0.03732350218699269
0.038312196200683386
0.041186011343178765
0.0411986603690467
0.04109970990118807
0.04109970990118807
0.042192722205334876
0.041445064443823634
0.04150960637287738
0.04219801452157569
0.04061938360209368
0.04061938360209368
0.039895588602125664
0.04173048793897567
0.041229924841683904
0.04114440914756107
0.04086691752721313
0.04328042574691514
0.043530182787971196
0.04344934677068579
0.04238342812989882
0.04204526629621304
0.04257035044247894
0.042227129661382944
0.042534301972416394
0.04055760710852833
0.04016570288134581
0.03972098435430602
0.040282110307701985
0.04164834261947685
0.03906324342373937
0.04054743829256949
0.04056327224325167
0.038655052030306836
0.03865338367755201
0.03910392399617416
0.0381579508075599
0.03877576659398709
0.03861599448811918
0.03862902345102245
0.0404470664971704
0.040574653682602775
0.0400562831603624
0.04054887319793216
0.04188061917984373
0.04085698861292366
0.041232670366463976
0.0433680227336668
0.04220278558819847
0.04246133769720849
0.04137390965527694
0.04261141589818269
0.03908301837709998
0.03964124246270396
0.03963738939426485
0.04149341986525301
0.042037484360410375
0.04128837994545109
0.04030757293368709
0.04062436426353829
0.04085512316157817
0.042321904065446996
0.03918695014617149
0.039132536372397504
0.04002574000350802
0.03834021844047986
0.039218082144816015
0.038362727862278956
0.03662261301396144
0.03552916973365918
0.03590729371331002
0.0363700589586088
0.036251689246696674
0.036100333864741756
0.036371203115791034
0.037470579030935265
0.03802673676325592
0.03777041988206324
0.03664922362264324
0.03630012700662235
0.03697782865471217
0.03688161295672741
0.0360245824856563
0.03585021998528334
0.037767858081370516
0.03760043612220924
0.03693821652436353
0.03673295077032532
0.03751123485783318
0.03718479484695567
0.03747546886176679
0.03758710260361253
0.03698423726339279
0.036166371159860246
0.03772753132371732
0.03854934217391547
0.038746855068806575
0.0384987777831691
0.0384987777831691
0.03930638470672713
0.040141976240572745
0.04017900118061506
0.04114972932012787
0.040333498206903726
0.0403022566942997
0.0403022566942997
0.0403022566942997
0.03986167724458615
0.04007540563904173
0.04007540563904173
0.04007540563904173
0.04084340590100774
0.04084340590100774
0.04084340590100774
0.04092653991923655
0.04137182821569971
0.04138253573726023
0.042095944098157805
0.042988575323119754
0.04376238130367837
0.04376238130367837
0.04389487945000197
0.04389487945000197
0.044215391555098106
0.044215391555098106
0.044215391555098106
0.044215391555098106
0.04499835152779715
0.04499835152779715
0.04499835152779715
0.04499835152779715
0.04558381448264537
0.04558381448264537
0.04558381448264537
0.04558381448264537
0.04558381448264537
0.04558381448264537
0.04558381448264537
0.04558381448264537
0.046129345738196874
0.046129345738196874
0.046129345738196874
0.046129345738196874
0.046129345738196874
0.04685259503856348
0.04685259503856348
0.04685259503856348
0.047827353587183215
0.047827353587183215
0.047827353587183215
0.047827353587183215
0.047946876736062724
0.047946876736062724
0.047946876736062724
0.047946876736062724
0.047946876736062724
0.04861761808856895
0.04861761808856895
0.04861761808856895
0.04861761808856895
0.048966675112741394
0.048966675112741394
0.048966675112741394
0.048966675112741394
0.048966675112741394
0.052268838713673896
0.05439638693982885
0.05439638693982885
0.05439638693982885
0.05439638693982885
0.05466454957954221
0.05466454957954221
0.05466454957954221
0.05466454957954221
0.05466454957954221
0.05466454957954221
0.05466454957954221
0.05466454957954221
0.05466454957954221
0.05466454957954221
0.05466454957954221
0.05466454957954221
0.05466454957954221
0.05466454957954221
0.05466454957954221
0.05466454957954221
0.05466454957954221
0.05466454957954221
0.0548888327659457
0.0548888327659457
0.05502347560148039
0.05502347560148039
0.05502347560148039
0.05502347560148039
0.05502347560148039
0.05554647439527786
0.05554647439527786
0.05554647439527786
0.05554647439527786
0.0566829140273336
0.0566829140273336
0.0566829140273336
0.0566829140273336
0.0566829140273336
0.0566829140273336
0.057425402964020746
0.057425402964020746
0.057425402964020746
0.0580802309851619
0.0580802309851619
0.058756291434668526
0.058756291434668526
0.058763537007764294
0.058763537007764294
0.058763537007764294
0.058763537007764294
0.058763537007764294
0.058763537007764294
0.058763537007764294
0.058763537007764294
0.05896043187288911
0.05896043187288911
0.05896043187288911
0.05896043187288911
0.05896043187288911
0.05896043187288911
0.05959069591299262
0.05959069591299262
0.05959069591299262
0.05959069591299262
0.05959069591299262
0.05959069591299262
0.05959069591299262
0.06031098728735235
0.06031098728735235
0.06031098728735235
0.06031098728735235
0.06031098728735235
0.061027743288305195
0.06124305570056941
0.06124305570056941
0.06124305570056941
0.06124305570056941
0.06124305570056941
0.06124305570056941
0.06124305570056941
0.06124305570056941
0.06124305570056941
0.06124305570056941
0.06124305570056941
0.06124305570056941
0.06269091479590184
0.06269091479590184
0.06269091479590184
0.06269091479590184
0.0634767952197917
0.06430283313933287
0.06430283313933287
0.06430283313933287
0.06430283313933287
0.06430283313933287
0.06430283313933287
0.06430283313933287
0.06430283313933287
0.06430283313933287
0.06430283313933287
0.06497855850416767
0.06497855850416767
0.06497855850416767
0.06497855850416767
0.06497855850416767
0.06543681244870304
0.06543681244870304
0.06543681244870304
0.06543681244870304
0.06543681244870304
0.06598768122006497
0.06598768122006497
0.06598768122006497
0.06598768122006497
0.06598768122006497
0.06618725479552519
0.06618725479552519
0.06618725479552519
0.06618725479552519
0.06618725479552519
0.06618725479552519
0.06618725479552519
0.06618725479552519
0.06644763489963003
0.06750397769249429
0.06750397769249429
0.06750397769249429
0.06777690128764553
0.06777690128764553
0.06777690128764553
0.06777690128764553
0.06820315037810709
0.06820315037810709
0.06820315037810709
0.07057900044604129
0.07057900044604129
0.07057900044604129
0.07057900044604129
0.07057900044604129
0.07057900044604129
0.07057900044604129
0.07057900044604129
0.07057900044604129
0.07057900044604129
0.07057900044604129
0.07057900044604129
0.07057900044604129
0.07057900044604129
0.07057900044604129
0.07057900044604129
0.07057900044604129
0.07057900044604129
0.07057900044604129
0.07057900044604129
0.07057900044604129
0.07057900044604129
0.07057900044604129
0.07057900044604129
0.07057900044604129
0.07057900044604129
0.07057900044604129
0.07057900044604129
0.07057900044604129
0.07057900044604129
0.0718781978918205
0.0718781978918205
0.0718781978918205
0.0718781978918205
0.0718781978918205
0.0718781978918205
0.0718781978918205
0.0718781978918205
0.0718781978918205
0.0729611010484353
0.0729611010484353
0.0729611010484353
0.0729611010484353
0.0729611010484353
0.0729611010484353
0.0729611010484353
0.0729611010484353
0.0729611010484353
0.0729611010484353
0.0729611010484353
0.0729611010484353
0.0729611010484353
0.0729611010484353
0.0729611010484353
0.0729611010484353
0.0729611010484353
0.0729611010484353
0.0729611010484353
0.0729611010484353
0.0729611010484353
0.0729611010484353
0.0729611010484353
0.0729611010484353
0.0729611010484353
0.0729611010484353
0.0729611010484353
0.0729611010484353
0.0729611010484353
0.0729611010484353
0.0729611010484353
0.0729611010484353
0.0729611010484353
0.0729611010484353
0.0729611010484353
0.0729611010484353
0.0729611010484353
0.0729611010484353
0.0729611010484353
0.0729611010484353
0.0729611010484353
0.0729611010484353
0.0729611010484353
0.07386452957213868
0.07386452957213868
0.07386452957213868
0.07386452957213868
0.07386452957213868
0.07386452957213868
0.07386452957213868
0.07386452957213868
0.07386452957213868
0.07386452957213868
0.07386452957213868
0.07386452957213868
0.07386452957213868
0.07386452957213868
0.07386452957213868
0.07386452957213868
0.07386452957213868
0.07386452957213868
0.07386452957213868
0.07503139418394202
0.07503139418394202
0.07503139418394202
0.07503139418394202
0.0753426936684734
0.07579238928328119
0.07579238928328119
0.07579238928328119
0.07579238928328119
0.07579238928328119
0.07579238928328119
0.07579238928328119
0.07579238928328119
0.07579238928328119
0.07579238928328119
0.07579238928328119
0.07579238928328119
0.07579238928328119
0.07579238928328119
0.07579238928328119
0.07579238928328119
0.07579238928328119
0.07579238928328119
0.07579238928328119
0.0784841075702516
0.0784841075702516
0.0784841075702516
0.0784841075702516
0.0784841075702516
0.0784841075702516
0.0784841075702516
0.0784841075702516
0.0784841075702516
0.0784841075702516
0.0784841075702516
0.0784841075702516
0.0784841075702516
0.07884109913150879
0.07884109913150879
0.08231819247490889
0.08231819247490889
0.08231819247490889
0.08231819247490889
0.08231819247490889
0.08231819247490889
0.08231819247490889
0.08231819247490889
0.08239707119111073
0.08239707119111073
0.08239707119111073
0.08239707119111073
0.08239707119111073
0.08239707119111073
0.08239707119111073
0.08239707119111073
0.08239707119111073
0.08239707119111073
0.08239707119111073
0.08239707119111073
0.08239707119111073
0.08239707119111073
0.08239707119111073
0.08239707119111073
0.08239707119111073
0.08239707119111073
0.08239707119111073
0.08246586546492846
0.08246586546492846
0.08246586546492846
0.08246586546492846
0.08246586546492846
0.08246586546492846
0.08246586546492846
0.08279980200412618
0.08279980200412618
0.08279980200412618
0.08350304860136804
0.08350304860136804
0.08350304860136804
0.08350304860136804
0.08350304860136804
0.08350304860136804
0.08350304860136804
0.08350304860136804
0.08350304860136804
0.08350304860136804
0.08350304860136804
0.08350304860136804
0.08350304860136804
0.0852569985500005
0.0852569985500005
0.0852569985500005
0.0852569985500005
0.0852569985500005
0.0852569985500005
0.0852569985500005
0.0852569985500005
0.0852569985500005
0.0852569985500005
0.0852569985500005
0.08659724322597229
0.08659724322597229
0.08659724322597229
0.08659724322597229
0.08659724322597229
0.08659724322597229
0.08881926597389816
0.08881926597389816
0.08881926597389816
0.08881926597389816
0.08881926597389816
0.08881926597389816
0.08915792102778801
0.08915792102778801
0.08915792102778801
0.09020599695344214
0.09020599695344214
0.09020599695344214
0.09020599695344214
0.09020599695344214
0.09020599695344214
0.09020599695344214
0.09020599695344214
0.09020599695344214
0.09020599695344214
0.09020599695344214
0.09020599695344214
0.09020599695344214
0.09020599695344214
0.09020599695344214
0.09020599695344214
0.09020599695344214
0.09020599695344214
0.09020599695344214
0.09020599695344214
0.09020599695344214
0.09020599695344214
0.09020599695344214
0.09020599695344214
0.09221076185547392
0.09221076185547392
0.09221076185547392
0.09221076185547392
0.09221076185547392
0.09221076185547392
0.09221076185547392
0.09221076185547392
0.09221076185547392
0.09221076185547392
0.09221076185547392
0.09221076185547392
0.09221076185547392
0.09221076185547392
0.09221076185547392
0.09221076185547392
0.09221076185547392
0.09221076185547392
0.09221076185547392
0.09221076185547392
0.09221076185547392
0.09221076185547392
0.09221076185547392
0.09221076185547392
0.09221076185547392
0.09221076185547392
0.09221076185547392
0.09221076185547392
0.09221076185547392
0.09221076185547392
0.09221076185547392
0.09221076185547392
0.09221076185547392
0.09221076185547392
0.09221076185547392
0.09221076185547392
0.09221076185547392
0.09221076185547392
0.09221076185547392
0.0928979219360977
0.0928979219360977
0.0928979219360977
0.0928979219360977
0.0928979219360977
0.0928979219360977
0.0928979219360977
0.0928979219360977
0.0928979219360977
0.0928979219360977
0.0928979219360977
0.0928979219360977
0.0928979219360977
0.0928979219360977
0.0928979219360977
0.0928979219360977
0.0928979219360977
0.0928979219360977
0.0928979219360977
0.0928979219360977
0.0928979219360977
0.0928979219360977
0.0928979219360977
0.0928979219360977
0.0928979219360977
0.0928979219360977
0.0928979219360977
0.0928979219360977
0.0928979219360977
0.0928979219360977
0.0928979219360977
0.0928979219360977
0.0928979219360977
0.0928979219360977
0.0928979219360977
0.0928979219360977
0.0928979219360977
0.0928979219360977
0.0928979219360977
0.0928979219360977
0.0928979219360977
0.0928979219360977
0.0928979219360977
0.0928979219360977
0.0928979219360977
0.0928979219360977
0.09296634005736204
0.09296634005736204
0.09296634005736204
0.09296634005736204
0.09296634005736204
0.09296634005736204
0.09296634005736204
0.09296634005736204
0.09296634005736204
0.09296634005736204
0.09296634005736204
0.09296634005736204
0.09296634005736204
0.09463017990525834
0.09463017990525834
0.09596404212763943
0.09596404212763943
0.09596404212763943
0.09596404212763943
0.09596404212763943
0.09596404212763943
0.09596404212763943
0.09596404212763943
0.09596404212763943
0.09596404212763943
0.09596404212763943
0.09596404212763943
0.09596404212763943
0.09596404212763943
0.09596404212763943
0.09596404212763943
0.09596404212763943
0.09596404212763943
0.09596404212763943
0.09596404212763943
0.09596404212763943
0.09596404212763943
0.09596404212763943
0.09596404212763943
0.09596404212763943
0.09596404212763943
0.09596404212763943
0.09596404212763943
0.09596404212763943
0.09596404212763943
0.09596404212763943
0.09596404212763943
0.09596404212763943
0.09596404212763943
0.09596404212763943
0.09596404212763943
0.09596404212763943
0.09596404212763943
0.09596404212763943
0.09596404212763943
0.09596404212763943
0.09596404212763943
0.09596404212763943
0.09596404212763943
0.09596404212763943
0.09596404212763943
0.09596404212763943
0.09596404212763943
0.09596404212763943
0.09596404212763943
0.09596404212763943
0.09596404212763943
0.09596404212763943
0.09596404212763943
0.09596404212763943
0.09596404212763943
0.09596404212763943
0.09596404212763943
0.09596404212763943
0.09596404212763943
0.09596404212763943
0.09596404212763943
0.09596404212763943
0.09596404212763943
0.09596404212763943
0.09596404212763943
0.09596404212763943
0.09596404212763943
0.09596404212763943
0.09596404212763943
0.09596404212763943
0.09596404212763943
0.09596404212763943
0.09596404212763943
0.09596404212763943
0.09596404212763943
0.09596404212763943
0.09596404212763943
0.09596404212763943
0.09596404212763943
0.09596404212763943
0.09596404212763943
0.09596404212763943
0.09596404212763943
0.09596404212763943
0.09596404212763943
0.09596404212763943
0.09596404212763943
0.09596404212763943
0.09596404212763943
0.09596404212763943
0.09596404212763943
0.09596404212763943
0.09596404212763943
0.09596404212763943
0.09596404212763943
0.09596404212763943
0.09596404212763943
0.09596404212763943
0.09596404212763943
0.09596404212763943
0.09596404212763943
0.09596404212763943
0.09596404212763943
0.09596404212763943
0.09596404212763943
0.09596404212763943
0.09596404212763943
0.09596404212763943
0.09596404212763943
0.09596404212763943
0.09596404212763943
0.09596404212763943
0.09596404212763943
0.09596404212763943
0.09596404212763943
0.09596404212763943
0.09596404212763943
0.09596404212763943
0.09596404212763943
0.09596404212763943
0.09596404212763943
0.09596404212763943
0.09596404212763943
0.09596404212763943
0.09596404212763943
0.09596404212763943
0.09596404212763943
0.09596404212763943
0.09596404212763943
0.09596404212763943
0.09596404212763943
0.09596404212763943
0.09596404212763943
0.09596404212763943
0.09596404212763943
0.09596404212763943
0.09596404212763943
0.09596404212763943
0.09729293472890933
0.09729293472890933
0.09729293472890933
0.09729293472890933
0.09729293472890933
0.09729293472890933
0.09729293472890933
0.09729293472890933
0.09729293472890933
0.09729293472890933
0.09729293472890933
0.09729293472890933
0.09729293472890933
0.09729293472890933
0.09729293472890933
0.09729293472890933
0.09729293472890933
0.09729293472890933
0.09729293472890933
0.09729293472890933
0.09729293472890933
0.09729293472890933
0.09729293472890933
0.09729293472890933
0.09729293472890933
0.09729293472890933
0.09729293472890933
0.09729293472890933
0.09729293472890933
0.09729293472890933
0.09729293472890933
0.09729293472890933
0.09729293472890933
0.09729293472890933
0.09729293472890933
0.09729293472890933
0.09729293472890933
0.09729293472890933
0.09729293472890933
0.09729293472890933
0.09729293472890933
0.09729293472890933
0.09729293472890933
0.09729293472890933
0.09729293472890933
0.09729293472890933
0.09729293472890933
0.09729293472890933
0.09729293472890933
0.09729293472890933
0.09729293472890933
0.09729293472890933
0.09729293472890933
0.09729293472890933
0.09729293472890933
0.09729293472890933
0.09729293472890933
0.09729293472890933
0.09729293472890933
0.09729293472890933
0.09729293472890933
0.09729293472890933
0.09729293472890933
0.09729293472890933
0.09729293472890933
0.09729293472890933
0.09729293472890933
0.09729293472890933
0.09729293472890933
0.09729293472890933
0.09729293472890933
0.09729293472890933
0.09729293472890933
0.09729293472890933
0.09729293472890933
0.09729293472890933
0.09729293472890933
0.09729293472890933
0.09729293472890933
0.09729293472890933
0.09729293472890933
0.09729293472890933
0.09729293472890933
0.09729293472890933
0.09729293472890933
0.09729293472890933
0.09729293472890933
0.09729293472890933
0.09729293472890933
0.09729293472890933
0.09729293472890933
0.09729293472890933
0.09729293472890933
0.09729293472890933
0.09729293472890933
0.09729293472890933
0.1000640636080267
0.1000640636080267
0.1000640636080267
0.1000640636080267
0.1000640636080267
0.1000640636080267
0.1000640636080267
0.1000640636080267
0.1000640636080267
0.1000640636080267
0.1000640636080267
0.1000640636080267
0.1000640636080267
0.1000640636080267
0.1000640636080267
0.1000640636080267
0.1000640636080267
0.1000640636080267
0.1000640636080267
0.1000640636080267
0.1000640636080267
0.1000640636080267
0.1000640636080267
0.1000640636080267
0.1000640636080267
0.1000640636080267
0.1000640636080267
0.1000640636080267
0.1000640636080267
0.1000640636080267
0.1000640636080267
0.1000640636080267
0.1000640636080267
0.1000640636080267
0.1000640636080267
0.1000640636080267
0.1000640636080267
0.1000640636080267
0.1000640636080267
0.1000640636080267
0.10189458501474702
0.10189458501474702
0.10189458501474702
0.10189458501474702
0.10189458501474702
0.10189458501474702
0.10189458501474702
0.10189458501474702
0.10189458501474702
0.10189458501474702
0.10189458501474702
0.10189458501474702
0.10189458501474702
0.10189458501474702
0.10189458501474702
0.10189458501474702
0.10189458501474702
0.10189458501474702
0.10189458501474702
0.10189458501474702
0.10189458501474702
0.10189458501474702
0.10189458501474702
0.10189458501474702
0.10189458501474702
0.10189458501474702
0.10189458501474702
0.10189458501474702
0.10189458501474702
0.10189458501474702
0.10189458501474702


Results for SA:
Training time: 0.067 seconds.
Optimal instance found after 0.065633024 seconds.
Final optimal solution found: 0.10189458501474702
