-i 1000 -algo sa -opt -problem tsp -alpha .30 
Iterations: 1000
Optimization expirement
Problem set to: tsp
Cooling alpha: 0.3

Training SA
0.04021826818905999
0.03767414546658992
0.0375621471882627
0.03705727465615616
0.03682146853294986
0.03591375351211677
0.03613874569077044
0.03682816230427556
0.03764627674958254
0.03839803424785126
0.038625853634033966
0.03917154785920706
0.03834514494326132
0.03848058253480547
0.03772990483860733
0.035920567748268094
0.03573926289699138
0.03653001959145449
0.03669595558798138
0.03809989751829751
0.03825526537086688
0.037739735240230124
0.03778931410362221
0.03788698640200044
0.038417825281077574
0.03920886734728306
0.03893884705021128
0.03963788843298607
0.04114096241323342
0.04123749394806994
0.04123749394806994
0.04123749394806994
0.04358433206317615
0.04358433206317615
0.04427651642463009
0.04439261070825211
0.04439261070825211
0.04503756491730059
0.04503756491730059
0.04525025247349549
0.04548867854719099
0.04548867854719099
0.04548867854719099
0.04548867854719099
0.04548867854719099
0.04841706463875313
0.04853108042072007
0.04853108042072007
0.04853108042072007
0.04853108042072007
0.049138719633701575
0.049138719633701575
0.049138719633701575
0.049138719633701575
0.049138719633701575
0.049138719633701575
0.05055710110381226
0.05055710110381226
0.05055710110381226
0.05055710110381226
0.05055710110381226
0.05055710110381226
0.05055710110381226
0.05055710110381226
0.050947016922450405
0.05095407804359222
0.05095407804359222
0.05095407804359222
0.05095407804359222
0.05095407804359222
0.05109096180371631
0.05109096180371631
0.05109096180371631
0.05109096180371631
0.05109096180371631
0.05150798893181777
0.05150798893181777
0.052062457552033016
0.052062457552033016
0.052062457552033016
0.052062457552033016
0.054036469964735066
0.054036469964735066
0.054036469964735066
0.05531892938378362
0.05531892938378362
0.05531892938378362
0.05531892938378362
0.05531892938378362
0.05531892938378362
0.05531892938378362
0.05531892938378362
0.05531892938378362
0.05548895892488659
0.05548895892488659
0.05548895892488659
0.05583439169668623
0.05583439169668623
0.05583439169668623
0.05583439169668623
0.05583439169668623
0.05583439169668623
0.05583439169668623
0.0561441697330826
0.0561441697330826
0.0561441697330826
0.0561441697330826
0.05735224469456187
0.05735224469456187
0.05735224469456187
0.059403476516266394
0.06053510156038557
0.06053510156038557
0.06053510156038557
0.06053510156038557
0.06053510156038557
0.06053510156038557
0.06053510156038557
0.06053510156038557
0.06053510156038557
0.06053510156038557
0.06053510156038557
0.06053510156038557
0.06053510156038557
0.06053510156038557
0.06053510156038557
0.06053510156038557
0.06053510156038557
0.06159365929542994
0.06159365929542994
0.06188641210221748
0.06188641210221748
0.06188641210221748
0.06188641210221748
0.06188641210221748
0.06188641210221748
0.06378488342382194
0.06378488342382194
0.06378488342382194
0.06378488342382194
0.06378488342382194
0.06378488342382194
0.06378488342382194
0.06378488342382194
0.06378488342382194
0.06378488342382194
0.06378488342382194
0.06378488342382194
0.06378488342382194
0.06378488342382194
0.06378488342382194
0.06378488342382194
0.06378488342382194
0.06378488342382194
0.06424922739625835
0.06424922739625835
0.06424922739625835
0.06424922739625835
0.06424922739625835
0.06424922739625835
0.06424922739625835
0.06424922739625835
0.06424922739625835
0.06424922739625835
0.06424922739625835
0.06424922739625835
0.06424922739625835
0.06424922739625835
0.06424922739625835
0.06424922739625835
0.06424922739625835
0.06424922739625835
0.06424922739625835
0.06424922739625835
0.06424922739625835
0.06424922739625835
0.06424922739625835
0.06424922739625835
0.06424922739625835
0.06424922739625835
0.06424922739625835
0.06424922739625835
0.06424922739625835
0.06424922739625835
0.06424922739625835
0.06424922739625835
0.06424922739625835
0.06424922739625835
0.06424922739625835
0.06424922739625835
0.06424922739625835
0.06424922739625835
0.06424922739625835
0.06424922739625835
0.06424922739625835
0.06424922739625835
0.06424922739625835
0.06424922739625835
0.06424922739625835
0.06424922739625835
0.06424922739625835
0.06424922739625835
0.06424922739625835
0.06424922739625835
0.06424922739625835
0.06424922739625835
0.06424922739625835
0.06424922739625835
0.06424922739625835
0.06424922739625835
0.06444991936801202
0.06619888484361668
0.06619888484361668
0.06619888484361668
0.06619888484361668
0.06754014214230561
0.06754014214230561
0.06754014214230561
0.06754014214230561
0.06754014214230561
0.06754014214230561
0.06754014214230561
0.06754014214230561
0.06754014214230561
0.06754014214230561
0.06921390691481011
0.06921390691481011
0.06921390691481011
0.06921390691481011
0.06921390691481011
0.06921390691481011
0.06921390691481011
0.06921390691481011
0.06994018783840328
0.06994018783840328
0.06994018783840328
0.06994018783840328
0.06994018783840328
0.06994018783840328
0.06994018783840328
0.06994018783840328
0.06994018783840328
0.06994018783840328
0.06994018783840328
0.06994018783840328
0.06994018783840328
0.06994018783840328
0.06994018783840328
0.06994018783840328
0.06994018783840328
0.06994018783840328
0.06994018783840328
0.06994018783840328
0.06994018783840328
0.06994018783840328
0.06994018783840328
0.06994018783840328
0.06994018783840328
0.06994018783840328
0.06994018783840328
0.06994018783840328
0.06994018783840328
0.06994018783840328
0.06994018783840328
0.07015545929459278
0.07015545929459278
0.07015545929459278
0.07015545929459278
0.07015545929459278
0.07015545929459278
0.07015545929459278
0.07015545929459278
0.07015545929459278
0.07015545929459278
0.0703491763486812
0.0703491763486812
0.0703491763486812
0.0703491763486812
0.0703491763486812
0.0703491763486812
0.07041375252189433
0.07041375252189433
0.07041375252189433
0.07110997360629452
0.07110997360629452
0.07110997360629452
0.07110997360629452
0.07110997360629452
0.07110997360629452
0.07110997360629452
0.07110997360629452
0.07110997360629452
0.07110997360629452
0.07110997360629452
0.07110997360629452
0.07110997360629452
0.07110997360629452
0.07110997360629452
0.07110997360629452
0.07110997360629452
0.07110997360629452
0.07110997360629452
0.07110997360629452
0.07110997360629452
0.07110997360629452
0.07110997360629452
0.07110997360629452
0.07158955600531594
0.07158955600531594
0.07158955600531594
0.07158955600531594
0.07158955600531594
0.07158955600531594
0.07158955600531594
0.07158955600531594
0.07158955600531594
0.07158955600531594
0.07158955600531594
0.07158955600531594
0.07158955600531594
0.07158955600531594
0.07158955600531594
0.07158955600531594
0.07158955600531594
0.07280863721008857
0.07280863721008857
0.07280863721008857
0.07280863721008857
0.07280863721008857
0.07280863721008857
0.07280863721008857
0.07280863721008857
0.07308112345574462
0.07387532759709142
0.07387532759709142
0.07387532759709142
0.07387532759709142
0.07387532759709142
0.07387532759709142
0.07387532759709142
0.07387532759709142
0.07387532759709142
0.07387532759709142
0.07630927926614373
0.07630927926614373
0.07630927926614373
0.07630927926614373
0.07630927926614373
0.07630927926614373
0.07630927926614373
0.07630927926614373
0.07630927926614373
0.07630927926614373
0.07630927926614373
0.07630927926614373
0.07630927926614373
0.07630927926614373
0.07630927926614373
0.07630927926614373
0.07630927926614373
0.07682633949425752
0.07682633949425752
0.07682633949425752
0.07682633949425752
0.07682633949425752
0.07682633949425752
0.07682633949425752
0.07682633949425752
0.07682633949425752
0.07682633949425752
0.07682633949425752
0.0771818399266061
0.0771818399266061
0.0771818399266061
0.0771818399266061
0.0771818399266061
0.0771818399266061
0.0771818399266061
0.0771818399266061
0.07734464411267362
0.07734464411267362
0.07734464411267362
0.07734464411267362
0.07734464411267362
0.07734464411267362
0.07734464411267362
0.07734464411267362
0.07734464411267362
0.07734464411267362
0.07734464411267362
0.07734464411267362
0.07734464411267362
0.07734464411267362
0.07734464411267362
0.07734464411267362
0.07734464411267362
0.07734464411267362
0.07734464411267362
0.07734464411267362
0.07734464411267362
0.07734464411267362
0.07734464411267362
0.07734464411267362
0.07734464411267362
0.07734464411267362
0.07734464411267362
0.07734464411267362
0.07734464411267362
0.07734464411267362
0.07734464411267362
0.07734464411267362
0.07734464411267362
0.07734464411267362
0.07734464411267362
0.07734464411267362
0.07734464411267362
0.07734464411267362
0.07734464411267362
0.07734464411267362
0.07734464411267362
0.07734464411267362
0.07734464411267362
0.07734464411267362
0.07734464411267362
0.07734464411267362
0.07765544737484537
0.07765544737484537
0.07765544737484537
0.07765544737484537
0.07765544737484537
0.07765544737484537
0.07765544737484537
0.07765544737484537
0.07765544737484537
0.07765544737484537
0.07765544737484537
0.07765544737484537
0.07765544737484537
0.07765544737484537
0.07765544737484537
0.07765544737484537
0.07765544737484537
0.07765544737484537
0.07765544737484537
0.07765544737484537
0.07765544737484537
0.07765544737484537
0.07765544737484537
0.07765544737484537
0.07765544737484537
0.07765544737484537
0.07765544737484537
0.07765544737484537
0.07765544737484537
0.07765544737484537
0.07765544737484537
0.07765544737484537
0.07765544737484537
0.07765544737484537
0.07765544737484537
0.07765544737484537
0.07765544737484537
0.07765544737484537
0.07765544737484537
0.07765544737484537
0.07773221780011993
0.07773221780011993
0.07773221780011993
0.07773221780011993
0.07773221780011993
0.07773221780011993
0.07773221780011993
0.07773221780011993
0.07773221780011993
0.07773221780011993
0.07773221780011993
0.07773221780011993
0.07773221780011993
0.07773221780011993
0.07773221780011993
0.07773221780011993
0.07773221780011993
0.07773221780011993
0.07773221780011993
0.07773221780011993
0.07773221780011993
0.07773221780011993
0.07773221780011993
0.07773221780011993
0.07773221780011993
0.07773221780011993
0.07773221780011993
0.07773221780011993
0.07773221780011993
0.07773221780011993
0.07773221780011993
0.07773221780011993
0.07773221780011993
0.07773221780011993
0.07773221780011993
0.07773221780011993
0.07773221780011993
0.07773221780011993
0.07773221780011993
0.07773221780011993
0.07773221780011993
0.07773221780011993
0.07773221780011993
0.07773221780011993
0.07773221780011993
0.07773221780011993
0.07773221780011993
0.07773221780011993
0.07773221780011993
0.07782284110337377
0.07782284110337377
0.07782284110337377
0.07782284110337377
0.07782284110337377
0.07782284110337377
0.07782284110337377
0.07782284110337377
0.07782284110337377
0.07782284110337377
0.07782284110337377
0.07782284110337377
0.07782284110337377
0.07782284110337377
0.07782284110337377
0.07782284110337377
0.07782284110337377
0.07782284110337377
0.07782284110337377
0.07860431887920176
0.07860431887920176
0.07860431887920176
0.07860431887920176
0.07860431887920176
0.07860431887920176
0.07860431887920176
0.07860431887920176
0.07860431887920176
0.07860431887920176
0.07860431887920176
0.07860431887920176
0.07860431887920176
0.07860431887920176
0.07860431887920176
0.07860431887920176
0.07860431887920176
0.07860431887920176
0.07860431887920176
0.07860431887920176
0.07860431887920176
0.07860431887920176
0.07860431887920176
0.07860431887920176
0.07860431887920176
0.07860431887920176
0.07860431887920176
0.07860431887920176
0.07860431887920176
0.07860431887920176
0.07860431887920176
0.07860431887920176
0.07860431887920176
0.07860431887920176
0.07860431887920176
0.07860431887920176
0.07860431887920176
0.07860431887920176
0.07860431887920176
0.07860431887920176
0.07860431887920176
0.07860431887920176
0.07860431887920176
0.07860431887920176
0.07860431887920176
0.07860431887920176
0.0795660774891544
0.0795660774891544
0.0795660774891544
0.0795660774891544
0.0795660774891544
0.0795660774891544
0.0795660774891544
0.0795660774891544
0.0795660774891544
0.0795660774891544
0.0795660774891544
0.0795660774891544
0.0795660774891544
0.0795660774891544
0.0795660774891544
0.0795660774891544
0.0795660774891544
0.0795660774891544
0.0795660774891544
0.08194992818023952
0.08194992818023952
0.08194992818023952
0.08194992818023952
0.08194992818023952
0.08194992818023952
0.08194992818023952
0.08194992818023952
0.08194992818023952
0.08194992818023952
0.08194992818023952
0.08194992818023952
0.08194992818023952
0.08194992818023952
0.08194992818023952
0.08194992818023952
0.08194992818023952
0.08194992818023952
0.08194992818023952
0.08194992818023952
0.08194992818023952
0.08194992818023952
0.08256310779621374
0.08256310779621374
0.08256310779621374
0.08256310779621374
0.08256310779621374
0.08256310779621374
0.08256310779621374
0.08256310779621374
0.08256310779621374
0.08256310779621374
0.08256310779621374
0.08256310779621374
0.08256310779621374
0.08256310779621374
0.08256310779621374
0.08256310779621374
0.08256310779621374
0.08256310779621374
0.08256310779621374
0.08256310779621374
0.08256310779621374
0.08256310779621374
0.08256310779621374
0.08256310779621374
0.08256310779621374
0.08256310779621374
0.08256310779621374
0.08256310779621374
0.08256310779621374
0.08256310779621374
0.08256310779621374
0.08256310779621374
0.08256310779621374
0.08279479474950881
0.08279479474950881
0.08279479474950881
0.08279479474950881
0.08279479474950881
0.08279479474950881
0.08279479474950881
0.08279479474950881
0.08279479474950881
0.08279479474950881
0.08279479474950881
0.08279479474950881
0.08279479474950881
0.08279479474950881
0.08279479474950881
0.08279479474950881
0.08279479474950881
0.08279479474950881
0.08279479474950881
0.08279479474950881
0.08279479474950881
0.08279479474950881
0.08279479474950881
0.08279479474950881
0.08279479474950881
0.08296403108882867
0.08296403108882867
0.08296403108882867
0.08296403108882867
0.08296403108882867
0.08296403108882867
0.08296403108882867
0.08296403108882867
0.08296403108882867
0.08296403108882867
0.08296403108882867
0.08296403108882867
0.08296403108882867
0.08296403108882867
0.08296403108882867
0.08296403108882867
0.08351454271995737
0.08351454271995737
0.08454358304202113
0.08458920781639118
0.08458920781639118
0.08458920781639118
0.08458920781639118
0.08458920781639118
0.08458920781639118
0.08458920781639118
0.08458920781639118
0.08458920781639118
0.08458920781639118
0.08458920781639118
0.08458920781639118
0.08458920781639118
0.08458920781639118
0.08458920781639118
0.08458920781639118
0.08458920781639118
0.08458920781639118
0.08458920781639118
0.08458920781639118
0.08458920781639118
0.08458920781639118
0.08458920781639118
0.08458920781639118
0.08458920781639118
0.08458920781639118
0.08458920781639118
0.08458920781639118
0.08458920781639118
0.08458920781639118
0.08458920781639118
0.08458920781639118
0.08458920781639118
0.08458920781639118
0.08458920781639118
0.08458920781639118
0.08458920781639118
0.08458920781639118
0.08458920781639118
0.08458920781639118
0.08458920781639118
0.08458920781639118
0.08458920781639118
0.08458920781639118
0.08458920781639118
0.08458920781639118
0.08458920781639118
0.08458920781639118
0.08458920781639118
0.08458920781639118
0.08458920781639118
0.08458920781639118
0.08458920781639118
0.08458920781639118
0.08458920781639118
0.08458920781639118
0.08458920781639118
0.08458920781639118
0.08458920781639118
0.08458920781639118
0.08458920781639118
0.08458920781639118
0.08458920781639118
0.08458920781639118
0.08458920781639118
0.08458920781639118
0.08458920781639118
0.08458920781639118
0.08458920781639118
0.08490410030669716
0.08490410030669716
0.08490410030669716
0.08490410030669716
0.08490410030669716
0.08490410030669716
0.08490410030669716
0.08490410030669716
0.08490410030669716
0.08490410030669716
0.08490410030669716
0.08490410030669716
0.08490410030669716
0.08490410030669716
0.08490410030669716
0.08490410030669716
0.08490410030669716
0.08490410030669716
0.08490410030669716
0.08490410030669716
0.08490410030669716
0.08490410030669716
0.08490410030669716
0.08490410030669716
0.08490410030669716
0.08490410030669716
0.08490410030669716
0.08490410030669716
0.08490410030669716
0.08490410030669716
0.08490410030669716
0.08490410030669716
0.08490410030669716
0.08490410030669716
0.08490410030669716
0.08490410030669716
0.08490410030669716
0.08490410030669716
0.08490410030669716
0.08490410030669716
0.08545781177414957
0.08545781177414957
0.08545781177414957
0.08545781177414957
0.08545781177414957
0.08545781177414957
0.08545781177414957
0.08545781177414957
0.08545781177414957
0.08545781177414957
0.08545781177414957
0.08545781177414957
0.08545781177414957
0.08545781177414957
0.08545781177414957
0.08545781177414957
0.08545781177414957
0.08545781177414957
0.08545781177414957
0.08545781177414957
0.08545781177414957
0.08545781177414957
0.08545781177414957
0.08545781177414957
0.08545781177414957
0.08545781177414957
0.08545781177414957
0.08545781177414957
0.08545781177414957
0.08545781177414957
0.08545781177414957
0.08545781177414957
0.08545781177414957
0.08545781177414957
0.08545781177414957
0.08545781177414957
0.08545781177414957
0.08545781177414957
0.08545781177414957
0.08545781177414957
0.08545781177414957
0.08545781177414957
0.08545781177414957
0.08545781177414957
0.08545781177414957
0.08545781177414957
0.08545781177414957
0.08545781177414957
0.08545781177414957
0.08545781177414957
0.08545781177414957
0.08545781177414957
0.08545781177414957
0.08545781177414957
0.08545781177414957
0.08545781177414957
0.08545781177414957
0.08545781177414957
0.08545781177414957
0.08545781177414957
0.08545781177414957
0.08545781177414957
0.08545781177414957
0.08545781177414957
0.08545781177414957
0.08545781177414957
0.08545781177414957
0.08545781177414957
0.08545781177414957
0.08545781177414957
0.08622179578103545
0.08622179578103545
0.08622179578103545
0.08622179578103545
0.08622179578103545
0.08622179578103545
0.08622179578103545
0.08622179578103545
0.08622179578103545
0.08622179578103545
0.08622179578103545
0.08622179578103545
0.08622179578103545
0.08622179578103545
0.08622179578103545
0.08622179578103545
0.08622179578103545
0.08622179578103545
0.08622179578103545
0.08622179578103545
0.08622179578103545
0.08622179578103545
0.08622179578103545
0.08622179578103545
0.08622179578103545
0.08622179578103545
0.08622179578103545
0.08622179578103545
0.08622179578103545
0.08622179578103545
0.08622179578103545
0.08622179578103545
0.08622179578103545
0.08622179578103545
0.08622179578103545
0.08622179578103545
0.08622179578103545
0.08622179578103545
0.08622179578103545
0.08622179578103545
0.08622179578103545
0.08622179578103545
0.08622179578103545
0.08724116605305729
0.08724116605305729
0.08724116605305729
0.08724116605305729
0.08724116605305729
0.08724116605305729
0.08724116605305729
0.08724116605305729
0.08724116605305729
0.08724116605305729
0.08724116605305729
0.08724116605305729
0.08724116605305729
0.08724116605305729
0.08724116605305729
0.08724116605305729
0.08724116605305729
0.08724116605305729
0.08724116605305729
0.08724116605305729
0.08724116605305729
0.08724116605305729
0.08724116605305729
0.08724116605305729
0.08724116605305729
0.08724116605305729
0.08724116605305729
0.08724116605305729
0.08724116605305729
0.08724116605305729
0.08724116605305729
0.08724116605305729
0.08724116605305729
0.08724116605305729
0.08724116605305729
0.08724116605305729
0.08724116605305729
0.08724116605305729
0.08724116605305729
0.08724116605305729
0.08724116605305729
0.08724116605305729
0.08724116605305729
0.08724116605305729
0.08724116605305729
0.08724116605305729
0.08724116605305729
0.08724116605305729
0.08724116605305729
0.08724116605305729
0.08724116605305729
0.08724116605305729
0.08724116605305729
0.08724116605305729
0.08724116605305729
0.08724116605305729
0.08724116605305729
0.08724116605305729
0.08724116605305729
0.08724116605305729
0.08724116605305729
0.08724116605305729
0.08724116605305729
0.08724116605305729
0.08724116605305729
0.08724116605305729
0.08724116605305729
0.08724116605305729
0.08724116605305729
0.08724116605305729
0.08724116605305729
0.08724116605305729
0.08724116605305729
0.08724116605305729
0.08724116605305729
0.08724116605305729
0.08724116605305729
0.08724116605305729
0.08724116605305729
0.08724116605305729
0.08724116605305729


Results for SA:
Training time: 0.064 seconds.
Optimal instance found after 0.059216896 seconds.
Final optimal solution found: 0.08724116605305729
