-i 1000 -algo sa -opt -problem tsp -alpha .99 
Iterations: 1000
Optimization expirement
Problem set to: tsp
Cooling alpha: 0.99

Training SA
0.0351317353556594
0.035379955414248425
0.0348653197007964
0.035218980101730815
0.03698593959985571
0.03738226497774827
0.03693865206017902
0.0372694621485258
0.037142349908130666
0.037540895160329185
0.036825044991094645
0.036055735292700675
0.03685528471296211
0.03718643827489192
0.03777985734612294
0.03761197299842734
0.037727308515261744
0.03732367259366929
0.03753799568272209
0.039124500128863225
0.03742021579082238
0.03746724770387697
0.03742823201662977
0.037247901191736724
0.03850734065555579
0.039708826851139314
0.03850734065555579
0.0371743571377307
0.036490798774597315
0.03753985036984426
0.03712206887593604
0.03756204442940246
0.038116995339356564
0.03786076298516826
0.03733556385022696
0.037871978013306835
0.037591549300406896
0.03872531850457058
0.03896198808570576
0.03795133194621302
0.037523944228953214
0.03862882282939285
0.03750290647981111
0.0363059565761288
0.03711697156411318
0.03574344269192638
0.03494295397570665
0.035115225374873854
0.03516438252987372
0.03563893561693508
0.03544383320927321
0.03616876005786893
0.035064812858688704
0.034583061522516854
0.03468811867372658
0.03539565031375179
0.03541066025735187
0.035239791149763784
0.03528242953575842
0.035463686329170525
0.03485807910380631
0.03474995780000469
0.03390503140277455
0.03378510032521818
0.03473382235293983
0.034852532789988774
0.03491620978198952
0.03489791582628401
0.03441731589431329
0.03468134061131387
0.03649598039223479
0.03737669875166443
0.03783544191372107
0.03886769171686879
0.03888663208723567
0.04098960987454591
0.04089861338243311
0.04087173791813063
0.039560528822376415
0.03985478932277587
0.03985478932277587
0.040589130226134904
0.0422651256989738
0.043440314506057745
0.04247411296219091
0.04059924461505775
0.040770490771573444
0.039856026330838894
0.04034273613491702
0.03974277544029407
0.03794218700288121
0.03932538171315996
0.036914310779934956
0.03739456289662192
0.0386808492511313
0.03617691268063952
0.038420562212891175
0.03739797173069626
0.03815411201592433
0.03775848628804227
0.03846248218759097
0.03964058510580075
0.03941770095540531
0.039211118207693844
0.04142990412418374
0.04234564586594813
0.041851989917576105
0.04214125161512518
0.042106720448691966
0.041812119939655466
0.040211293290438814
0.0398677432659658
0.039432440981847276
0.03887451319351596
0.038930278367184504
0.03815965786253262
0.03815965786253262
0.03632472216348523
0.03695565704447759
0.037855936791610846
0.03733396359039726
0.03926318780798355
0.038543789679757474
0.04002011050033519
0.04129907902575773
0.04052954810911365
0.040098325213421625
0.039977823659492644
0.03923943153734096
0.03908702612128473
0.039003372541685816
0.03892289755592586
0.03971939544894425
0.03885711895780804
0.03818483775024663
0.03699924257248454
0.03580723800097576
0.03620841968886334
0.036221118234096426
0.03603686861188682
0.03670882272882903
0.03758783177525468
0.03804726702385786
0.03737753754395502
0.037704793569662345
0.0379182899040431
0.038066005866905464
0.03846437719660881
0.03860611274727694
0.03860611274727694
0.03845524170224872
0.03746576399030782
0.03825690177041086
0.03842764707446596
0.038739495640941146
0.03826719896008499
0.038243397448056604
0.036944408880325026
0.036126701598078306
0.03746027462486586
0.03764741141518167
0.03761807492718484
0.037737425638350655
0.038913755430263694
0.03818725768638557
0.037258483492916154
0.03716814621057007
0.03826036497334339
0.037825099017393046
0.03930243962226881
0.03876826219143298
0.037449092785811156
0.038187412094904075
0.03753546631063684
0.037602491645712596
0.037602491645712596
0.03731107150770836
0.03686310858308832
0.03685504924879558
0.03703627036652354
0.036528672151816835
0.036847580595115975
0.037821107171362035
0.037747010996617404
0.037369629991118175
0.036928474958748174
0.03787230268533909
0.03885459430365378
0.03890965824048082
0.03882944232677966
0.03837838835706349
0.03593413936035558
0.035028568308337865
0.03589202343807515
0.03807857360177082
0.0365370416414431
0.035872503836695435
0.03521622836197826
0.035634886769761155
0.03550308181651213
0.03401485344769758
0.03457995795221293
0.037345984574169544
0.03866631245815692
0.037911225440897
0.03737909674776625
0.03733575885581776
0.03632748842964096
0.035789237972719275
0.03646660233625031
0.03665563179036041
0.037729559603946146
0.03832485379156849
0.03720916782170185
0.03716550811839286
0.03617681211479555
0.03685674415991331
0.03598923145097136
0.03530659966416721
0.035248053111585416
0.035642225428423026
0.03630326874857945
0.03564537511438295
0.03744156091030071
0.03732354889723094
0.038326031545149894
0.03893888233808808
0.038617134306714596
0.03708400143337282
0.03849997450347402
0.036360582747409206
0.03652543344764198
0.03664017598551718
0.036738608547150935
0.03738206432578786
0.037700560921512034
0.03747041553051815
0.036194766478183614
0.03686171201749591
0.037024988967473506
0.03664072893512233
0.03609537888279575
0.036474808231873365
0.03650953057283252
0.03634596219336551
0.03552322579438219
0.03558977272636813
0.03522844195396989
0.03487093534248919
0.03578647452210155
0.03490087601113012
0.033903836145816504
0.03385358884399308
0.03425088272606455
0.03429630010199955
0.03590627436285568
0.035719517334027444
0.03449948572321797
0.034567249253776106
0.033719396091231015
0.0337041622119175
0.03337718766168486
0.03345430442652622
0.033552264668103786
0.03426180847631754
0.03510443020911395
0.03379902107934638
0.034091038765398346
0.033345825015121594
0.033309369248729556
0.035223419018964225
0.03539096011761835
0.035585936684457704
0.036676206066900745
0.037700440051745276
0.03766058762008603
0.03730030968407529
0.03640810391269318
0.037118874803644154
0.03746103443330434
0.03780422605426549
0.03651716576957248
0.03690658004095883
0.03693122935350444
0.0357179348159247
0.03606692086518189
0.03628556050358426
0.03678304673654857
0.036724417382547496
0.03716435338153159
0.03610064104974267
0.03478256334212709
0.03424224914427776
0.035294134103335754
0.03576756339859673
0.03602671627435756
0.037318910830190254
0.03783168189927812
0.03643084778677545
0.03658551725075819
0.0378985359688597
0.03731820732152679
0.036697279173580954
0.036962728835252624
0.037459276440468425
0.03778827932789308
0.03736637558130201
0.03794161236136468
0.03737894079847597
0.03720140368538364
0.03782728259096366
0.038019606430829266
0.03816212560511243
0.03630933363767189
0.03660297464275226
0.0367004019048253
0.0371616967079843
0.03710318754538069
0.03657965305737953
0.03673195568667899
0.03711640741295593
0.0366575723812735
0.03902407821164483
0.036932629905679804
0.037227748532094186
0.037313560435466867
0.03663081385964114
0.036177343827509735
0.035720640881379266
0.03621520072738506
0.03579872014297016
0.0365917233984246
0.03680193188571256
0.03613426686510689
0.03523176852110281
0.03603522430691007
0.035794768279791944
0.035919529057615106
0.03482270717440067
0.03556279149648397
0.036095166385838116
0.03573470040025716
0.03520738073125564
0.03527244869993444
0.035317925714085076
0.03534513701547628
0.0349469139337066
0.034425009353673014
0.03531986920043583
0.03467635304965297
0.03523623952282795
0.03549371391856493
0.03621590937468494
0.035913688703387216
0.03636349104702358
0.036125321925121176
0.03620460682497573
0.03652814632890255
0.03484310005317029
0.03501901509808761
0.035244755870383365
0.035320762265026326
0.03493484462103759
0.03554568783852769
0.0348328801636008
0.034904558361878765
0.03490454747634957
0.03490796916221499
0.03515314936542785
0.034289921086207466
0.034289921086207466
0.03466819440191634
0.03549653089403875
0.03560477831876402
0.036297233501218086
0.03616963350067998
0.03740173643131183
0.03724012051472453
0.036680950871813896
0.03607326619096418
0.035638205204944866
0.03614919495221209
0.035498707620060965
0.03562252721976072
0.03680638437324407
0.036801042544228654
0.037135615334943965
0.03624736307658891
0.03796877043164065
0.03675401981781696
0.03610600116936373
0.03630929820608598
0.036360959079987584
0.038638039663485425
0.04132985088691298
0.040762848655207524
0.04171861584485795
0.04508567773068851
0.04709305520654544
0.047648991709218366
0.047432502265224295
0.0476753427099188
0.044184687580756506
0.04617028391097648
0.045420436199852546
0.045681332416229285
0.04523355586679763
0.04518303743582326
0.044114693150701684
0.04316830068701908
0.04219258870764032
0.04268028740523307
0.04402868833430798
0.04381156158849914
0.04346770786813604
0.04071092322484503
0.03983518785824463
0.04018709869841957
0.040183929220151106
0.040183549834704804
0.041085715409641205
0.043270232109159305
0.04274139921700774
0.04309822396118483
0.04325144477889349
0.041319457551315594
0.0439426685198232
0.04407632350325361
0.041525842758500894
0.04140715607857919
0.041183738515639425
0.04230406615705337
0.04370355912661298
0.04311980487002411
0.04555570910796515
0.04405274210084358
0.04400431690197362
0.044861365644459
0.045283669197455204
0.04488683969383345
0.04226083574340412
0.04357072580854916
0.04299399971971899
0.04371521116330144
0.043540390714198025
0.04305570736874947
0.04278763442594308
0.043753135186515926
0.043544802253845646
0.0425520077147934
0.04306690073964155
0.04251198446289454
0.04256081039683357
0.03966154866380298
0.039025650028861505
0.038965225746197145
0.03919245598252051
0.03793325593938665
0.037565157637216934
0.037510820022997
0.039131636019236034
0.03948420913200795
0.03960229660891491
0.03919383015524023
0.038417011183203835
0.037697601469277905
0.037697601469277905
0.03788962648707475
0.037249354210244855
0.038364444914145555
0.039373970943090496
0.03841100633935175
0.039129035316481035
0.03947660468396017
0.03931351338046806
0.039818763277569315
0.03945573677208377
0.03882019194151471
0.03990994988903842
0.0382530750130669
0.0382530750130669
0.03967983438505476
0.038704205765025056
0.039770186717181986
0.03971717337567564
0.039586370162759364
0.03949590425506546
0.039318059726481745
0.041289131823675974
0.03897671479019762
0.03897671479019762
0.0401836126430409
0.04220709050518286
0.04458664019200931
0.043399177912548506
0.0426001473029423
0.04288743765312942
0.042174671236621164
0.041118906195857265
0.041706587054382245
0.04166461520689481
0.04180006049505883
0.04214339861426428
0.041964451444763524
0.04227793357144419
0.043190579947980326
0.04321199066947728
0.0437321065051594
0.043641527452553654
0.04250842330431834
0.040793402759406835
0.03990638936653637
0.037184211765050317
0.037195541304962915
0.037509537297463424
0.03735161447859467
0.037493866375054245
0.03809242391657689
0.03769720009830575
0.03604973540998032
0.036285484235161876
0.03581417013745878
0.03640157246865665
0.03667179816928614
0.03651849420869118
0.03682991803599104
0.03720097515602267
0.03625323330429122
0.036541004774905635
0.03569559411009273
0.03616914327598879
0.036410467197431885
0.0351235058913057
0.03532895960792798
0.036106057927938556
0.036056413790590144
0.038109451139548216
0.038922830059917375
0.03904296297933777
0.03941201350212255
0.04000166641751584
0.03930301965577907
0.03761512939018161
0.03886782481153709
0.038751336804865075
0.037639341648881545
0.03844327595043036
0.03906015156430264
0.03791469820621642
0.037559152232454686
0.03639957317763538
0.03694610952757416
0.03730722901352016
0.03823388615758658
0.039252660881897876
0.039453811368856076
0.03913988613952576
0.039892831126057904
0.03969574243245606
0.04053864834116099
0.03966798493205619
0.04051752165124056
0.039417907622046375
0.03843631084261379
0.03915807211921769
0.038479845868750126
0.03586937341866208
0.03627533725780199
0.03588747799867072
0.035849152597473226
0.03541175196432978
0.03632846966829307
0.03669376295956059
0.03709818699193567
0.03690168025506887
0.03614060975770119
0.03623873307233118
0.03617506261369197
0.036130935300278125
0.03676054613218036
0.03663134576098554
0.03560092071258618
0.0359452325260289
0.036049480350893545
0.036392374995448104
0.03703902117498491
0.037363561365954534
0.037340297859910755
0.03759482821331362
0.036906184314541915
0.03674487665853642
0.03665908158312368
0.03525939715135778
0.033708197029361966
0.0338403622909215
0.034006921888126145
0.033928479591598525
0.034407754513134346
0.034337333062298504
0.03511239422747994
0.03516003756034359
0.035758461317202
0.036501391601424744
0.03653927293806151
0.03636964407823436
0.036414388191525
0.037659008425599966
0.037676162796884204
0.038140695101732736
0.03830284343522102
0.03724905840817807
0.0371689570771596
0.037349973417011795
0.03906105115668293
0.038490165888223106
0.038721452683728515
0.03894904414478252
0.03895113796645622
0.03982364798433184
0.041364167962652645
0.040222927188304655
0.04017377552811438
0.040179770952025226
0.03744656541153707
0.037229215829235524
0.03782161558475771
0.03934441722371187
0.03864728227431385
0.0383733471503985
0.037874276991783085
0.03747701839380355
0.03637544235605385
0.0363716190590638
0.03697635964598498
0.03671123687849777
0.03757498733537924
0.03761834844217732
0.03861353209869137
0.03766280339114866
0.038494839708178304
0.03823637589877585
0.04107987159437028
0.04245258735848526
0.043777935038731335
0.04177326380078057
0.04101138516631258
0.038809368140891386
0.038801710900342935
0.04049561839557002
0.040628149478172414
0.04061241559195538
0.04012420395524896
0.03936149422265512
0.03814773510771093
0.037487498460803854
0.03745831776467479
0.037866389978339986
0.03778069103515476
0.036961493187315925
0.03629416343168583
0.03630926671683547
0.03701285920703907
0.03857158713248247
0.04051946882755276
0.04067479026718708
0.040567378917083674
0.03904372562846041
0.03674823509852801
0.03697189982019003
0.036641800657836544
0.03654945326383279
0.03661781570783508
0.03639652453231188
0.035960079851972526
0.03563825186623517
0.036091917112748555
0.035650410670363425
0.035304085930638184
0.036005600198017865
0.03672084551011826
0.03665992222928572
0.036417460285118
0.037184948168999025
0.039218656123765065
0.04010413606438587
0.04073107780503056
0.039621789941608025
0.038567845881322546
0.03999069403192649
0.03980594642317126
0.039665074601388225
0.03954275322176534
0.03987417632013392
0.03987417632013392
0.039485208717898346
0.03842042533061575
0.037929679419470674
0.037878658649491075
0.03735576233462006
0.03715369971877676
0.03866411069250514
0.039838867871673435
0.04029688354952988
0.040332724259410195
0.04043872986097606
0.04015063490592255
0.04164960052142359
0.041174712405619915
0.0414361446457697
0.044213069773673924
0.04376209835534512
0.04501421187057475
0.04420298668726937
0.04382804011830735
0.044075185881446946
0.042182205481792454
0.04231961515290455
0.04262832892439425
0.04035968687194788
0.04022929015693443
0.039918392570058525
0.03916290643686337
0.03875085318353996
0.039204642309956274
0.036659892374108216
0.037850492627374735
0.036801761449156714
0.037225034682157494
0.03742239885663162
0.03751746632881235
0.036415693597244926
0.03677154706068913
0.03627879829442008
0.03617929284300439
0.03582000702337725
0.03559816093890657
0.035616459181418744
0.03529275497977319
0.0349042103354249
0.03547974039767404
0.03533962174064871
0.035359036847263554
0.035130129575058136
0.035387005606732615
0.03517192379406362
0.0349205273974496
0.03631578849711356
0.03556025319204791
0.03784365583815735
0.03696779049259775
0.03647533274035587
0.03662454816453068
0.036652608787482804
0.037370438235481855
0.03728978135070223
0.037129412459361986
0.037109036081097634
0.03762883475115755
0.03762389493770924
0.03912725121155672
0.03742806013399752
0.03742806013399752
0.03742806013399752
0.037728443322231776
0.03742751037895495
0.03705953615571065
0.03681559247896185
0.036812937328453234
0.03603160803009709
0.036760783374833794
0.03692135586914613
0.03496987413964535
0.03612310557569338
0.037446005948613054
0.03816968726232221
0.03864109601962797
0.038350730031838635
0.03918039297620338
0.03919883164847188
0.03892753375752602
0.039316748434558166
0.03968312436688057
0.03915122051502124
0.038322636323525
0.039316941419496924
0.04062359475654579
0.039155236227413
0.0387386053640658
0.03923773925911492
0.04019057218947177
0.04086110835961323
0.04034050276099888
0.041010317543393245
0.04092443650931855
0.04111361205199347
0.0391883137536103
0.03899095625703053
0.03804706595733256
0.03898090680882618
0.03893547494245596
0.03799460478928357
0.03764516561767764
0.037995820676601566
0.038829222777935726
0.039296181990697336
0.03689275722349306
0.0356081406970282
0.03641939610026188
0.03615208243624005
0.03598537258066593
0.0368214922832477
0.0368647866292395
0.03731847716224344
0.0372998296740804
0.03784443114090808
0.03924717979620995
0.04030673938208427
0.03965870066623626
0.04119440346259298
0.04106936826963966
0.041132650695692115
0.03986532815440625
0.03962717243879843
0.03837163005129092
0.03839136488081341
0.03748665000661609
0.037115597557075206
0.037128941919982464
0.03740790452133527
0.03793360678731661
0.037699355655720565
0.036808271904392634
0.03610265996267156
0.03738030228518621
0.0374031952991008
0.037261331153259705
0.037595542718126915
0.037036108879973086
0.03830403032486379
0.03950937078506043
0.038420173469410714
0.038444593421016374
0.038444593421016374
0.03776851519666162
0.03780647323547152
0.03782569733075728
0.037697638429661916
0.03675126303037504
0.03643239619177804
0.0372084776163351
0.03874037759554917
0.03872891702106364
0.03686715405967932
0.03531648947292729
0.03491031290557305
0.03551010730815686
0.03446748313462942
0.03425999162692279
0.03492842198432725
0.03505985322836407
0.035636473747872856
0.03539890597477443
0.033981895307336515
0.033304456102576756
0.033397314085489925
0.033398226404456915
0.03431088357915565
0.03436435157835897
0.034559375619214926
0.03611632918308774
0.037053557093930434
0.03680130829266211
0.0369873447079387
0.03851186359598065
0.039077620649588175
0.03999345597230467
0.03925189121588087
0.03851590842695956
0.03839455971005154
0.03860040688294388
0.03870895531053597
0.038851527937821914
0.037718617300242695
0.03591092247808756
0.034372468148886115
0.03466396628832279
0.035938063223740664
0.03614854477184915
0.03656776649183448
0.03679054933173627
0.03682138398596441
0.03832603185348152
0.0400581795207558
0.03992288762112004
0.03961056473088303
0.04010668169608617
0.03910347600814161
0.04229546238106796
0.040348569089941104
0.039824770376157004
0.039906599563993284
0.04096237186503401
0.04070658854513214
0.0405814313917359
0.04098589524738781
0.04027552557947271
0.041271886502125196
0.04032471412091506
0.04075248039291747
0.03917797483872832
0.03895237821985825
0.037517225448528625
0.0374433656294278
0.03935674770558116
0.03863092465095267
0.037690861816521246
0.03816898669075687
0.03817085015384056
0.03778476615251376
0.03885502820785356
0.03800042922016723
0.03690921443506463
0.03837264757012408
0.038841297531333835
0.03866470785993538
0.03862284325447418
0.04064851235978181
0.040605210721903665
0.04016100349270909
0.040872253181313045
0.041617561129075956
0.042262979351491356
0.04235570255060204
0.042445511934610575
0.04133221869875312
0.03982109181491804
0.03960174746803642
0.039327997155663645
0.039478776178245335
0.040804234028292224
0.04187127382202359
0.04177760191191645
0.04154907977625726
0.04006043190464366
0.038482583311561236
0.03833128976913712
0.03785788452728309
0.037943427969300815
0.03829936049042916
0.03827769423185642
0.04010786587408616
0.04023144725891111
0.04140871218766834
0.04204789699174486
0.04099438286198329
0.04115282893237256
0.0394384197164891
0.038775609758131616
0.037662093934658386
0.03837396486693145
0.038782439844705745
0.03882441855706041
0.038075624988594625
0.03716756035918026
0.037491521975982996
0.03657203017138629
0.03665297593830053
0.036563524889404474
0.03675558263788075
0.03649283993364004
0.03630746490427764
0.03677341311166757
0.038237534061197544
0.038360379048073365
0.03964235546154918
0.040115390356594706
0.039191051406915214
0.038163582597307205
0.040076700896901
0.04011059077196523
0.038984550577741514
0.039191270555286206
0.03709794999781935
0.03646524517864828
0.03816810805152191
0.03825186743419211
0.03797300123324934
0.03732413376359131
0.039114337012600926
0.039987740433939
0.04036843682948433
0.04036843682948433
0.039858014835657436
0.038732473761472444
0.03882898679375908
0.03933915164481571
0.03771867106797761
0.03821040415296817
0.03933913881407821
0.039393670621843645


Results for SA:
Training time: 0.068 seconds.
Optimal instance found after 0.026208 seconds.
Final optimal solution found: 0.0476753427099188
