-i 1000 -algo sa -opt -problem tsp -alpha .75 
Iterations: 1000
Optimization expirement
Problem set to: tsp
Cooling alpha: 0.75

Training SA
0.03923290798178419
0.03742811280728524
0.03620427235752168
0.037033036793575676
0.03661261736192426
0.03667947322320991
0.03801060674235904
0.03677416285548586
0.036463281639170106
0.036862338209385816
0.038265197468505006
0.03800926251984161
0.03636388240878359
0.03634431820783499
0.03451449876507225
0.03432174123421299
0.03543181210461172
0.03492313821673928
0.035205745529275724
0.035317695687521584
0.035067384880630006
0.03584554712292164
0.03731426017769349
0.03669874218074224
0.03726428281437197
0.03692340440676976
0.03717854279108347
0.03634765106039864
0.03649871740767236
0.03673775111398613
0.03642576279827032
0.03730380190455559
0.037401562202293084
0.03796525663561413
0.03731050481694236
0.036740292616666004
0.03646743970422744
0.03725675461847728
0.036954708317775364
0.03692312963145913
0.03632174858142512
0.03511389581978888
0.03468600919627596
0.03417840432418128
0.03428056474254676
0.03462104928503592
0.03581894018682486
0.03600646407484971
0.036632639026163795
0.03741257123700665
0.03741257123700665
0.03710418157340319
0.036780401925928435
0.037332951124162114
0.03750032969098024
0.03750032969098024
0.03763005456827615
0.03627820892667976
0.03627820892667976
0.03627820892667976
0.036405828605412256
0.036435506046722174
0.03673744020635526
0.0361093279841592
0.03650484467918373
0.03686941350321871
0.03751217804542639
0.03778187941786296
0.03902279332380237
0.03892662418252122
0.03892662418252122
0.03737938117299931
0.037022132591880176
0.03663456532143991
0.036654119410422396
0.036417281594337186
0.036417281594337186
0.036424312384154785
0.03650143125433752
0.03667658870691691
0.03637390191465017
0.036041735190481504
0.03648325459551743
0.03811843328784896
0.03711385060259119
0.03733084925031258
0.03719242290190126
0.03708282303079564
0.03663134657801884
0.037598968486378004
0.037227815558075666
0.03702386022099769
0.03681020833740134
0.03878481951709052
0.038637481570362245
0.03797945522716183
0.03809126666884433
0.03850678609372908
0.03980305732001888
0.040254818303265785
0.039938897716627945
0.038859144982840446
0.037500571545438004
0.03812669025762201
0.036389723776489365
0.03659412585410057
0.03664527974133155
0.03696366644265967
0.037807664119893274
0.03693277384422219
0.03683955816729477
0.03634257020653576
0.03658682334616326
0.03492574811289779
0.03494478840130312
0.03494478840130312
0.03471237065051373
0.03459348662394765
0.03403283767005641
0.03403338466969245
0.03403338466969245
0.03534357566584465
0.03495671697230718
0.03495671697230718
0.035552279293085805
0.03515930771532819
0.035841001020703506
0.035841001020703506
0.035851026665280734
0.035851026665280734
0.035851026665280734
0.035876607776743764
0.03604081652905119
0.03604081652905119
0.03604081652905119
0.03622279863132102
0.03750040708769589
0.03750040708769589
0.037626130484249475
0.037626130484249475
0.03987511961389811
0.04032564340977974
0.04138159439343392
0.04138159439343392
0.04436077490551032
0.04436077490551032
0.044469749261532174
0.044469749261532174
0.044469749261532174
0.044469749261532174
0.044469749261532174
0.04475888575196129
0.04512164008994007
0.04512164008994007
0.04591085130549867
0.04591085130549867
0.04591085130549867
0.045950786924737225
0.045950786924737225
0.04611368910391776
0.04611368910391776
0.0470525028404484
0.0470525028404484
0.0470525028404484
0.0470525028404484
0.0470525028404484
0.0470525028404484
0.0470525028404484
0.04844735575309652
0.04844735575309652
0.04844735575309652
0.04921733393674411
0.04921733393674411
0.04921733393674411
0.04921733393674411
0.04921733393674411
0.04933930992663096
0.04933930992663096
0.04933930992663096
0.04933930992663096
0.04933930992663096
0.04933930992663096
0.04933930992663096
0.04933930992663096
0.04933930992663096
0.04933930992663096
0.04933930992663096
0.04933930992663096
0.04952615670606159
0.04952615670606159
0.04952615670606159
0.04952615670606159
0.04952615670606159
0.04952615670606159
0.04952615670606159
0.05140949784823105
0.05140949784823105
0.05140949784823105
0.05140949784823105
0.05369542357349098
0.05381930626611771
0.05451649890419233
0.05451649890419233
0.05451649890419233
0.05451649890419233
0.05451649890419233
0.05451649890419233
0.05451649890419233
0.05451649890419233
0.05451649890419233
0.05451649890419233
0.05451649890419233
0.05451649890419233
0.05488782590425477
0.05488782590425477
0.05488782590425477
0.055490896452104345
0.055490896452104345
0.055490896452104345
0.055490896452104345
0.055490896452104345
0.055490896452104345
0.055490896452104345
0.05579862141856143
0.05579862141856143
0.05579862141856143
0.05579862141856143
0.05579862141856143
0.05579862141856143
0.05579862141856143
0.05617113464329777
0.05617113464329777
0.05617113464329777
0.05617113464329777
0.05617113464329777
0.05756877433623024
0.05756877433623024
0.05822881405848937
0.05822881405848937
0.05822881405848937
0.058259696935229664
0.058259696935229664
0.058259696935229664
0.058259696935229664
0.058259696935229664
0.058259696935229664
0.058259696935229664
0.058259696935229664
0.058259696935229664
0.058259696935229664
0.058259696935229664
0.058259696935229664
0.058259696935229664
0.058259696935229664
0.058259696935229664
0.05831678589714452
0.05831678589714452
0.05831678589714452
0.05831678589714452
0.060155988609686184
0.060155988609686184
0.060155988609686184
0.060155988609686184
0.06045490007905608
0.06045490007905608
0.06045490007905608
0.06045490007905608
0.06045490007905608
0.06045490007905608
0.06045490007905608
0.06045490007905608
0.06045490007905608
0.06045490007905608
0.06045490007905608
0.06045490007905608
0.06045490007905608
0.06045490007905608
0.06045490007905608
0.06045490007905608
0.06045490007905608
0.06045490007905608
0.06045490007905608
0.06045490007905608
0.06210244042835831
0.06210244042835831
0.06210244042835831
0.06210244042835831
0.06232768231085848
0.06301612774770887
0.06301612774770887
0.06301612774770887
0.06301612774770887
0.06301612774770887
0.06301612774770887
0.06347071197122928
0.06347071197122928
0.06347071197122928
0.06347071197122928
0.06347071197122928
0.06347071197122928
0.06347071197122928
0.06347071197122928
0.06347071197122928
0.06347071197122928
0.06347071197122928
0.06347071197122928
0.06350359034637745
0.06350359034637745
0.06354638563665045
0.06354638563665045
0.06354638563665045
0.06354638563665045
0.06427005912538365
0.06427005912538365
0.06427005912538365
0.06427005912538365
0.06427005912538365
0.06427005912538365
0.06427005912538365
0.06427005912538365
0.06427005912538365
0.06427005912538365
0.06427005912538365
0.06427005912538365
0.06427005912538365
0.06427005912538365
0.06427005912538365
0.06427005912538365
0.06427005912538365
0.06427005912538365
0.06521424431983601
0.06591986931608267
0.06591986931608267
0.06591986931608267
0.06591986931608267
0.06591986931608267
0.06591986931608267
0.06591986931608267
0.06591986931608267
0.06824200041189668
0.06824200041189668
0.06824200041189668
0.06824200041189668
0.06824200041189668
0.06824200041189668
0.06824200041189668
0.06824200041189668
0.06824200041189668
0.06824200041189668
0.06824200041189668
0.06824200041189668
0.06824200041189668
0.06916440922744178
0.06916440922744178
0.06916440922744178
0.06916440922744178
0.06916440922744178
0.06916440922744178
0.06916440922744178
0.06916440922744178
0.06916440922744178
0.06916440922744178
0.06916440922744178
0.07022829006998926
0.07022829006998926
0.07022829006998926
0.07022829006998926
0.07022829006998926
0.07022829006998926
0.07022829006998926
0.07022829006998926
0.07022829006998926
0.07022829006998926
0.07022829006998926
0.07022829006998926
0.07022829006998926
0.07022829006998926
0.07022829006998926
0.07022829006998926
0.07022829006998926
0.07022829006998926
0.07022829006998926
0.07022829006998926
0.07022829006998926
0.07022829006998926
0.07022829006998926
0.07022829006998926
0.07022829006998926
0.07022829006998926
0.07022829006998926
0.07022829006998926
0.07063124669855837
0.07063124669855837
0.07063124669855837
0.07063124669855837
0.07063124669855837
0.07063124669855837
0.07063124669855837
0.07063124669855837
0.07063124669855837
0.07114749643728235
0.07114749643728235
0.07114749643728235
0.07114749643728235
0.07114749643728235
0.07114749643728235
0.07114749643728235
0.07114749643728235
0.07208843497765206
0.07208843497765206
0.07208843497765206
0.07208843497765206
0.07208843497765206
0.07208843497765206
0.07208843497765206
0.07208843497765206
0.07208843497765206
0.07208843497765206
0.07208843497765206
0.07208843497765206
0.07208843497765206
0.07208843497765206
0.07208843497765206
0.07208843497765206
0.07208843497765206
0.07208843497765206
0.07208843497765206
0.07208843497765206
0.07208843497765206
0.07208843497765206
0.07208843497765206
0.07212302958208319
0.07212302958208319
0.07212302958208319
0.07212302958208319
0.07212302958208319
0.07212302958208319
0.07212302958208319
0.07212302958208319
0.07212302958208319
0.07212302958208319
0.07212302958208319
0.07212302958208319
0.07212302958208319
0.07212302958208319
0.07212302958208319
0.07212302958208319
0.07212302958208319
0.07212302958208319
0.07212302958208319
0.07212302958208319
0.07212302958208319
0.07212302958208319
0.07212302958208319
0.07212302958208319
0.07212302958208319
0.07212302958208319
0.07212302958208319
0.07212302958208319
0.07212302958208319
0.07212302958208319
0.07212302958208319
0.07212302958208319
0.07212302958208319
0.07220501458969905
0.07220501458969905
0.07220501458969905
0.07220501458969905
0.07220501458969905
0.07220501458969905
0.07220501458969905
0.07220501458969905
0.07220501458969905
0.07220501458969905
0.07220501458969905
0.07220501458969905
0.07220501458969905
0.07220501458969905
0.07220501458969905
0.07220501458969905
0.07220501458969905
0.07220501458969905
0.07220501458969905
0.07220501458969905
0.07220501458969905
0.07220501458969905
0.07220501458969905
0.07220501458969905
0.07220501458969905
0.07220501458969905
0.07220501458969905
0.07236060765751856
0.07236060765751856
0.07236060765751856
0.07236060765751856
0.07236060765751856
0.07236060765751856
0.07236060765751856
0.07236060765751856
0.07236060765751856
0.07236060765751856
0.07236060765751856
0.07236060765751856
0.07236060765751856
0.07237105518301087
0.07237105518301087
0.07237105518301087
0.07237105518301087
0.07237105518301087
0.07237105518301087
0.07237105518301087
0.07237105518301087
0.07237105518301087
0.07237105518301087
0.07237105518301087
0.07237105518301087
0.07237105518301087
0.07237105518301087
0.07237105518301087
0.07237105518301087
0.07237105518301087
0.07237105518301087
0.07237105518301087
0.07237105518301087
0.07237105518301087
0.07237105518301087
0.07237105518301087
0.07237105518301087
0.07237105518301087
0.07237105518301087
0.07237105518301087
0.07237105518301087
0.07237105518301087
0.07237105518301087
0.07237105518301087
0.07237105518301087
0.07237105518301087
0.07237105518301087
0.07237105518301087
0.07237105518301087
0.07237105518301087
0.07237105518301087
0.07237105518301087
0.07237105518301087
0.07237105518301087
0.07237105518301087
0.07237105518301087
0.07237105518301087
0.0730729746314455
0.0730729746314455
0.0730729746314455
0.0730729746314455
0.0730729746314455
0.0730729746314455
0.0730729746314455
0.0730729746314455
0.0730729746314455
0.0730729746314455
0.0730729746314455
0.0730729746314455
0.0730729746314455
0.0730729746314455
0.0730729746314455
0.0730729746314455
0.0730729746314455
0.0730729746314455
0.0730729746314455
0.0730729746314455
0.0730729746314455
0.0730729746314455
0.0730729746314455
0.0730729746314455
0.0730729746314455
0.0730729746314455
0.0730729746314455
0.0730729746314455
0.0730729746314455
0.0730729746314455
0.0730729746314455
0.0730729746314455
0.0730729746314455
0.0730729746314455
0.0730729746314455
0.0730729746314455
0.0730729746314455
0.0730729746314455
0.0730729746314455
0.0730729746314455
0.0730729746314455
0.07349627639844249
0.07349627639844249
0.07349627639844249
0.07374163784789928
0.07374163784789928
0.07374163784789928
0.07374163784789928
0.07374163784789928
0.07374163784789928
0.07374163784789928
0.07374163784789928
0.07374163784789928
0.07374163784789928
0.07374163784789928
0.07374163784789928
0.07374163784789928
0.07374163784789928
0.07374163784789928
0.07374163784789928
0.07374163784789928
0.07374163784789928
0.07374163784789928
0.07374163784789928
0.07374163784789928
0.07374163784789928
0.07374163784789928
0.07374163784789928
0.07374163784789928
0.07374163784789928
0.07374163784789928
0.07382667185443673
0.07382667185443673
0.07382667185443673
0.07382667185443673
0.07382667185443673
0.07439963598505027
0.07439963598505027
0.07439963598505027
0.07439963598505027
0.07439963598505027
0.07439963598505027
0.07439963598505027
0.07439963598505027
0.07439963598505027
0.07439963598505027
0.07439963598505027
0.07439963598505027
0.07439963598505027
0.07439963598505027
0.07439963598505027
0.07439963598505027
0.07439963598505027
0.07439963598505027
0.07439963598505027
0.07439963598505027
0.07439963598505027
0.07439963598505027
0.07439963598505027
0.07439963598505027
0.07439963598505027
0.07439963598505027
0.07439963598505027
0.07439963598505027
0.07439963598505027
0.07439963598505027
0.07439963598505027
0.07439963598505027
0.07439963598505027
0.07439963598505027
0.07439963598505027
0.07439963598505027
0.07439963598505027
0.07439963598505027
0.07439963598505027
0.07439963598505027
0.07439963598505027
0.07439963598505027
0.07439963598505027
0.07439963598505027
0.07439963598505027
0.07439963598505027
0.07636288743300654
0.07636288743300654
0.07636288743300654
0.07636288743300654
0.07636288743300654
0.07636288743300654
0.07636288743300654
0.07636288743300654
0.07636288743300654
0.07636288743300654
0.07636288743300654
0.07636288743300654
0.07636288743300654
0.07636288743300654
0.07636288743300654
0.07636288743300654
0.07636288743300654
0.07636288743300654
0.07636288743300654
0.07636288743300654
0.07636288743300654
0.07636288743300654
0.07636288743300654
0.07636288743300654
0.07636288743300654
0.07636288743300654
0.07636288743300654
0.07636288743300654
0.07636288743300654
0.07636288743300654
0.07636288743300654
0.07636288743300654
0.07636288743300654
0.07636288743300654
0.07636288743300654
0.07636288743300654
0.07636288743300654
0.07636288743300654
0.07636288743300654
0.07636288743300654
0.07636288743300654
0.07636288743300654
0.07636288743300654
0.07636288743300654
0.07636288743300654
0.07636288743300654
0.07636288743300654
0.07636288743300654
0.07636288743300654
0.07750239656100485
0.07750239656100485
0.07750239656100485
0.07750239656100485
0.07750239656100485
0.07750239656100485
0.07750239656100485
0.07750239656100485
0.07750239656100485
0.07750239656100485
0.07750239656100485
0.07759741252920678
0.07759741252920678
0.07759741252920678
0.07759741252920678
0.07759741252920678
0.07759741252920678
0.07759741252920678
0.07759741252920678
0.07759741252920678
0.07759741252920678
0.07759741252920678
0.07759741252920678
0.07759741252920678
0.07759741252920678
0.07759741252920678
0.07759741252920678
0.07759741252920678
0.07759741252920678
0.07759741252920678
0.07759741252920678
0.07759741252920678
0.07759741252920678
0.07908026806575849
0.07908026806575849
0.07908026806575849
0.07908026806575849
0.07908026806575849
0.07908026806575849
0.07908026806575849
0.07908026806575849
0.07908026806575849
0.07908026806575849
0.07908026806575849
0.07908026806575849
0.07908026806575849
0.07974880200796149
0.07974880200796149
0.07974880200796149
0.07974880200796149
0.07974880200796149
0.07974880200796149
0.07974880200796149
0.07974880200796149
0.07974880200796149
0.08107435424087442
0.08107435424087442
0.08107435424087442
0.08107435424087442
0.08107435424087442
0.08107435424087442
0.08107435424087442
0.08107435424087442
0.08107435424087442
0.08107435424087442
0.08107435424087442
0.08107435424087442
0.08107435424087442
0.08107435424087442
0.08107435424087442
0.08107435424087442
0.08107435424087442
0.08107435424087442
0.08107435424087442
0.08107435424087442
0.08107435424087442
0.08107435424087442
0.08107435424087442
0.08107435424087442
0.08107435424087442
0.08107435424087442
0.08107435424087442
0.08107435424087442
0.08107435424087442
0.0811666079905424
0.0811666079905424
0.0811666079905424
0.08120760557870094
0.08120760557870094
0.08120760557870094
0.08120760557870094
0.08120760557870094
0.08120760557870094
0.08120760557870094
0.08120760557870094
0.08120760557870094
0.08120760557870094
0.08120760557870094
0.08120760557870094
0.08120760557870094
0.08120760557870094
0.08120760557870094
0.08120760557870094
0.08120760557870094
0.08120760557870094
0.08120760557870094
0.08120760557870094
0.08120760557870094
0.08120760557870094
0.08120760557870094
0.08120760557870094
0.08120760557870094
0.08120760557870094
0.08120760557870094
0.08120760557870094
0.08120760557870094
0.08120760557870094
0.08120760557870094
0.08120760557870094
0.08120760557870094
0.08120760557870094
0.08120760557870094
0.08120760557870094
0.08120760557870094
0.08120760557870094
0.08120760557870094
0.08120760557870094
0.08120760557870094
0.08120760557870094
0.08120760557870094
0.08120760557870094
0.08120760557870094
0.08120760557870094
0.08120760557870094
0.08120760557870094
0.08120760557870094
0.08120760557870094
0.08120760557870094
0.08120760557870094
0.08136696278462102
0.08136696278462102
0.08136696278462102
0.08136696278462102
0.08136696278462102
0.08162162871909444
0.08162162871909444
0.08162162871909444
0.08162162871909444
0.08162162871909444
0.08162162871909444
0.08162162871909444
0.08162162871909444
0.08162162871909444
0.08162162871909444
0.08162162871909444
0.08162162871909444
0.08162162871909444
0.08162162871909444
0.08162162871909444
0.08162162871909444
0.08162162871909444
0.08162162871909444
0.08162162871909444
0.08162162871909444
0.08162162871909444
0.08162162871909444
0.08162162871909444
0.08162162871909444
0.08162162871909444
0.08162162871909444
0.08162162871909444
0.08162162871909444
0.08162162871909444
0.08162162871909444
0.08162162871909444
0.08162162871909444
0.08162162871909444
0.08162162871909444
0.08162162871909444
0.08162162871909444
0.08162162871909444
0.08162162871909444
0.08162162871909444
0.08162162871909444
0.08162162871909444
0.08162162871909444
0.08162162871909444
0.08162162871909444
0.08162162871909444
0.08162162871909444
0.08162162871909444
0.08162162871909444
0.08162162871909444
0.08162162871909444
0.08162162871909444
0.08162162871909444
0.08162162871909444
0.08162162871909444
0.08162162871909444
0.08162162871909444
0.08162162871909444
0.08162162871909444
0.08162162871909444
0.08162162871909444
0.08162162871909444
0.08162162871909444
0.08162162871909444
0.08162162871909444
0.08162162871909444
0.08162162871909444
0.08162162871909444
0.08162162871909444
0.0821688843112613
0.0821688843112613
0.0821688843112613
0.0821688843112613
0.0821688843112613
0.0821688843112613
0.0821688843112613
0.0821688843112613
0.0821688843112613
0.0821688843112613
0.0821688843112613
0.0821688843112613
0.0821688843112613
0.0821688843112613
0.0821688843112613
0.0821688843112613
0.08219444734734702
0.08219444734734702
0.08219444734734702
0.08219444734734702
0.08219444734734702
0.08219444734734702
0.08219444734734702
0.08219444734734702
0.08219444734734702
0.08219444734734702
0.08219444734734702
0.08219444734734702
0.08219444734734702
0.08219444734734702
0.08219444734734702
0.08219444734734702
0.08219444734734702
0.08219444734734702
0.08219444734734702
0.08219444734734702
0.08219444734734702
0.08219444734734702
0.08219444734734702
0.08219444734734702
0.08219444734734702
0.08219444734734702
0.08219444734734702
0.08219444734734702
0.08219444734734702
0.08219444734734702
0.08219444734734702
0.08219444734734702
0.08219444734734702
0.08219444734734702
0.08219444734734702
0.08219444734734702
0.08219444734734702
0.08219444734734702
0.08219444734734702
0.08219444734734702
0.08219444734734702
0.08219444734734702
0.08219444734734702
0.08219444734734702
0.08219444734734702
0.08229802478604582
0.08229802478604582
0.08229802478604582
0.08229802478604582
0.08229802478604582
0.08229802478604582
0.08229802478604582
0.08229802478604582


Results for SA:
Training time: 0.073 seconds.
Optimal instance found after 0.073136896 seconds.
Final optimal solution found: 0.08229802478604582
