-i 1000 -algo sa -opt -problem tsp -alpha .60 
Iterations: 1000
Optimization expirement
Problem set to: tsp
Cooling alpha: 0.6

Training SA
0.03734267172394447
0.03748986285556643
0.04013651274592362
0.03966418847358908
0.03977678794889987
0.03905962085264395
0.038917123159915995
0.03942077625026228
0.03939649999833042
0.039181950170895555
0.04125446812298348
0.041229242149498656
0.04108010735724042
0.03834291622482918
0.0380149861147018
0.03878459670752583
0.039555289776264206
0.039222071536732885
0.039436923418045715
0.040485265242920204
0.041665895260439165
0.04131828837713177
0.03904743739478414
0.03957956569399357
0.03991088760776745
0.04150465942429255
0.0390344344829014
0.039735756106523315
0.03932682278392567
0.040805434899106756
0.04300007163453842
0.042408644686647706
0.042211574536225975
0.04232727469092928
0.04300251835142052
0.04305087210451924
0.04314406048102331
0.041002633180808136
0.04113620413568257
0.040462986931584385
0.04036656955417353
0.037790661565253354
0.03769604944610534
0.03799715392799536
0.038417762661779355
0.03853848120394385
0.038772583187839285
0.0387966137133819
0.03931228999160655
0.03908428496317177
0.03922040802888479
0.039933399546682326
0.03957440740728582
0.040990302640875796
0.04026607835005676
0.0407428204631983
0.039589329351974345
0.040360237530562636
0.04063049763730191
0.040912673357553185
0.04111432349246371
0.04214830107263264
0.04271466524524012
0.042869552836108105
0.04370373585548481
0.044980574262906046
0.04511072269417179
0.04522569455037491
0.04522569455037491
0.04422421222836687
0.04422421222836687
0.04422421222836687
0.04422421222836687
0.04422421222836687
0.044503646471980816
0.04536153112555526
0.04536153112555526
0.04536153112555526
0.04536153112555526
0.04536153112555526
0.04759270748010205
0.04759270748010205
0.047630777538230695
0.047630777538230695
0.047630777538230695
0.047630777538230695
0.0476893779062554
0.0476893779062554
0.0476893779062554
0.0476893779062554
0.04779214202994392
0.04779214202994392
0.04779214202994392
0.04902182100081126
0.04902182100081126
0.04902182100081126
0.04902182100081126
0.04902182100081126
0.04902182100081126
0.04902182100081126
0.04909492055584588
0.04909492055584588
0.04909492055584588
0.04909492055584588
0.05035163171963973
0.05035163171963973
0.05035163171963973
0.05035163171963973
0.05035163171963973
0.05035163171963973
0.05035163171963973
0.05035163171963973
0.0505845677411751
0.0505845677411751
0.052308752283110424
0.05296686390612195
0.05335263826908662
0.05335263826908662
0.056651325416617965
0.056651325416617965
0.056651325416617965
0.05669911768093776
0.05669911768093776
0.05669911768093776
0.05669911768093776
0.05669911768093776
0.05669911768093776
0.05669911768093776
0.05669911768093776
0.05669911768093776
0.05669911768093776
0.05669911768093776
0.05669911768093776
0.05669911768093776
0.05669911768093776
0.05669911768093776
0.05669911768093776
0.05669911768093776
0.05669911768093776
0.05669911768093776
0.05669911768093776
0.05669911768093776
0.05669911768093776
0.05669911768093776
0.05669911768093776
0.05669911768093776
0.05669911768093776
0.05669911768093776
0.05669911768093776
0.05669911768093776
0.05690900295223665
0.057975880773372845
0.057975880773372845
0.05856383374870985
0.05856383374870985
0.0593494870549011
0.0593494870549011
0.0593494870549011
0.0593494870549011
0.0593494870549011
0.0593494870549011
0.0593494870549011
0.0593494870549011
0.0593494870549011
0.0593494870549011
0.0593494870549011
0.0593494870549011
0.0593494870549011
0.0593494870549011
0.0593494870549011
0.0593494870549011
0.0593494870549011
0.0593494870549011
0.0593494870549011
0.0593494870549011
0.060275003621159624
0.060275003621159624
0.06042859875312858
0.06042859875312858
0.06042859875312858
0.06042859875312858
0.06042859875312858
0.06042859875312858
0.06042859875312858
0.06042859875312858
0.06042859875312858
0.06042859875312858
0.06042859875312858
0.06042859875312858
0.06042859875312858
0.06042859875312858
0.06042859875312858
0.06042859875312858
0.060487750105428575
0.060487750105428575
0.060487750105428575
0.060487750105428575
0.060487750105428575
0.060487750105428575
0.060487750105428575
0.060487750105428575
0.060487750105428575
0.060487750105428575
0.060487750105428575
0.06052951851239931
0.06052951851239931
0.06052951851239931
0.06052951851239931
0.06052951851239931
0.06052951851239931
0.06052951851239931
0.060640455139399786
0.060640455139399786
0.060640455139399786
0.060640455139399786
0.060640455139399786
0.060640455139399786
0.060640455139399786
0.060640455139399786
0.060640455139399786
0.06118077567047925
0.06118077567047925
0.06118077567047925
0.06118077567047925
0.06118077567047925
0.06118077567047925
0.06118077567047925
0.06118077567047925
0.06118077567047925
0.06118077567047925
0.06118077567047925
0.06118077567047925
0.06118077567047925
0.06118077567047925
0.06118077567047925
0.06118077567047925
0.06118077567047925
0.06118077567047925
0.06118077567047925
0.06118077567047925
0.06118077567047925
0.06118077567047925
0.06118077567047925
0.06118077567047925
0.06118077567047925
0.06118077567047925
0.06118077567047925
0.06118077567047925
0.06118077567047925
0.06118077567047925
0.06118077567047925
0.06118077567047925
0.06118077567047925
0.06118077567047925
0.06177390345218628
0.06234008120760576
0.06234008120760576
0.06234008120760576
0.06234008120760576
0.06234008120760576
0.06322497699601046
0.06322497699601046
0.06322497699601046
0.06322497699601046
0.06322497699601046
0.06322497699601046
0.06322497699601046
0.06322497699601046
0.06322497699601046
0.06322497699601046
0.06322497699601046
0.06322497699601046
0.06322497699601046
0.06322497699601046
0.06322497699601046
0.06322497699601046
0.06322497699601046
0.06322497699601046
0.06322497699601046
0.06322497699601046
0.06322497699601046
0.06322497699601046
0.06322497699601046
0.06322497699601046
0.06322497699601046
0.06322497699601046
0.06322497699601046
0.06322497699601046
0.06322497699601046
0.06322497699601046
0.06322497699601046
0.06322497699601046
0.06322497699601046
0.06322497699601046
0.06322497699601046
0.06322497699601046
0.0634741537036843
0.0634741537036843
0.0634741537036843
0.0634741537036843
0.0634741537036843
0.0634741537036843
0.0634741537036843
0.0634741537036843
0.0634741537036843
0.0634741537036843
0.0634741537036843
0.0634741537036843
0.06482107327769986
0.06482107327769986
0.06482107327769986
0.06482107327769986
0.06488740664528252
0.06488740664528252
0.06488740664528252
0.06488740664528252
0.06488740664528252
0.06488740664528252
0.06488740664528252
0.06488740664528252
0.06488740664528252
0.06488740664528252
0.06488740664528252
0.06488740664528252
0.06488740664528252
0.06488740664528252
0.06488740664528252
0.06488740664528252
0.06488740664528252
0.06488740664528252
0.06488740664528252
0.06488740664528252
0.06488740664528252
0.06488740664528252
0.06488740664528252
0.06488740664528252
0.06488740664528252
0.06488740664528252
0.06488740664528252
0.06488740664528252
0.06488740664528252
0.06488740664528252
0.06488740664528252
0.06592584728036346
0.06592584728036346
0.06592584728036346
0.06592584728036346
0.06592584728036346
0.06592584728036346
0.06592584728036346
0.06592584728036346
0.06592584728036346
0.06592584728036346
0.06592584728036346
0.06592584728036346
0.06592584728036346
0.06592584728036346
0.06592584728036346
0.06592584728036346
0.06661621978601047
0.06661621978601047
0.06661621978601047
0.06661621978601047
0.06661621978601047
0.06661621978601047
0.06661621978601047
0.06661621978601047
0.06661621978601047
0.06661621978601047
0.06661621978601047
0.06661621978601047
0.06661621978601047
0.06661621978601047
0.06680621398213853
0.06680621398213853
0.06680621398213853
0.06680621398213853
0.06680621398213853
0.06680621398213853
0.06680621398213853
0.06680621398213853
0.06680621398213853
0.06680621398213853
0.06680621398213853
0.06680621398213853
0.06680621398213853
0.06680621398213853
0.06680621398213853
0.06680621398213853
0.06729151133425951
0.06729151133425951
0.06729151133425951
0.06729151133425951
0.06729151133425951
0.06729151133425951
0.06729151133425951
0.06729151133425951
0.06729151133425951
0.06729151133425951
0.06729151133425951
0.06729151133425951
0.06729151133425951
0.06741130296808563
0.06741130296808563
0.06741130296808563
0.06741130296808563
0.06747944413650735
0.06747944413650735
0.06747944413650735
0.06747944413650735
0.06747944413650735
0.06747944413650735
0.06747944413650735
0.06747944413650735
0.06747944413650735
0.06747944413650735
0.06747944413650735
0.06747944413650735
0.06747944413650735
0.07075044064366298
0.07075044064366298
0.07075044064366298
0.07075044064366298
0.07075044064366298
0.07075044064366298
0.07075044064366298
0.07075044064366298
0.07075044064366298
0.07075044064366298
0.07075044064366298
0.07075044064366298
0.07075044064366298
0.07075044064366298
0.07075044064366298
0.07075044064366298
0.07075044064366298
0.07075044064366298
0.07075044064366298
0.07075044064366298
0.07075044064366298
0.07244776289830777
0.07244776289830777
0.07244776289830777
0.07244776289830777
0.07329022564457877
0.07329022564457877
0.07329022564457877
0.07329022564457877
0.07329022564457877
0.07329022564457877
0.07329022564457877
0.07329022564457877
0.07329022564457877
0.07329022564457877
0.07329022564457877
0.07329022564457877
0.07329022564457877
0.07329022564457877
0.07329022564457877
0.07329022564457877
0.07329022564457877
0.07329022564457877
0.07329022564457877
0.07329022564457877
0.07329022564457877
0.07329022564457877
0.07329022564457877
0.07329022564457877
0.07329022564457877
0.07329022564457877
0.07329022564457877
0.0733201899287924
0.0733201899287924
0.0733201899287924
0.0733201899287924
0.0733201899287924
0.0733201899287924
0.0733201899287924
0.0733201899287924
0.0733201899287924
0.0737304389663649
0.0737304389663649
0.0737304389663649
0.0737304389663649
0.0737304389663649
0.0737304389663649
0.0737304389663649
0.0737304389663649
0.0737304389663649
0.0737304389663649
0.0737304389663649
0.0737304389663649
0.0737304389663649
0.0737304389663649
0.0737304389663649
0.0737304389663649
0.0737304389663649
0.0737304389663649
0.0737304389663649
0.0737304389663649
0.0737304389663649
0.0744515552298363
0.0744515552298363
0.0744515552298363
0.0744515552298363
0.07466475280854869
0.07466475280854869
0.07466475280854869
0.07466475280854869
0.07466475280854869
0.07466475280854869
0.07466475280854869
0.07466475280854869
0.07466475280854869
0.07466475280854869
0.07466475280854869
0.07466475280854869
0.07466475280854869
0.07466475280854869
0.07466475280854869
0.07466475280854869
0.07466475280854869
0.07466475280854869
0.07466475280854869
0.07466475280854869
0.07466475280854869
0.07466475280854869
0.07466475280854869
0.07466475280854869
0.07466475280854869
0.07466475280854869
0.07466475280854869
0.07466475280854869
0.07466475280854869
0.07466475280854869
0.07466475280854869
0.07466475280854869
0.07466475280854869
0.07466475280854869
0.07466475280854869
0.07466475280854869
0.07466475280854869
0.074851382047184
0.074851382047184
0.074851382047184
0.074851382047184
0.074851382047184
0.074851382047184
0.074851382047184
0.074851382047184
0.074851382047184
0.074851382047184
0.074851382047184
0.074851382047184
0.074851382047184
0.074851382047184
0.074851382047184
0.074851382047184
0.074851382047184
0.074851382047184
0.074851382047184
0.074851382047184
0.074851382047184
0.074851382047184
0.074851382047184
0.074851382047184
0.074851382047184
0.074851382047184
0.074851382047184
0.074851382047184
0.074851382047184
0.074851382047184
0.074851382047184
0.074851382047184
0.074851382047184
0.074851382047184
0.074851382047184
0.074851382047184
0.074851382047184
0.074851382047184
0.074851382047184
0.074851382047184
0.074851382047184
0.074851382047184
0.074851382047184
0.074851382047184
0.074851382047184
0.074851382047184
0.074851382047184
0.074851382047184
0.074851382047184
0.074851382047184
0.074851382047184
0.074851382047184
0.074851382047184
0.074851382047184
0.074851382047184
0.074851382047184
0.074851382047184
0.074851382047184
0.074851382047184
0.074851382047184
0.074851382047184
0.074851382047184
0.074851382047184
0.074851382047184
0.074851382047184
0.074851382047184
0.074851382047184
0.074851382047184
0.074851382047184
0.074851382047184
0.074851382047184
0.074851382047184
0.074851382047184
0.074851382047184
0.074851382047184
0.074851382047184
0.074851382047184
0.074851382047184
0.074851382047184
0.074851382047184
0.074851382047184
0.074851382047184
0.074851382047184
0.074851382047184
0.074851382047184
0.074851382047184
0.074851382047184
0.074851382047184
0.074851382047184
0.074851382047184
0.074851382047184
0.074851382047184
0.074851382047184
0.074851382047184
0.074851382047184
0.074851382047184
0.074851382047184
0.074851382047184
0.074851382047184
0.07489570016464246
0.07489570016464246
0.07489570016464246
0.07489570016464246
0.07489570016464246
0.07489570016464246
0.07489570016464246
0.07489570016464246
0.07489570016464246
0.07489570016464246
0.07489570016464246
0.07489570016464246
0.07489570016464246
0.07489570016464246
0.07489570016464246
0.0755591021447982
0.0755591021447982
0.0755591021447982
0.0755591021447982
0.07596887150282908
0.07596887150282908
0.07596887150282908
0.07596887150282908
0.07596887150282908
0.07596887150282908
0.07596887150282908
0.07596887150282908
0.07596887150282908
0.07596887150282908
0.07596887150282908
0.07596887150282908
0.07596887150282908
0.07596887150282908
0.07596887150282908
0.07596887150282908
0.07596887150282908
0.07596887150282908
0.07596887150282908
0.07596887150282908
0.07596887150282908
0.07596887150282908
0.07596887150282908
0.07596887150282908
0.07596887150282908
0.07596887150282908
0.07596887150282908
0.07596887150282908
0.07596887150282908
0.07596887150282908
0.07596887150282908
0.07596887150282908
0.07596887150282908
0.07596887150282908
0.07596887150282908
0.07596887150282908
0.07596887150282908
0.07596887150282908
0.07596887150282908
0.07596887150282908
0.07596887150282908
0.07596887150282908
0.07596887150282908
0.07596887150282908
0.07596887150282908
0.07596887150282908
0.07596887150282908
0.07596887150282908
0.07596887150282908
0.07596887150282908
0.07596887150282908
0.07596887150282908
0.07596887150282908
0.07596887150282908
0.07596887150282908
0.07632188739015874
0.07632188739015874
0.07632188739015874
0.07632188739015874
0.07632188739015874
0.07632188739015874
0.07632188739015874
0.07632188739015874
0.07632188739015874
0.07632188739015874
0.07632188739015874
0.07632188739015874
0.07632188739015874
0.07632188739015874
0.07632188739015874
0.07632188739015874
0.07632188739015874
0.07632188739015874
0.07632188739015874
0.07632188739015874
0.07632188739015874
0.07632188739015874
0.07632188739015874
0.07632188739015874
0.07632188739015874
0.07632188739015874
0.07804520348289744
0.07804520348289744
0.07804520348289744
0.07804520348289744
0.07804520348289744
0.07804520348289744
0.07804520348289744
0.07804520348289744
0.07804520348289744
0.07804520348289744
0.0784304589388643
0.0784304589388643
0.0784304589388643
0.0784304589388643
0.0784304589388643
0.0784304589388643
0.0784304589388643
0.0784304589388643
0.0784304589388643
0.0784304589388643
0.0784304589388643
0.0784304589388643
0.0784304589388643
0.0784304589388643
0.0784304589388643
0.0784304589388643
0.0784304589388643
0.0784304589388643
0.0784304589388643
0.0784304589388643
0.0784304589388643
0.0784304589388643
0.0784304589388643
0.0784304589388643
0.0784304589388643
0.0784304589388643
0.0784304589388643
0.0784304589388643
0.0784304589388643
0.0784304589388643
0.0784304589388643
0.0784304589388643
0.0784304589388643
0.0784304589388643
0.0784304589388643
0.0784304589388643
0.0784304589388643
0.0784304589388643
0.0784304589388643
0.0784304589388643
0.07939855851471067
0.07939855851471067
0.07939855851471067
0.07939855851471067
0.07939855851471067
0.07939855851471067
0.07939855851471067
0.07939855851471067
0.07939855851471067
0.07951282670828655
0.07951282670828655
0.07951282670828655
0.07951282670828655
0.07951282670828655
0.07951282670828655
0.08007293016731036
0.08007293016731036
0.08007293016731036
0.08007293016731036
0.08007293016731036
0.08007293016731036
0.08007293016731036
0.08007293016731036
0.08007293016731036
0.08007293016731036
0.0800846112800714
0.0800846112800714
0.0800846112800714
0.0800846112800714
0.0800846112800714
0.0800846112800714
0.0800846112800714
0.0800846112800714
0.0800846112800714
0.0800846112800714
0.0800846112800714
0.0800846112800714
0.0800846112800714
0.0800846112800714
0.0800846112800714
0.0800846112800714
0.0800846112800714
0.0800846112800714
0.08010248823491681
0.08010248823491681
0.08010248823491681
0.08010248823491681
0.08010248823491681
0.08010248823491681
0.08010248823491681
0.08010248823491681
0.08010248823491681
0.08010248823491681
0.08010248823491681
0.08010248823491681
0.08010248823491681
0.08010248823491681
0.08010248823491681
0.08010248823491681
0.08010248823491681
0.08010248823491681
0.08010248823491681
0.08010248823491681
0.08010248823491681
0.08010248823491681
0.08010248823491681
0.08010248823491681
0.08010248823491681
0.08010248823491681
0.08010248823491681
0.08010248823491681
0.08010248823491681
0.08010248823491681
0.08010248823491681
0.08010248823491681
0.08010248823491681
0.08010248823491681
0.08010248823491681
0.08010248823491681
0.08010248823491681
0.08010248823491681
0.08010248823491681
0.08010248823491681
0.08010248823491681
0.08010248823491681
0.08010248823491681
0.08010248823491681
0.08010248823491681
0.08010248823491681
0.08010248823491681
0.08010248823491681
0.08010248823491681
0.08010248823491681
0.08010248823491681
0.08010248823491681
0.08010248823491681
0.08010248823491681
0.08010248823491681
0.08010248823491681
0.08010248823491681
0.08010248823491681
0.08010248823491681
0.08010248823491681
0.08010248823491681
0.08010248823491681
0.08010248823491681
0.08010248823491681
0.08010248823491681
0.08010248823491681
0.08010248823491681
0.08010248823491681
0.08010248823491681
0.08010248823491681
0.08010248823491681
0.08010248823491681
0.08010248823491681
0.08010248823491681
0.08010248823491681
0.08010248823491681
0.08010248823491681
0.08010248823491681
0.08010248823491681
0.08010248823491681
0.08010248823491681
0.08010248823491681
0.08010248823491681
0.08010248823491681
0.08010248823491681
0.08010248823491681
0.08010248823491681
0.08010248823491681
0.08010248823491681
0.08010248823491681
0.08010248823491681
0.08010248823491681
0.08010248823491681
0.08010248823491681
0.08010248823491681
0.08010248823491681
0.08010248823491681
0.08010248823491681
0.08010248823491681
0.08010248823491681
0.08010248823491681
0.08010248823491681
0.08010248823491681
0.08010248823491681
0.08010248823491681
0.08010248823491681
0.08010248823491681
0.08010248823491681
0.08010248823491681
0.08010248823491681
0.08010248823491681
0.08010248823491681
0.08010248823491681
0.08010248823491681
0.08010248823491681
0.08010248823491681
0.08010248823491681
0.08010248823491681
0.08010248823491681
0.08010248823491681
0.08010248823491681
0.08010248823491681
0.08010248823491681
0.08010248823491681
0.08010248823491681
0.08010248823491681
0.08010248823491681
0.08010248823491681
0.08010248823491681
0.08010248823491681
0.08010248823491681
0.08010248823491681
0.08010248823491681
0.08010248823491681
0.08010248823491681
0.08010248823491681
0.08010248823491681
0.08010248823491681
0.08010248823491681
0.08010248823491681
0.08010248823491681
0.08010248823491681
0.08010248823491681
0.08010248823491681
0.08010248823491681
0.08010248823491681
0.08010248823491681
0.08010248823491681
0.08010248823491681
0.08010248823491681
0.08010248823491681
0.08010248823491681
0.08010248823491681
0.08010248823491681
0.08010248823491681
0.08010248823491681
0.08010248823491681
0.08010248823491681
0.08010248823491681
0.08010248823491681
0.08010248823491681
0.08010248823491681
0.08010248823491681
0.08010248823491681
0.08010248823491681
0.08010248823491681


Results for SA:
Training time: 0.069 seconds.
Optimal instance found after 0.057149952 seconds.
Final optimal solution found: 0.08010248823491681
