-i 1000 -algo sa -opt -problem tsp -alpha .05 
Iterations: 1000
Optimization expirement
Problem set to: tsp
Cooling alpha: 0.05

Training SA
0.03504360259564573
0.03558840098467423
0.03732684883827309
0.03546794928677467
0.0360559335697323
0.03457543817525367
0.03469563572566135
0.034799030041674596
0.03496049366419784
0.035077471589440225
0.032952455505918576
0.03351146431398486
0.033487126051259544
0.033487126051259544
0.03375114795345095
0.03445205883806907
0.03458292749081622
0.03582809350827214
0.03582809350827214
0.03594006150819861
0.03594006150819861
0.03594006150819861
0.037324859541655306
0.037439651218331725
0.037439651218331725
0.03793955773737359
0.038169423129036296
0.03832841303965737
0.03832841303965737
0.03832841303965737
0.03832841303965737
0.03832841303965737
0.03832841303965737
0.03832841303965737
0.03832841303965737
0.03832841303965737
0.03832841303965737
0.03832841303965737
0.03991096601846907
0.03991096601846907
0.03991096601846907
0.03991096601846907
0.03991096601846907
0.04045984148663467
0.04045984148663467
0.04045984148663467
0.04045984148663467
0.04190312782969158
0.04190312782969158
0.04266788533358571
0.04266788533358571
0.04266788533358571
0.044506651045538144
0.044506651045538144
0.044506651045538144
0.04452987135828592
0.04452987135828592
0.04452987135828592
0.04467697592864756
0.04467697592864756
0.04467697592864756
0.04467697592864756
0.04526988865622386
0.04526988865622386
0.04526988865622386
0.04526988865622386
0.04526988865622386
0.04526988865622386
0.04646525170296547
0.04646525170296547
0.04670945225189682
0.04733326845168686
0.04733326845168686
0.04733326845168686
0.04733326845168686
0.04844589163869481
0.04941433599820301
0.04941433599820301
0.04941433599820301
0.04983822562105486
0.04983822562105486
0.04983822562105486
0.04983822562105486
0.04983822562105486
0.04983822562105486
0.04983822562105486
0.04983822562105486
0.04983822562105486
0.04983822562105486
0.04983822562105486
0.04983822562105486
0.04983822562105486
0.05044664726090382
0.05044664726090382
0.05044664726090382
0.05044664726090382
0.05044664726090382
0.05044664726090382
0.05044664726090382
0.05044664726090382
0.05044664726090382
0.05044664726090382
0.05044664726090382
0.05044664726090382
0.05044664726090382
0.052281759090058284
0.052281759090058284
0.052281759090058284
0.052281759090058284
0.05245382534703066
0.05245382534703066
0.05261383544725328
0.05261383544725328
0.05261383544725328
0.05261383544725328
0.05261383544725328
0.052966884692169286
0.052966884692169286
0.052966884692169286
0.052966884692169286
0.052966884692169286
0.05426791181053002
0.05426791181053002
0.05426791181053002
0.05426791181053002
0.05426791181053002
0.05426791181053002
0.05426791181053002
0.05426791181053002
0.05426791181053002
0.05426791181053002
0.05426791181053002
0.05426791181053002
0.05426791181053002
0.05426791181053002
0.055489607148326965
0.055499353605220805
0.055499353605220805
0.055499353605220805
0.055499353605220805
0.055499353605220805
0.055499353605220805
0.055499353605220805
0.055499353605220805
0.055499353605220805
0.055499353605220805
0.055499353605220805
0.055499353605220805
0.05624738533772576
0.05624738533772576
0.05624738533772576
0.05624738533772576
0.05624738533772576
0.05640956568654067
0.05640956568654067
0.05662582218419138
0.05662582218419138
0.05662582218419138
0.05662582218419138
0.05662582218419138
0.05662582218419138
0.05662582218419138
0.05662582218419138
0.05662582218419138
0.05662582218419138
0.05662582218419138
0.05662582218419138
0.05719062577400973
0.05719062577400973
0.05719062577400973
0.05719062577400973
0.05719062577400973
0.0572944805039574
0.0572944805039574
0.0572944805039574
0.05774967755720758
0.05774967755720758
0.05774967755720758
0.05774967755720758
0.05774967755720758
0.05774967755720758
0.05774967755720758
0.05774967755720758
0.05774967755720758
0.05774967755720758
0.059233792092523996
0.059233792092523996
0.05927120363295189
0.05927120363295189
0.05927120363295189
0.05927120363295189
0.05927120363295189
0.05927120363295189
0.05927120363295189
0.05927120363295189
0.05927120363295189
0.05927120363295189
0.05927120363295189
0.05927120363295189
0.05927120363295189
0.05971117719483931
0.05971117719483931
0.05971117719483931
0.05971117719483931
0.05971117719483931
0.05971117719483931
0.05971117719483931
0.05971117719483931
0.05971117719483931
0.05971117719483931
0.062179276868226406
0.062179276868226406
0.062179276868226406
0.062179276868226406
0.062179276868226406
0.062179276868226406
0.062179276868226406
0.062179276868226406
0.062179276868226406
0.062179276868226406
0.062179276868226406
0.062179276868226406
0.062179276868226406
0.06299215132567644
0.06299215132567644
0.06299215132567644
0.06299215132567644
0.06299215132567644
0.06299215132567644
0.06299215132567644
0.06299215132567644
0.06299215132567644
0.06299215132567644
0.06299215132567644
0.06299215132567644
0.06299215132567644
0.06299215132567644
0.06299215132567644
0.06299215132567644
0.06299215132567644
0.06299215132567644
0.06299215132567644
0.06299215132567644
0.06299215132567644
0.06299215132567644
0.06299215132567644
0.06299215132567644
0.06299215132567644
0.06299215132567644
0.06299215132567644
0.06299215132567644
0.06299215132567644
0.06299215132567644
0.06299215132567644
0.06299215132567644
0.06299215132567644
0.06299215132567644
0.06299215132567644
0.06299215132567644
0.06299215132567644
0.06299215132567644
0.06299215132567644
0.06299215132567644
0.06299215132567644
0.06299215132567644
0.06299215132567644
0.06319103142580408
0.06319103142580408
0.06319103142580408
0.06319103142580408
0.06319103142580408
0.0641050248887232
0.0641050248887232
0.0641050248887232
0.0641050248887232
0.0641050248887232
0.0641050248887232
0.0641050248887232
0.0641050248887232
0.0641050248887232
0.0641050248887232
0.0641050248887232
0.0641050248887232
0.06587139167320685
0.06587139167320685
0.06587139167320685
0.06587139167320685
0.06587139167320685
0.06587139167320685
0.06587139167320685
0.06587139167320685
0.06678806693769405
0.06678806693769405
0.06678806693769405
0.06678806693769405
0.06678806693769405
0.06678806693769405
0.06678806693769405
0.06688163405997216
0.06688163405997216
0.06688163405997216
0.0674613847849645
0.0674613847849645
0.0674613847849645
0.0674613847849645
0.0674613847849645
0.0674613847849645
0.0674613847849645
0.0674613847849645
0.0674613847849645
0.0674613847849645
0.0674613847849645
0.0674613847849645
0.0674613847849645
0.0674613847849645
0.0674613847849645
0.0674613847849645
0.0674613847849645
0.0674613847849645
0.0674613847849645
0.0674613847849645
0.0674613847849645
0.0674613847849645
0.06770807306936334
0.06770807306936334
0.06770807306936334
0.06770807306936334
0.06770807306936334
0.06770807306936334
0.06770807306936334
0.06770807306936334
0.06770807306936334
0.06770807306936334
0.06770807306936334
0.06770807306936334
0.06770807306936334
0.06770807306936334
0.06770807306936334
0.06770807306936334
0.06770807306936334
0.06770807306936334
0.06770807306936334
0.06770807306936334
0.06770807306936334
0.06770807306936334
0.06770807306936334
0.06770807306936334
0.06770807306936334
0.06770807306936334
0.06770807306936334
0.06770807306936334
0.06770807306936334
0.06770807306936334
0.06770807306936334
0.06770807306936334
0.06770807306936334
0.06770807306936334
0.06770807306936334
0.06770807306936334
0.06770807306936334
0.06770807306936334
0.06770807306936334
0.06770807306936334
0.06770807306936334
0.06770807306936334
0.06770807306936334
0.06770807306936334
0.06770807306936334
0.06770807306936334
0.06770807306936334
0.06770807306936334
0.06770807306936334
0.06770807306936334
0.06770807306936334
0.07074269379077328
0.07074269379077328
0.07074269379077328
0.07074269379077328
0.07074269379077328
0.07074269379077328
0.07074269379077328
0.07074269379077328
0.07074269379077328
0.07074269379077328
0.07074269379077328
0.07074269379077328
0.07074269379077328
0.07074269379077328
0.07074269379077328
0.07074269379077328
0.07074269379077328
0.07074269379077328
0.07074269379077328
0.07074269379077328
0.07074269379077328
0.07074269379077328
0.07074269379077328
0.07074269379077328
0.07074269379077328
0.07074269379077328
0.07074269379077328
0.07074269379077328
0.07074269379077328
0.07074269379077328
0.07074269379077328
0.07074269379077328
0.07074269379077328
0.07074269379077328
0.07074269379077328
0.07074269379077328
0.07074269379077328
0.07181451393029525
0.07181451393029525
0.07181451393029525
0.07181451393029525
0.07181451393029525
0.07181451393029525
0.07181451393029525
0.07181451393029525
0.07202004643143582
0.07202004643143582
0.07202004643143582
0.07202004643143582
0.07202004643143582
0.07202004643143582
0.07202004643143582
0.07202004643143582
0.07202004643143582
0.07202004643143582
0.07202004643143582
0.07202004643143582
0.07202004643143582
0.07202004643143582
0.07401374382822107
0.07401374382822107
0.07401374382822107
0.07401374382822107
0.07401374382822107
0.0749717605580497
0.0749717605580497
0.0749717605580497
0.0749717605580497
0.0749717605580497
0.0749717605580497
0.0749717605580497
0.07559058522318243
0.07559058522318243
0.07559058522318243
0.07559058522318243
0.07559058522318243
0.07559058522318243
0.07559058522318243
0.07559058522318243
0.07559058522318243
0.07559058522318243
0.07559058522318243
0.07559058522318243
0.07559058522318243
0.07559058522318243
0.07559058522318243
0.07559058522318243
0.07559058522318243
0.07559058522318243
0.07559058522318243
0.07559058522318243
0.07559058522318243
0.07559058522318243
0.07559058522318243
0.07658608850151323
0.07658608850151323
0.07658608850151323
0.07658608850151323
0.07658608850151323
0.07658608850151323
0.07658608850151323
0.07658608850151323
0.07658608850151323
0.07658608850151323
0.07658608850151323
0.07658608850151323
0.07797482664731198
0.07797482664731198
0.07797482664731198
0.07797482664731198
0.07797482664731198
0.07797482664731198
0.07797482664731198
0.07797482664731198
0.07797482664731198
0.07797482664731198
0.07797482664731198
0.07797482664731198
0.07797482664731198
0.07797482664731198
0.07797482664731198
0.07797482664731198
0.07797482664731198
0.07797482664731198
0.07797482664731198
0.07797482664731198
0.07797482664731198
0.07797482664731198
0.07797482664731198
0.07797482664731198
0.07797482664731198
0.07797482664731198
0.07797482664731198
0.07797482664731198
0.07797482664731198
0.07797482664731198
0.07797482664731198
0.07797482664731198
0.07797482664731198
0.07797482664731198
0.07797482664731198
0.07797482664731198
0.07797482664731198
0.07797482664731198
0.07797482664731198
0.07797482664731198
0.07797482664731198
0.07797482664731198
0.07797482664731198
0.07797482664731198
0.07797482664731198
0.07797482664731198
0.07797482664731198
0.07797482664731198
0.07797482664731198
0.07797482664731198
0.07797482664731198
0.07797482664731198
0.07797482664731198
0.07797482664731198
0.07797482664731198
0.07797482664731198
0.07797482664731198
0.07797482664731198
0.07797482664731198
0.07797482664731198
0.07797482664731198
0.07797482664731198
0.07797482664731198
0.07797482664731198
0.07797482664731198
0.07797482664731198
0.07797482664731198
0.07797482664731198
0.07797482664731198
0.07797482664731198
0.07797482664731198
0.07797482664731198
0.07797482664731198
0.07878676651669642
0.07878676651669642
0.07878676651669642
0.07878676651669642
0.07878676651669642
0.07878676651669642
0.07878676651669642
0.07878676651669642
0.07878676651669642
0.07878676651669642
0.07878676651669642
0.07878676651669642
0.07878676651669642
0.07878676651669642
0.07878676651669642
0.07878676651669642
0.07878676651669642
0.07878676651669642
0.07878676651669642
0.07878676651669642
0.07878676651669642
0.07878676651669642
0.07878676651669642
0.07878676651669642
0.07878676651669642
0.07878676651669642
0.07878676651669642
0.07878676651669642
0.07878676651669642
0.07878676651669642
0.07878676651669642
0.07878676651669642
0.07878676651669642
0.07878676651669642
0.07878676651669642
0.07878676651669642
0.07878676651669642
0.07878676651669642
0.07878676651669642
0.07878676651669642
0.07878676651669642
0.07878676651669642
0.07878676651669642
0.07878676651669642
0.07878676651669642
0.07878676651669642
0.07878676651669642
0.07878676651669642
0.07878676651669642
0.07878676651669642
0.07878676651669642
0.07878676651669642
0.07878676651669642
0.07878676651669642
0.07878676651669642
0.07878676651669642
0.07878676651669642
0.07878676651669642
0.07878676651669642
0.07878676651669642
0.07878676651669642
0.07878676651669642
0.07878676651669642
0.07878676651669642
0.07878676651669642
0.07878676651669642
0.07878676651669642
0.07878676651669642
0.07878676651669642
0.07878676651669642
0.07878676651669642
0.07878676651669642
0.07878676651669642
0.07878676651669642
0.07878676651669642
0.07878676651669642
0.07878676651669642
0.07878676651669642
0.07878676651669642
0.07878676651669642
0.07878676651669642
0.07878676651669642
0.07878676651669642
0.07878676651669642
0.07878676651669642
0.07878676651669642
0.07878676651669642
0.07878676651669642
0.07878676651669642
0.07878676651669642
0.07878676651669642
0.08085105879308288
0.08085105879308288
0.08085105879308288
0.08085105879308288
0.08085105879308288
0.08085105879308288
0.08085105879308288
0.08085105879308288
0.08085105879308288
0.08085105879308288
0.08085105879308288
0.08085105879308288
0.08085105879308288
0.08085105879308288
0.08085105879308288
0.08210909382914226
0.08210909382914226
0.08210909382914226
0.08210909382914226
0.08210909382914226
0.08210909382914226
0.08210909382914226
0.08210909382914226
0.08210909382914226
0.08210909382914226
0.08210909382914226
0.08210909382914226
0.08210909382914226
0.08210909382914226
0.08210909382914226
0.08210909382914226
0.08210909382914226
0.08210909382914226
0.08319148603937218
0.08319148603937218
0.08319148603937218
0.08319148603937218
0.08319148603937218
0.08319148603937218
0.0839320263408932
0.0839320263408932
0.0839320263408932
0.0839320263408932
0.0839320263408932
0.0839320263408932
0.0839320263408932
0.0839320263408932
0.0839320263408932
0.0839320263408932
0.0839320263408932
0.0839320263408932
0.0839320263408932
0.0839320263408932
0.0839320263408932
0.0839320263408932
0.0839320263408932
0.0839320263408932
0.0839320263408932
0.0839320263408932
0.08466827258686568
0.08466827258686568
0.08466827258686568
0.08466827258686568
0.08466827258686568
0.08466827258686568
0.08466827258686568
0.08466827258686568
0.08466827258686568
0.08466827258686568
0.08466827258686568
0.08466827258686568
0.08466827258686568
0.08466827258686568
0.08466827258686568
0.08466827258686568
0.08466827258686568
0.08466827258686568
0.08466827258686568
0.08466827258686568
0.08466827258686568
0.08466827258686568
0.08466827258686568
0.08466827258686568
0.08466827258686568
0.08466827258686568
0.08466827258686568
0.08466827258686568
0.08466827258686568
0.08466827258686568
0.08466827258686568
0.08466827258686568
0.08466827258686568
0.08466827258686568
0.08761284976749949
0.08761284976749949
0.08761284976749949
0.08761284976749949
0.08761284976749949
0.08761284976749949
0.08761284976749949
0.08761284976749949
0.08761284976749949
0.08761284976749949
0.08761284976749949
0.08761284976749949
0.08761284976749949
0.08761284976749949
0.08761284976749949
0.08761284976749949
0.08761284976749949
0.08761284976749949
0.08761284976749949
0.08761284976749949
0.08761284976749949
0.08761284976749949
0.08761284976749949
0.08761284976749949
0.08761284976749949
0.08761284976749949
0.08761284976749949
0.08761284976749949
0.08761284976749949
0.08761284976749949
0.08761284976749949
0.08761284976749949
0.08761284976749949
0.08899613813025348
0.08899613813025348
0.08899613813025348
0.08899613813025348
0.08899613813025348
0.08899613813025348
0.08899613813025348
0.08899613813025348
0.08899613813025348
0.08899613813025348
0.08899613813025348
0.08899613813025348
0.08899613813025348
0.08899613813025348
0.08899613813025348
0.08899613813025348
0.08899613813025348
0.08899613813025348
0.08899613813025348
0.08899613813025348
0.08899613813025348
0.08899613813025348
0.08899613813025348
0.08899613813025348
0.08899613813025348
0.08899613813025348
0.08899613813025348
0.08899613813025348
0.08899613813025348
0.08899613813025348
0.08899613813025348
0.08899613813025348
0.08899613813025348
0.08899613813025348
0.08899613813025348
0.08899613813025348
0.08899613813025348
0.08899613813025348
0.08899613813025348
0.08899613813025348
0.08899613813025348
0.08899613813025348
0.08899613813025348
0.08899613813025348
0.08899613813025348
0.08899613813025348
0.08899613813025348
0.08899613813025348
0.08899613813025348
0.08899613813025348
0.08899613813025348
0.08899613813025348
0.08899613813025348
0.08899613813025348
0.08899613813025348
0.08899613813025348
0.08899613813025348
0.08899613813025348
0.08899613813025348
0.08899613813025348
0.08899613813025348
0.09084472603185782
0.09084472603185782
0.09084472603185782
0.09084472603185782
0.09084472603185782
0.09140485754039675
0.09140485754039675
0.09140485754039675
0.09140485754039675
0.09140485754039675
0.09140485754039675
0.09140485754039675
0.09140485754039675
0.09140485754039675
0.09140485754039675
0.09140485754039675
0.09140485754039675
0.09140485754039675
0.09140485754039675
0.09140485754039675
0.09140485754039675
0.09140485754039675
0.09140485754039675
0.09140485754039675
0.09140485754039675
0.09140485754039675
0.09140485754039675
0.09140485754039675
0.09140485754039675
0.09140485754039675
0.09140485754039675
0.09140485754039675
0.09140485754039675
0.09140485754039675
0.09140485754039675
0.09140485754039675
0.09140485754039675
0.09140485754039675
0.09140485754039675
0.09140485754039675
0.09140485754039675
0.09140485754039675
0.09140485754039675
0.09140485754039675
0.09140485754039675
0.09140485754039675
0.09140485754039675
0.09140485754039675
0.09140485754039675
0.09140485754039675
0.09140485754039675
0.09140485754039675
0.09140485754039675
0.09140485754039675
0.09140485754039675
0.09140485754039675
0.09140485754039675
0.09379783687909396
0.09379783687909396
0.09379783687909396
0.09379783687909396
0.09379783687909396
0.09379783687909396
0.09379783687909396
0.09379783687909396
0.09379783687909396
0.09379783687909396
0.09379783687909396
0.09379783687909396
0.09379783687909396
0.09379783687909396
0.09379783687909396
0.09379783687909396
0.09379783687909396
0.09379783687909396
0.09379783687909396
0.09379783687909396
0.09456205637508215
0.09456205637508215
0.09456205637508215
0.09456205637508215
0.09456205637508215
0.09456205637508215
0.09456205637508215
0.09456205637508215
0.09456205637508215
0.09456205637508215
0.09456205637508215
0.09456205637508215
0.09456205637508215
0.09456205637508215
0.09520082928852355
0.09520082928852355
0.09520082928852355
0.09520082928852355
0.09520082928852355
0.09520082928852355
0.09520082928852355
0.09520082928852355
0.09520082928852355
0.09520082928852355
0.09733574308762975
0.09733574308762975
0.09733574308762975
0.09733574308762975
0.09733574308762975
0.09733574308762975
0.09733574308762975
0.09733574308762975
0.09733574308762975
0.09733574308762975
0.09733574308762975
0.09733574308762975
0.09733574308762975
0.09733574308762975
0.09733574308762975
0.09733574308762975
0.09733574308762975
0.09733574308762975
0.09733574308762975
0.09733574308762975
0.09733574308762975
0.09733574308762975
0.09733574308762975
0.09733574308762975
0.0978033661709358
0.0978033661709358
0.0978033661709358
0.0978033661709358
0.0978033661709358
0.0978033661709358
0.0978033661709358
0.0978033661709358
0.0978033661709358
0.0978033661709358
0.0978033661709358
0.0978033661709358
0.0978033661709358
0.0978033661709358
0.0978033661709358
0.0978033661709358
0.0978033661709358
0.0978033661709358
0.0978033661709358
0.0978033661709358
0.0978033661709358
0.0978033661709358
0.0978033661709358
0.0978033661709358
0.0978033661709358
0.0978033661709358
0.0978033661709358
0.0978033661709358
0.0978033661709358
0.0978033661709358
0.0978033661709358
0.0978033661709358
0.0978033661709358
0.0978033661709358
0.0978033661709358
0.0978033661709358
0.0978033661709358
0.0978033661709358
0.0978033661709358
0.0978033661709358
0.0978033661709358
0.0978033661709358
0.0978033661709358
0.0978033661709358


Results for SA:
Training time: 0.073 seconds.
Optimal instance found after 0.069857024 seconds.
Final optimal solution found: 0.0978033661709358
