-i 1000 -algo ga -opt -problem tsp -tomutate 50 
Iterations: 1000
Optimization expirement
Problem set to: tsp
toMutate: 50

Training GA
0.05701606167654234
0.059008435245696544
0.06377678470651221
0.06402193380113377
0.06879282278828101
0.06861413305819057
0.07094213941447762
0.07784725038168995
0.07716171363130996
0.07977224768126408
0.08963909553890166
0.09690577805687092
0.09690577805687092
0.09109465607314104
0.09165405609468093
0.07965922385187836
0.0990334765357394
0.07575327047734949
0.09787877609713505
0.10125038659184672
0.10421795926369719
0.10670151264570636
0.10210863160966643
0.12055276897396995
0.11379687639601352
0.09458731999377505
0.09458731999377505
0.09458731999377505
0.09458731999377505
0.12320404856654266
0.13239086330024707
0.12068407897378475
0.10778615772364013
0.10778615772364013
0.11786234788854506
0.12019174441254886
0.09032417268819719
0.1222445147979547
0.09032417268819719
0.09032417268819719
0.12825627510753515
0.12825627510753515
0.12415975646818123
0.13014368353772596
0.13014368353772596
0.1312811695671035
0.1312811695671035
0.1312811695671035
0.1463145856214722
0.1463145856214722
0.13571767408856197
0.13717050938669723
0.14087823664127916
0.14698809933958315
0.14823226196599526
0.15143591284376776
0.15326003874224536
0.15326003874224536
0.15743858613946507
0.1466800899782167
0.14855293237308226
0.15735400055545254
0.15661266143080288
0.15661266143080288
0.15345392809325237
0.15143840335413572
0.1584660750106349
0.12678007892971294
0.15710269501554372
0.1596034950442357
0.15710269501554372
0.15434466796797325
0.1590964283014744
0.11717738235959857
0.11717738235959857
0.15779507605319634
0.15779507605319634
0.1566209410479422
0.1566209410479422
0.1566209410479422
0.16148565716949953
0.16059614067836342
0.1566209410479422
0.15714607272410105
0.15460456228289954
0.1547375218247391
0.15460456228289954
0.14754355364420824
0.14856047081373938
0.14785272745217132
0.14785272745217132
0.14785272745217132
0.1496405566647792
0.14680117452229052
0.14680117452229058
0.14680117452229058
0.1057830154001708
0.08228048479894863
0.08228048479894863
0.08228048479894863
0.145501958166233
0.149423297159317
0.149423297159317
0.13730834965366695
0.1041842510263391
0.08754879062572558
0.14956871540594882
0.1597413002296563
0.1597413002296563
0.1572810406831291
0.15916124876561807
0.16080138826964738
0.16047627230265699
0.16047627230265699
0.160476272302657
0.11897320793693694
0.16080138826964738
0.16080138826964738
0.16080138826964738
0.16018548232344104
0.16051861512191265
0.16051861512191265
0.16080138826964738
0.16080138826964738
0.16080138826964738
0.16080138826964738
0.16113037622200038
0.16080138826964738
0.160406024032127
0.1608173567209969
0.13561419995435506
0.16148114795146734
0.16148114795146734
0.16080138826964738
0.1553592592040259
0.160406024032127
0.1523870887338477
0.160476272302657
0.160476272302657
0.16008321336295453
0.16113037622200038
0.16113037622200038
0.160406024032127
0.16113037622200038
0.11195615100619857
0.11195615100619857
0.09926412257105993
0.09137140954424991
0.16051861512191265
0.16113037622200038
0.13616582916626896
0.13616582916626896
0.1611202113010988
0.1611202113010988
0.1611202113010988
0.16112021130109883
0.16112021130109883
0.16029948211917694
0.15989329622927545
0.16029948211917694
0.15930582678528
0.15930582678528
0.15394288839507092
0.11757346887874709
0.15464562215851385
0.15911054181398582
0.15758309035119838
0.1520109054185688
0.1555327471600599
0.09481920006508356
0.09339558428878501
0.15002811967763396
0.15023209329230067
0.15900883923529693
0.15143453889884276
0.16029948211917694
0.11466733745362345
0.14294213767305555
0.14294213767305555
0.16029948211917694
0.1580768701718291
0.156865314903144
0.15835695107066466
0.15835695107066466
0.15835695107066466
0.1583569510706647
0.1583569510706647
0.1583569510706647
0.09157837920540969
0.08785419395916182
0.08785419395916182
0.16165425140183418
0.13454156404557163
0.13454156404557163
0.13454156404557163
0.16255023442872388
0.16255023442872388
0.15755510104562823
0.15625400223927643
0.15666927428769534
0.15666927428769534
0.15592802751867998
0.15592802751867998
0.16238557379192084
0.12440297034808735
0.15548645219086837
0.15539478573298204
0.15539478573298204
0.15556661701212743
0.15556661701212743
0.10699490204036538
0.1511168392319792
0.1506495150398005
0.15312612335314804
0.14865012644781342
0.1588079337804176
0.15084447051187674
0.16302997904860753
0.1523114335249837
0.08788653510623394
0.1585001576789778
0.1585001576789778
0.12399374148897688
0.15735399973035702
0.16093983995224423
0.15946101074938354
0.15869583950521118
0.15869583950521118
0.15869583950521118
0.15869583950521118
0.1536531673373067
0.14657198096764124
0.14657198096764124
0.14657198096764124
0.14657198096764124
0.14083562450588438
0.14697745823838912
0.14697745823838912
0.14928670902536034
0.14928670902536034
0.15074718277179988
0.15074718277179988
0.13074553766830843
0.15243065552490073
0.15243065552490073
0.16042545045234452
0.16042545045234452
0.16490729342433047
0.10355937758137973
0.10355937758137973
0.0986244494469768
0.09158689044235944
0.09158689044235944
0.15572391189665782
0.1055288818900051
0.15517740949144312
0.15568945379318594
0.15568945379318594
0.1537265119129882
0.14276783153113304
0.1513393955216646
0.15523352065998833
0.15604915740291528
0.15665387384067048
0.08548918841707596
0.08051481100031167
0.08051481100031167
0.15650943823598862
0.12319718487164787
0.1606730715540527
0.1606730715540527
0.15878859513098278
0.15878859513098278
0.15878859513098278
0.16241088766208103
0.16241088766208103
0.1348782544563381
0.1348782544563381
0.15820403436547903
0.15820403436547903
0.08142493394573776
0.08142493394573776
0.11947617984318885
0.11947617984318885
0.09639814306827549
0.15731685675889093
0.1601257693904879
0.08200890835639602
0.07682989887841828
0.07682989887841828
0.1560270022360081
0.15641425831201825
0.15684906462763795
0.15684906462763795
0.15684906462763795
0.157813164207615
0.157813164207615
0.157813164207615
0.14390412993292967
0.1605648222809218
0.1605648222809218
0.16579374366421762
0.16579374366421762
0.129383547427839
0.129383547427839
0.1555737385858773
0.13655423651091822
0.15676547833201832
0.15648172164832302
0.15648172164832302
0.12090493280324346
0.15837515343393627
0.16024101666581633
0.16024101666581636
0.16102573253190214
0.15957232880581612
0.15957232880581612
0.15957232880581612
0.06579156723634297
0.15300178628200317
0.15300178628200317
0.15186090620879955
0.15461067032961798
0.15579864425230258
0.1581848591747591
0.15983373520741648
0.15983373520741648
0.11395887723769715
0.15559056300257812
0.1526572794811674
0.15098439155109436
0.15588946960933014
0.15752560377378108
0.15588946960933014
0.16097260064904534
0.15673533166232126
0.15673533166232126
0.1605678442380743
0.1605678442380743
0.1605678442380743
0.1605678442380743
0.1605678442380743
0.1605678442380743
0.1605678442380743
0.16453970383454616
0.16453970383454616
0.09778942901508052
0.15597073661591548
0.06611674325491187
0.06611674325491187
0.15724725686471636
0.1572472568647164
0.15724725686471638
0.15724725686471638
0.15914689738828908
0.15821459366738738
0.15821459366738738
0.15821459366738738
0.15821459366738738
0.07799481187237772
0.157813164207615
0.15934600745931368
0.15934600745931368
0.11877465560284692
0.16057931444580426
0.16057931444580426
0.15795656900924612
0.16186258466419245
0.14274161247202155
0.14274161247202155
0.14274161247202155
0.16186258466419245
0.14274161247202155
0.14274161247202155
0.14274161247202155
0.15645916844400412
0.16102573253190214
0.16102573253190214
0.13682192416375044
0.16186258466419245
0.16186258466419245
0.1228802401241929
0.14167913067800716
0.15353890019859875
0.13074443666105948
0.15733755249361156
0.15733755249361156
0.12292662494813549
0.12292662494813549
0.15890515295679997
0.15890515295679997
0.15823662026811033
0.16096529214685584
0.1609652921468559
0.15781910752545142
0.11250039165889753
0.14901992082061044
0.15676547833201832
0.1586986479893234
0.15721233465605688
0.11193525170813894
0.15419097682245886
0.15419097682245886
0.1579223203758845
0.1579223203758845
0.1579223203758845
0.15712128990624294
0.12196756617421946
0.15764887976273567
0.15764887976273567
0.103828403902852
0.103828403902852
0.0836550442922834
0.0836550442922834
0.1577145884450876
0.15940497068248605
0.15940497068248605
0.15940497068248605
0.15940497068248605
0.15759515812631109
0.1618184703748583
0.1618184703748583
0.1618184703748583
0.1618184703748583
0.16181847037485833
0.09984169076527731
0.13443023831766857
0.15778513877798384
0.15570318718264978
0.15846527422611634
0.15527660679607103
0.1538717431710621
0.15930098733274456
0.11336853265605196
0.15141016405705895
0.16104875683156591
0.12377451922398731
0.15600275553707296
0.14655398964649652
0.15220847846214397
0.1523280740994148
0.16059509199410998
0.15300158064433161
0.15550903100060742
0.15623444862566904
0.15533989648685773
0.15542908449045054
0.15725916803516254
0.09709832264708675
0.15542908449045054
0.15544793807955665
0.15544793807955665
0.15544793807955665
0.15809482437486913
0.15809482437486913
0.15351034296320307
0.15632555867545683
0.15153627652904184
0.16096529214685584
0.15198837877119833
0.15313071196009426
0.15313071196009426
0.1545365313215167
0.14474071798161664
0.1544786948671898
0.1579582730317345
0.15434309059019663
0.1568457730083315
0.15220847846214397
0.08090448557235098
0.08090448557235098
0.15753846378397315
0.15283053310543313
0.15284872024116072
0.15284872024116072
0.1547653666430372
0.15368052965861595
0.15199650989414704
0.15199650989414704
0.12605122529399782
0.1546659137542045
0.15490680002384408
0.15930098733274456
0.1577898751337045
0.15809482437486913
0.15809482437486913
0.15559962023059276
0.15720076185566503
0.15720076185566503
0.1578961960627377
0.1554954764835984
0.1554954764835984
0.1576404679605196
0.16002023439295374
0.16002023439295374
0.16002023439295374
0.16002023439295374
0.16002023439295374
0.16002023439295374
0.1581848591747591
0.15906273984660316
0.10965145547424901
0.1124095102836158
0.1124095102836158
0.15571323287117983
0.15997493635799936
0.12114536339147781
0.12114536339147781
0.1578903520044496
0.15746450723288571
0.11898487049924716
0.11898487049924716
0.158419549893465
0.158419549893465
0.158419549893465
0.15756956106728595
0.15756956106728595
0.15787529611638978
0.16295626437913208
0.15787529611638978
0.16036858104846366
0.15461067032961795
0.15559612243516457
0.15559612243516457
0.15853677407169464
0.15853677407169464
0.15853677407169464
0.16042103493600365
0.15131621273115042
0.15853677407169464
0.15321419105595363
0.15661707329067132
0.15661707329067132
0.0716996413354484
0.06014945741274628
0.16348893980063567
0.1534081451767626
0.15930098733274456
0.16054340733730169
0.15668343096212875
0.16024101666581633
0.16024101666581633
0.16241088766208103
0.16241088766208103
0.12972173897538894
0.12049378389614222
0.15631014376013488
0.15933002459292744
0.15631831492062306
0.15631831492062306
0.15631831492062306
0.15631831492062306
0.15687327297158804
0.159988570486801
0.15687327297158807
0.14030254207442885
0.15747977506065805
0.15747977506065805
0.15747977506065808
0.15747977506065808
0.15747977506065808
0.15747977506065808
0.15323784667461296
0.10657360208189184
0.16056482228092184
0.16056482228092184
0.11036754095168513
0.15795656900924615
0.15795656900924615
0.1606730715540527
0.16059509199410998
0.16059509199410998
0.16059509199410998
0.15571014043173192
0.1579582730317345
0.15588946960933014
0.15676547833201832
0.15860575532598867
0.15131689552156657
0.1573097140608202
0.15778987513370446
0.13393031146557688
0.15730028401420468
0.15730028401420468
0.15730028401420462
0.15957232880581612
0.16056482228092184
0.1258095123777696
0.15509641766062324
0.1520396633021411
0.1558998760116409
0.11678278438430675
0.15333300323607538
0.15797502260520427
0.13181057647969258
0.13181057647969258
0.15842499003216423
0.15842499003216423
0.10836357977349348
0.15663173189662688
0.15663173189662688
0.13127554783304102
0.15537967238178677
0.16012576939048787
0.14919263148840234
0.15934600745931368
0.15561055637599558
0.15332764517089711
0.15795656900924612
0.16057931444580426
0.1235982128087071
0.10694512522021479
0.15248966389709512
0.15782967943283116
0.11294923545851229
0.15787529611638978
0.15787529611638978
0.1546765437967011
0.15560215603704722
0.158204034365479
0.158204034365479
0.158204034365479
0.11517157655694428
0.15712128990624294
0.15712128990624294
0.15712128990624294
0.11203728799286695
0.11203728799286695
0.084562819495067
0.15713431075879583
0.084562819495067
0.084562819495067
0.1606730715540527
0.1156260988670956
0.1156260988670956
0.09480426802408021
0.09480426802408021
0.1559740116383918
0.13127541332681006
0.15823676102336162
0.13127541332681006
0.13127541332681006
0.13127541332681006
0.12998011060637887
0.15863221131795502
0.15305759366998004
0.15613571918753338
0.15303266395030501
0.1509111888003769
0.15930098733274456
0.158204034365479
0.15820306200841358
0.15820306200841358
0.15820306200841358
0.15417008284434486
0.15417008284434486
0.15417008284434486
0.15719135881194343
0.15668343096212875
0.1543727941710423
0.1543727941710423
0.15471884710625408
0.11859707200698753
0.12453789702281785
0.15389725091771742
0.15389725091771742
0.1538972509177175
0.15398302686270643
0.15826741824973564
0.15826741824973564
0.15826741824973564
0.15913306195812693
0.1581452773903233
0.15853060725727416
0.1581452773903233
0.13835414921922187
0.15889378746250446
0.15889378746250446
0.1556630812503966
0.15304974643594696
0.1618184703748583
0.15549549267599053
0.15742455181665393
0.15998521507303862
0.15684577300833152
0.1546128825532369
0.15474831143620227
0.15712905964558124
0.16012576939048787
0.1534783831071376
0.1534783831071376
0.15665387384067048
0.1573097140608202
0.16002023439295374
0.16002023439295374
0.16002023439295374
0.15743373399430644
0.1574337339943064
0.1574337339943064
0.15725916803516254
0.15725916803516254
0.15725916803516254
0.1608273486289707
0.15867930240457098
0.1528362810338026
0.15432134741799436
0.15394660772855503
0.15616067915180998
0.15600632269278977
0.14918016756761684
0.15442842753033337
0.12402002937084419
0.16104875683156591
0.157354545997509
0.157354545997509
0.157354545997509
0.16056482228092184
0.12150329838259294
0.15442842753033334
0.15474831143620227
0.15753846378397315
0.1500227607583935
0.15998521507303862
0.15998521507303862
0.15998521507303862
0.15479163518500597
0.15479163518500594
0.15279552192815726
0.15474831143620227
0.15603844836173641
0.11873184890297685
0.1527220469895064
0.16054340733730169
0.1601257693904879
0.1551787353986046
0.1551787353986046
0.1551787353986046
0.15530766171046098
0.15930098733274456
0.15930098733274464
0.1584307799713256
0.157754071767812
0.15797077905064674
0.15797077905064671
0.157754071767812
0.15561055637599558
0.15296144716711357
0.15520608854938914
0.15676547833201832
0.16024101666581633
0.1602410166658163
0.1602410166658163
0.1567654783320183
0.15485124223971722
0.11852202793563212
0.16095648932846685
0.15589987601164088
0.15589987601164088
0.1596951339205574
0.12178619843069761
0.12178619843069761
0.09619362229765274
0.1549285932956553
0.1349480182625582
0.157963424077622
0.16012576939048787
0.10734622013503842
0.15710621809047534
0.15710621809047534
0.16095648932846685
0.16095648932846685
0.16465043050139694
0.16095648932846685
0.16303377238609612
0.11885386514964565
0.11885386514964565
0.15665387384067048
0.15665387384067048
0.13792742527208024
0.16303377238609612
0.1498474699009274
0.15226594830372572
0.15184987495565191
0.1580276349978329
0.1580276349978329
0.15934600745931368
0.14318407895589808
0.14318407895589808
0.14318407895589808
0.1589051529568
0.15665387384067048
0.15665387384067048
0.15389725091771744
0.1557680709345734
0.15597073661591546
0.15597073661591546
0.15597073661591546
0.1583117644446222
0.1583117644446222
0.1583117644446222
0.1583117644446222
0.1583117644446222
0.15895327906392087
0.16186258466419245
0.16186258466419245
0.16186258466419245
0.1605969032293512
0.1605969032293512
0.15576253488965025
0.15639670281195756
0.1548983472103288
0.15998521507303862
0.15998521507303862
0.15998521507303862
0.13178610465329904
0.11364684408200292
0.10285648914007234
0.15702898293558426
0.15895327906392087
0.15217398977623445
0.15217398977623445
0.15746485590812712
0.10678019360502644
0.10678019360502644
0.1546765437967011
0.15507461672657116
0.13189728091269518
0.16300546240424588
0.16300546240424588
0.12496259664065029
0.15447449743578084
0.15447449743578084
0.1544744974357809
0.15759515812631109
0.15759515812631109
0.15474831143620227
0.15484156477722533
0.08179329086644897
0.1544744974357809
0.15930098733274456
0.13726929251212486
0.15842520267163063
0.15842520267163063
0.08178658748825476
0.07590466700267248
0.07590466700267248
0.07590466700267248
0.07590466700267248
0.06840809473639006
0.15468475644188054
0.157963424077622
0.158204034365479
0.158204034365479
0.158204034365479
0.158204034365479
0.1553759238351039
0.16137254421977226
0.16137254421977226
0.14821735780511683
0.15912707085531527
0.15789441390417014
0.11658035775395087
0.15754340749963455
0.157963424077622
0.157963424077622
0.12169853432285122
0.12169853432285122
0.12169853432285122
0.12169853432285122
0.12169853432285122
0.1286616392536948
0.10298266064289908
0.1551195055570064
0.15511950555700635
0.1533731804591029
0.13474732006194856
0.15591735908450077
0.15593731158465926
0.10135333769335399
0.15587999464900237
0.12400428189994905
0.12400428189994905
0.15912707085531524
0.09015326882593148
0.15286519943291368
0.1523142286252169
0.15729471309323984
0.1576404679605196
0.11592359035800039
0.1569587014789698
0.16241088766208103
0.16056482228092184
0.16056482228092184
0.11568367673534397
0.09569839443439582
0.09569839443439582
0.11772463820996118
0.11772463820996118
0.09807111811218505
0.15570318718264978
0.15471032309697963
0.15571592591326539
0.15638195102111777
0.1563819510211178
0.1563819510211178
0.15597288547918733
0.16501438645750563
0.16501438645750563
0.15577838528175306
0.15642704060428525
0.08327546396939987
0.1576305079458497
0.1576305079458497
0.15955096103742203
0.16312980807515992
0.16312980807515992
0.157963424077622
0.157963424077622
0.15442842753033334
0.15685590448550468
0.157963424077622
0.1258577297559156
0.16056482228092184
0.16056482228092184
0.16056482228092184
0.16056482228092184
0.16056482228092184
0.16056482228092184
0.16056482228092184
0.16056482228092184
0.16056482228092184
0.16056482228092184
0.16056482228092184
0.16056482228092184
0.159726840000086
0.15868882981639526
0.1589051529568
0.13243492992466563
0.13243492992466563
0.15479481248603139
0.15479481248603139
0.12796898190067355
0.1562512385966132
0.15747977506065805
0.15747977506065805
0.1628990414054264
0.10570770589952527
0.10570770589952527
0.15660089426821133
0.15660089426821133
0.15660089426821133
0.15143943364722942
0.15578817603354841
0.1601257693904879
0.15578817603354841
0.1521840090797681
0.15838522759180373
0.10353342946494411
0.10353342946494411
0.16076238893444533
0.1582178365114113
0.1303391591433306
0.16705627512103008
0.16705627512103008
0.15445668055569617
0.15445668055569617
0.15797502260520427
0.15464898857462042
0.15588946960933014
0.11087496526061705
0.15464898857462042
0.14304291130244098
0.15733586716096282
0.15733586716096282
0.15733586716096282
0.15733586716096282
0.16102573253190214
0.16102573253190214
0.16102573253190214
0.1589051529568
0.15957232880581612
0.1581848591747591
0.15712905964558124
0.15712905964558124
0.15733586716096282
0.15733586716096282
0.15733586716096282
0.15733586716096282
0.15733586716096282
0.15733586716096282
0.16076238893444533
0.16076238893444533
0.1592972081461143
0.1592972081461143
0.1562512385966132
0.156272306015829
0.15398999636519614
0.15339695967153302
0.15339695967153302
0.15200715674852247


Results for GA:
Training time: 0.483 seconds.
Optimal instance found after 0.472601088 seconds.
Final optimal solution found: 0.16705627512103008
